0	4.7671321747275135	4.7671321747275135	4.7671321747275135	0	0	0	0	0	0	0	0	0	0	0	0	0	0	0
1	4.7671321747275135	4.7671321747275135	4.7671321747275135	0	0	0	0	0	0	0	0	0	0	0	0	0	0	0
2	4.7671321747275135	4.7671321747275135	4.7671321747275135	0	0	0	0	0	0	0	0	0	0	0	0	0	0	0
3	4.7671321747275135	4.7671321747275135	4.7671321747275135	0	0	0	0	0	0	0	0	0	0	0	0	0	0	0
4	4.7671321747275135	4.7671321747275135	4.7671321747275135	0	0	0	0	0	0	0	0	0	0	0	0	0	0	0
5	4.7671321747275135	4.7671321747275135	4.7671321747275135	0	0	0	0	0	0	0	0	0	0	0	0	0	0	0
6	4.7671321747275135	4.7671321747275135	4.7671321747275135	0	0	0	0	0	0	0	0	0	0	0	0	0	0	0
7	4.7671321747275135	4.7671321747275135	4.7671321747275135	0	0	0	0	0	0	0	0	0	0	0	0	0	0	0
8	4.7671321747275135	4.7671321747275135	4.7671321747275135	0	0	0	0	0	0	0	0	0	0	0	0	0	0	0
9	4.7671321747275135	4.7671321747275135	4.7671321747275135	0	0	0	0	0	0	0	0	0	0	0	0	0	0	0
10	4.7671321747275135	4.7671321747275135	4.7671321747275135	0	0	0	0	0	0	0	0	0	0	0	0	0	0	0
11	4.7671321747275135	4.7671321747275135	4.7671321747275135	0	0	0	0	0	0	0	0	0	0	0	0	0	0	0
12	4.767132174727513	4.767132174727513	4.7671321747275135	45.59033897326125	50.6462113006082	21.118874112113943	4076.1105052753965	3731.4126164699574	643.0618188978669	0	0	0	0	0.0028976740222492864	0.0003970012854260177	6.862138899656985	6.649490619627645	1.1138972377996712
13	4.7671321747275135	4.7671321747275135	4.7671321747275135	45.59161011814436	50.99028582748474	21.16577805819873	4717.332831305112	4519.060372736855	765.4153942353272	0	0	0	0	0.002354895318446373	0.0003126335988026957	7.941637763369534	7.8478514701729	1.3029902880668098
14	4.7671321747275135	4.7671321747275135	4.7671321747275135	45.59161014885351	51.02318132811024	21.170174312923628	4794.99030193035	4621.240000607118	780.6023319024515	0	0	0	0	0.0023014008351435853	0.00030446887711367104	8.07237424570284	7.993491573916462	1.3258337614984463
15	4.7671321747275135	4.7671321747275135	4.7671321747275135	45.59161014885388	51.02712270060673	21.170708270754115	4804.369289077193	4634.341555974196	782.4781697826884	0	0	0	0	0.0022948765022996398	0.0003034527696907355	8.088163786329146	8.011113489111322	1.3285844783945855
16	4.7671321747275135	4.7671321747275135	4.7671321747275135	45.59161014885389	51.027602106766096	21.1707742239587	4805.489190374412	4635.9993362428195	782.7073420391631	0	0	0	0	0.0022940642692532583	0.00030332343464083524	8.090049142046736	8.01321869528692	1.3289116546769526
17	4.7671321747275135	4.7671321747275135	4.7671321747275135	45.59161014885388	51.0276586577308	21.170782123586577	4805.619251094754	4636.203586527357	782.7346180678692	0	0	0	0	0.0022939673135867473	0.0003033076539840055	8.090268099487195	8.0134629488208	1.3289494568696325
18	4.7671321747275135	4.7671321747275135	4.7671321747275135	45.59161014885388	51.027664668553015	21.170782979242468	4805.632418919141	4636.225721118999	782.7374629188388	0	0	0	0	0.002293956341816056	0.0003033058298761886	8.09029026754093	8.013487596000632	1.328953255134139
19	4.7671321747275135	4.7671321747275135	4.7671321747275135	45.59161014885389	51.02766534245538	21.170783077609194	4805.633839185461	4636.228349946227	782.7377837441667	0	0	0	0	0.002293955068733924	0.0003033056115983385	8.090292658563037	8.013490236070908	1.3289536595146543
20	4.7671321747275135	4.7671321747275135	4.7671321747275135	45.59161014885388	51.02766521726735	21.170783059784586	4805.633527071424	4636.227811986132	782.7377156013386	0	0	0	0	0.0022939552456347446	0.00030330564184522527	8.090292133117854	8.013489650332648	1.3289535695499826
21	4.7671321747275135	4.7671321747275135	4.7671321747275135	45.59161014885388	51.02766512841846	21.170783046968236	4805.633336650073	4636.22748033335	782.737673824085	0	0	0	0	0.0022939554117671515	0.00030330566999410184	8.090291812542583	8.013489293604826	1.3289535147658502
22	4.7671321747275135	4.7671321747275135	4.7671321747275135	45.59161014885388	51.027665084256796	21.17078304058739	4805.633243374694	4636.227316838076	782.7376532987286	0	0	0	0	0.002293955496043451	0.0003033056842501111	8.090291655513292	8.013489119176587	1.3289534879689522
23	4.7671321747275135	4.7671321747275135	4.7671321747275135	45.59161014885388	51.027665084782356	21.17078304064206	4805.633247245286	4636.2273215003115	782.7376540252692	0	0	0	0	0.0022939554984636426	0.00030330568461325305	8.090291662029987	8.013489127047931	1.3289534891592885
24	4.7671321747275135	4.7671321747275135	4.7671321747275135	45.59161014885388	51.02766512999515	21.17078304713224	4805.633348261851	4636.2274943200555	782.7376760037067	0	0	0	0	0.0022939554190277277	0.0003033056710835277	8.090291832092664	8.01348931721886	1.3289535183368595
25	4.7671321747275135	4.7671321747275135	4.7671321747275135	45.59161014885389	51.02766514070848	21.170783048685173	4805.6333695839785	4636.227531773164	782.7376807003543	0	0	0	0	0.002293955396891236	0.0003033056673686149	8.09029186798721	8.013489356990243	1.3289535244546131
26	4.7671321747275135	4.7671321747275135	4.7671321747275135	45.59161014885389	51.02766515020164	21.170783050061793	4805.633388381485	4636.2275648286395	782.7376848430843	0	0	0	0	0.00229395537715208	0.00030330566405778784	8.090291899631696	8.013489392036801	1.3289535298463466
27	4.7671321747275135	4.7671321747275135	4.7671321747275135	45.59161014885389	51.027665158825535	21.170783051312437	4805.633405446808	4636.227594842015	782.7376886042989	0	0	0	0	0.0022939553592047006	0.0003033056610477018	8.090291928360212	8.013489423850908	1.328953534740985
28	4.7671321747275135	4.7671321747275135	4.7671321747275135	45.59161014885388	51.02766516658015	21.170783052437105	4805.633420779947	4636.227621813289	782.7376919839985	0	0	0	0	0.002293955343049098	0.0003033056583383567	8.090291954172756	8.013489452432564	1.3289535391385283
29	4.7671321747275135	4.7671321747275135	4.7671321747275135	45.59161014885388	51.02766517346549	21.1707830534358	4805.633434380903	4636.227645742462	782.7376949821828	0	0	0	0	0.002293955328685272	0.0003033056559297527	8.09029197706933	8.01348947778177	1.3289535430389767
30	4.7671321747275135	4.7671321747275135	4.7671321747275135	45.59161014885388	51.027665179481566	21.170783054308522	4805.633446249674	4636.227666629536	782.737697598852	0	0	0	0	0.0022939553161132223	0.0003033056538218897	8.09029199704993	8.013489499898524	1.3289535464423299
31	4.7671321747275135	4.7671321747275135	4.7671321747275135	45.59161014885388	51.02766518462836	21.170783055055267	4805.633456386263	4636.227684474507	782.7376998340059	0	0	0	0	0.0022939553053329493	0.00030330565201476767	8.09029201411456	8.01348951878283	1.328953549348588
32	4.7671321747275135	4.7671321747275135	4.7671321747275135	45.59161014885388	51.027665188905885	21.170783055676036	4805.633464790668	4636.227699277378	782.7377016876446	0	0	0	0	0.002293955296344453	0.00030330565050838666	8.090292028263221	8.013489534434683	1.3289535517577513
33	4.7671321747275135	4.7671321747275135	4.7671321747275135	45.59161014885388	51.02766519231414	21.170783056170833	4805.633471462888	4636.227711038148	782.7377031597682	0	0	0	0	0.0022939552891477334	0.0003033056493027467	8.090292039495909	8.013489546854087	1.3289535536698194
34	4.7671321747275135	4.7671321747275135	4.7671321747275135	45.59161014885388	51.027665194853114	21.17078305653965	4805.633476402926	4636.227719756817	782.7377042503765	0	0	0	0	0.0022939552837427904	0.0003033056483978477	8.090292047812627	8.013489556041039	1.3289535550847924
35	4.7671321747275135	4.7671321747275135	4.7671321747275135	45.59161014885388	51.02766519652282	21.170783056782497	4805.63347961078	4636.227725433386	782.7377049594696	0	0	0	0	0.0022939552801296242	0.0003033056477936897	8.090292053213371	8.013489561995542	1.3289535560026706
36	4.7671321747275135	4.7671321747275135	4.7671321747275135	45.59161014885388	51.027665197323245	21.170783056899367	4805.63348108645	4636.227728067854	782.7377052870476	0	0	0	0	0.0022939552783082344	0.0003033056474902727	8.090292055698146	8.013489564717592	1.3289535564234536
37	4.7671321747275135	4.7671321747275135	4.7671321747275135	45.59161014885388	51.02766519725441	21.17078305689026	4805.633480829937	4636.227727660221	782.7377052331103	0	0	0	0	0.0022939552782786214	0.0003033056474875967	8.090292055266952	8.013489564207193	1.3289535563471415
38	4.7671321747275135	4.7671321747275135	4.7671321747275135	45.59161014885388	51.027665196316285	21.170783056755184	4805.63347884124	4636.2277242104865	782.7377047976578	0	0	0	0	0.0022939552800407847	0.0003033056477856618	8.090292051919784	8.013489560464341	1.3289535557737344
39	4.7671321747275135	4.7671321747275135	4.7671321747275135	45.59161014885388	51.0276651945089	21.17078305649413	4805.633475120359	4636.227717718652	782.7377039806901	0	0	0	0	0.002293955283594725	0.0003033056483844678	8.090292045656646	8.013489553489041	1.3289535547032323
40	4.7671321747275135	4.7671321747275135	4.7671321747275135	45.59161014885388	51.027665191832234	21.1707830561071	4805.633469667295	4636.227708184716	782.7377027822072	0	0	0	0	0.0022939552889404418	0.00030330564928401487	8.090292036477535	8.01348954328129	1.3289535531356351
41	4.7671321747275135	4.7671321747275135	4.7671321747275135	45.59161014885388	51.0276651882863	21.170783055594097	4805.6334624820465	4636.22769560868	782.7377012022091	0	0	0	0	0.002293955296077935	0.0003033056504843029	8.090292024382455	8.013489529841088	1.328953551070943
42	4.7671321747275135	4.7671321747275135	4.7671321747275135	45.59161014885388	51.027665183871086	21.170783054955116	4805.633453564616	4636.227679990543	782.7376992406959	0	0	0	0	0.002293955305007205	0.00030330565198533196	8.090292009371405	8.013489513168436	1.3289535485091557
43	4.7671321747275135	4.7671321747275135	4.7671321747275135	45.59161014885388	51.0276651785866	21.170783054190164	4805.633442915	4636.227661330305	782.7376968976673	0	0	0	0	0.0022939553157282516	0.000303305653787102	8.090291991444381	8.013489493263332	1.3289535454502734
44	4.7671321747275135	4.7671321747275135	4.7671321747275135	45.59161014885388	51.02766517243285	21.170783053299232	4805.633430533201	4636.227639627966	782.7376941731236	0	0	0	0	0.002293955328241075	0.0003033056558896131	8.090291970601388	8.013489470125778	1.3289535418942962
45	4.7671321747275135	4.7671321747275135	4.7671321747275135	45.59161014885388	51.02766516985313	21.170783052923785	4805.633425665416	4636.227631032616	782.7376930982007	0	0	0	0	0.0022939553339374683	0.0003033056568421384	8.090291962406074	8.013489461088747	1.3289535405010167
46	4.7671321747275135	4.7671321747275135	4.7671321747275135	45.59161014885388	51.02766516888422	21.170783052780994	4805.633424128898	4636.227628258904	782.7376927552673	0	0	0	0	0.002293955336484562	0.0003033056572641463	8.09029195981817	8.013489458293243	1.3289535400657633
47	4.7671321747275135	4.7671321747275135	4.7671321747275135	45.59161014885388	51.027665167988154	21.17078305264894	4805.63342270786	4636.227625693422	782.7376924380935	0	0	0	0	0.002293955338840404	0.00030330565765438117	8.09029195742476	8.013489455708093	1.3289535396632435
48	4.7671321747275135	4.7671321747275135	4.7671321747275135	45.59161014885389	51.02766516716493	21.170783052527618	4805.633421402301	4636.227623336171	782.7376921466796	0	0	0	0	0.002293955341004994	0.000303305658012843	8.090291955225844	8.013489453333296	1.3289535392934573
49	4.7671321747275135	4.7671321747275135	4.7671321747275135	45.59161014885389	51.02766516641456	21.170783052417026	4805.6334202122225	4636.227621187149	782.7376918810255	0	0	0	0	0.002293955342978333	0.0003033056583395319	8.09029195322142	8.013489451168853	1.3289535389564047
50	4.7671321747275135	4.7671321747275135	4.7671321747275135	45.59161014885389	51.02766516573703	21.17078305231717	4805.6334191376245	4636.227619246359	782.737691641131	0	0	0	0	0.0022939553447604206	0.0003033056586344478	8.09029195141149	8.013489449214765	1.3289535386520854
51	4.7671321747275135	4.7671321747275135	4.7671321747275135	45.59161014885389	51.02766516513233	21.170783052228046	4805.633418178506	4636.227617513799	782.7376914269964	0	0	0	0	0.002293955346351256	0.00030330565889759065	8.090291949796054	8.01348944747103	1.3289535383805
52	4.7671321747275135	4.7671321747275135	4.7671321747275135	45.59161014885389	51.027665164600485	21.170783052149652	4805.633417334868	4636.227615989468	782.7376912386216	0	0	0	0	0.00229395534775084	0.00030330565912896053	8.090291948375112	8.013489445937651	1.3289535381416482
53	4.7671321747275135	4.7671321747275135	4.7671321747275135	45.59161014885389	51.02766516414148	21.170783052081994	4805.63341660671	4636.227614673368	782.7376910760064	0	0	0	0	0.0022939553489591726	0.0003033056593285574	8.090291947148664	8.013489444614624	1.3289535379355297
54	4.7671321747275135	4.7671321747275135	4.7671321747275135	45.59161014885389	51.02766516375532	21.17078305202507	4805.6334159940325	4636.227613565498	782.737690939151	0	0	0	0	0.0022939553499762536	0.00030330565949638125	8.090291946116707	8.013489443501953	1.328953537762145
55	4.7671321747275135	4.7671321747275135	4.7671321747275135	45.59161014885389	51.02766516344201	21.170783051978876	4805.633415496835	4636.227612665859	782.7376908280554	0	0	0	0	0.002293955350802083	0.00030330565963243214	8.090291945279247	8.013489442599635	1.3289535376214938
56	4.7671321747275135	4.7671321747275135	4.7671321747275135	45.59161014885389	51.02766516320153	21.170783051943417	4805.633415115118	4636.22761197445	782.7376907427196	0	0	0	0	0.002293955351436661	0.00030330565973670995	8.090291944636279	8.013489441907671	1.3289535375135761
57	4.7671321747275135	4.7671321747275135	4.7671321747275135	45.59161014885389	51.0276651630339	21.17078305191869	4805.63341484888	4636.227611491271	782.7376906831435	0	0	0	0	0.0022939553518799873	0.00030330565980921483	8.090291944187804	8.01348944142606	1.3289535374383923
58	4.7671321747275135	4.7671321747275135	4.7671321747275135	45.59161014885389	51.027665162939115	21.170783051904696	4805.633414698123	4636.227611216323	782.7376906493272	0	0	0	0	0.0022939553521320617	0.0003033056598499467	8.090291943933824	8.013489441154805	1.3289535373959418
59	4.7671321747275135	4.7671321747275135	4.7671321747275135	45.59161014885389	51.027665162917174	21.17078305190143	4805.633414662846	4636.227611149605	782.7376906412705	0	0	0	0	0.002293955352192885	0.00030330565985890555	8.090291943874337	8.013489441093903	1.328953537386225
60	4.7671321747275135	4.7671321747275135	4.7671321747275135	45.59161014885389	51.02766516296808	21.170783051908902	4805.633414743049	4636.227611291117	782.7376906589737	0	0	0	0	0.0022939553520624563	0.0003033056598360914	8.090291944009342	8.013489441243355	1.3289535374092416
61	4.7671321747275135	4.7671321747275135	4.7671321747275135	45.59161014885389	51.02766516309182	21.170783051927106	4805.633414938732	4636.227611640859	782.7376907024367	0	0	0	0	0.0022939553517407766	0.00030330565978150425	8.090291944338844	8.013489441603161	1.328953537464992
62	4.7671321747275135	4.7671321747275135	4.7671321747275135	45.59161014885388	51.027665163288404	21.170783051956043	4805.633415249895	4636.227612198832	782.7376907716593	0	0	0	0	0.002293955351227845	0.0003033056596951441	8.090291944862837	8.013489442173322	1.3289535375534758
63	4.7671321747275135	4.7671321747275135	4.7671321747275135	45.59161014885388	51.027665163557835	21.170783051995713	4805.633415676539	4636.2276129650345	782.7376908666419	0	0	0	0	0.0022939553505236616	0.0003033056595770109	8.090291945581324	8.013489442953837	1.3289535376746933
64	4.7671321747275135	4.7671321747275135	4.7671321747275135	45.59161014885388	51.02766516390011	21.170783052046115	4805.633416218662	4636.227613939468	782.7376909873841	0	0	0	0	0.002293955349628227	0.00030330565942710474	8.090291946494306	8.013489443944705	1.3289535378286443
65	4.7671321747275135	4.7671321747275135	4.7671321747275135	45.59161014885388	51.02766516431523	21.17078305210725	4805.633416876266	4636.227615122131	782.7376911338861	0	0	0	0	0.0022939553485415405	0.0003033056592454256	8.09029194760178	8.013489445145927	1.328953538015329
66	4.7671321747275135	4.7671321747275135	4.7671321747275135	45.59161014885388	51.02766516480319	21.170783052179118	4805.633417649349	4636.227616513025	782.7376913061478	0	0	0	0	0.0022939553472636023	0.00030330565903197344	8.090291948903749	8.013489446557504	1.3289535382347473
67	4.7671321747275135	4.7671321747275135	4.7671321747275135	45.59161014885388	51.02766516536399	21.17078305226172	4805.633418537914	4636.227618112149	782.7376915041692	0	0	0	0	0.002293955345794413	0.00030330565878674827	8.09029195040021	8.013489448179435	1.328953538486899
68	4.7671321747275135	4.7671321747275135	4.7671321747275135	45.591610148853874	51.02766516599764	21.170783052355052	4805.633419541958	4636.227619919503	782.7376917279505	0	0	0	0	0.0022939553441339716	0.00030330565850975006	8.090291952091166	8.013489450011718	1.3289535387717843
69	4.7671321747275135	4.7671321747275135	4.7671321747275135	45.591610148853896	51.02766516650189	21.170783052430032	4805.633420233127	4636.227621179352	782.7376918829534	0	0	0	0	0.002293955342593112	0.0003033056582568441	8.090291953252777	8.013489451247288	1.3289535389652933
70	4.7671321747275135	4.7671321747275135	4.7671321747275135	45.5916101488539	51.02766516669421	21.17078305245868	4805.63342050315	4636.22762168003	782.7376919440231	0	0	0	0	0.002293955341992447	0.0003033056581705446	8.090291953708494	8.013489451716683	1.3289535390401686
71	4.7671321747275135	4.7671321747275135	4.7671321747275135	45.59161014885388	51.02766516660168	21.17078305244462	4805.6334204533105	4636.22762159697	782.737691933314	0	0	0	0	0.0022939553423756585	0.0003033056582579175	8.090291953630476	8.013489451616184	1.3289535390264045
72	4.7671321747275135	4.7671321747275135	4.7671321747275135	45.59161014885388	51.02766516660168	21.17078305244462	4805.6334204533105	4636.22762159697	782.737691933314	0	0	0	0	0.0022939553423756585	0.0003033056582579175	8.090291953630476	8.013489451616184	1.3289535390264045
73	4.7671321747275135	4.7671321747275135	4.7671321747275135	0.001244781359240603	50.056508091750146	20.806442634038	729.4256619166958	4599.0979496973905	777.0611603427641	0	0	0	0	0.003910015045663854	0.0008655956826912991	1.227989329826987	8.014027718512645	1.328365553352932
74	4.7671321747275135	4.7671321747275135	4.7671321747275135	0	44.99094659094199	18.935167693833055	88.28746265227382	4321.237320847869	735.0646092755899	0	0	0	0	0.009071507528402672	0.002478789083183894	0.14863209200733823	7.892407250130028	1.3039405929501486
75	4.7671321747275135	4.767132174727513	4.7671321747275135	0	38.24709988141584	16.54586102425517	10.67700290542746	3732.626159012433	648.6423470938142	0	0	0	0	0.008014625843117152	0.0015443450094478196	0.017974752366053986	7.069537148752563	1.1661005837855427
76	4.7671321747275135	4.7671321747275135	4.7671321747275135	0	36.095015278284215	15.843354667228025	1.2856118583018596	3371.9450124340037	598.2239524690694	0	0	0	0	0.006105825099996332	0.0006834474037186102	0.0021643297277830526	6.29483078976868	1.044610210618576
77	4.7671321747275135	4.7671321747275135	4.7671321747275135	0	35.7371707171747	15.737787929169311	0.15483829392037213	3268.0363985723607	584.5326250576455	0	0	0	0	0.005772732347681245	0.0005447667708556954	0.00026067052848579864	6.04279192752007	1.0071768760181807
78	4.7671321747275135	4.7671321747275135	4.7671321747275135	0	35.685398407187414	15.723764814422017	0.018483188957967453	3246.320490602678	581.827351910354	0	0	0	0	0.00573137078923783	0.0005283312501261841	3111647972727065e-20	5.988965668370057	0.9995713591622902
79	4.7671321747275135	4.7671321747275135	4.7671321747275135	0	35.67817879322084	15.72193740392447	0.0021594964818950325	3242.4107583499504	581.3640687852931	0	0	0	0	0.005726702650179402	0.0005265240553439576	3635515962793799e-21	5.979368339162229	0.9982751225768116
80	4.7671321747275135	4.7671321747275135	4.7671321747275135	0	35.6771965607716	15.72170198218772	0.00023542095994344973	3241.76607161818	581.2910345396309	0	0	0	0	0.005726163054541612	0.0005263192725302638	0	5.977818858330305	0.9980743466276037
81	4.7671321747275135	4.7671321747275135	4.7671321747275135	0	35.67707076615105	15.721673203935795	2280423794345712e-20	3241.669029168723	581.2805006096693	0	0	0	0	0.0057261651875488975	0.000526318302481511	0	5.977594910360413	0.9980465372701223
82	4.7671321747275135	4.7671321747275135	4.7671321747275135	0	35.67705478650134	15.721669708942757	0	3241.6550302311457	581.2790422712559	0	0	0	0	0.005726171210176123	0.0005263196521984484	0	5.977565397594546	0.9980430461290273
83	4.7671321747275135	4.7671321747275135	4.7671321747275135	0	35.67705427061031	15.721669614762488	0	3241.654124000041	581.2789604023586	0	0	0	0	0.005726171608828527	0.0005263197397392975	0	5.977564119840819	0.9980429283672594
84	4.7671321747275135	4.7671321747275135	4.7671321747275135	0	35.67705416471662	15.721669596194516	0	3241.6540452659456	581.2789536749394	0	0	0	0	0.005726172008553803	0.0005263198268062065	0	5.977564036430212	0.9980429212896332
85	4.7671321747275135	4.7671321747275135	4.7671321747275135	0	35.67705422623344	15.721669607424452	0	3241.6541374397666	581.2789620915755	0	0	0	0	0.005726171935686783	0.0005263198114363217	0	5.977564173840784	0.9980429341076898
86	4.7671321747275135	4.7671321747275135	4.7671321747275135	0	35.67705427508764	15.721669616328857	0	3241.6542105181065	581.278968761892	0	0	0	0	0.005726171876785918	0.0005263197989856358	0	5.977564282571739	0.9980429442464342
87	4.7671321747275135	4.7671321747275135	4.7671321747275135	0	35.67705431127926	15.721669622907731	0	3241.6542645009654	581.2789736858888	0	0	0	0	0.005726171831851207	0.0005263197894541486	0	5.977564362623079	0.9980429517058663
88	4.7671321747275135	4.7671321747275135	4.7671321747275135	0	35.67705433480826	15.721669627161074	0	3241.654299388343	581.2789768635661	0	0	0	0	0.005726171800882653	0.0005263197828418602	0	5.977564413994803	0.9980429564859861
89	4.7671321747275135	4.7671321747275135	4.7671321747275135	0	35.67705434567467	15.721669629088886	0	3241.65431518024	581.2789782949237	0	0	0	0	0.005726171783880253	0.0005263197791487706	0	5.977564436686911	0.9980429585867935
90	4.7671321747275135	4.7671321747275135	4.7671321747275135	0	35.677054343878474	15.721669628691169	0	3241.6543118766554	581.2789779799617	0	0	0	0	0.005726171780844009	0.0005263197783748799	0	5.977564430699402	0.9980429580082886
91	4.7671321747275135	4.7671321747275135	4.7671321747275135	0	35.67705432941968	15.721669625967918	0	3241.65428947759	581.2789759186801	0	0	0	0	0.005726171791773919	0.0005263197805201879	0	5.977564396032277	0.9980429547504713
92	4.7671321747275135	4.7671321747275135	4.7671321747275135	0	35.67705430229829	15.721669620919137	0	3241.6542479830428	581.2789721110789	0	0	0	0	0.0057261718166699855	0.0005263197855846947	0	5.977564332685536	0.9980429488133418
93	4.7671321747275135	4.7671321747275135	4.7671321747275135	0	35.677054291223406	15.721669618892276	0	3241.654231512519	581.2789706053238	0	0	0	0	0.0057261718297119645	0.000526319788323627	0	5.977564308011003	0.9980429465086283
94	4.7671321747275135	4.7671321747275135	4.7671321747275135	0	35.67705428804934	15.72166961833961	0	3241.65422720729	581.2789702162733	0	0	0	0	0.005726171835840748	0.0005263197896647446	0	5.97756430194659	0.998042945948629
95	4.7671321747275135	4.7671321747275135	4.7671321747275135	0	35.67705428501471	15.721669617811212	0	3241.6542230922087	581.2789698444125	0	0	0	0	0.005726171841703291	0.0005263197909476141	0	5.977564296150884	0.9980429454134517
96	4.7671321747275135	4.7671321747275135	4.7671321747275135	0	35.677054282119514	15.721669617307086	0	3241.6542191672747	581.2789694897414	0	0	0	0	0.0057261718472995955	0.0005263197921722354	0	5.977564290623886	0.9980429449030965
97	4.7671321747275135	4.7671321747275135	4.7671321747275135	0	35.67705427936375	15.72166961682723	0	3241.6542154324884	581.2789691522601	0	0	0	0	0.00572617185262966	0.0005263197933386085	0	5.977564285365594	0.9980429444175635
98	4.7671321747275135	4.7671321747275135	4.7671321747275135	0	35.67705427674741	15.721669616371642	0	3241.65421188785	581.2789688319685	0	0	0	0	0.005726171857693485	0.0005263197944467335	0	5.97756428037601	0.9980429439568524
99	4.7671321747275135	4.7671321747275135	4.7671321747275135	0	35.67705427427052	15.721669615940323	0	3241.654208533359	581.2789685288667	0	0	0	0	0.005726171862491071	0.0005263197954966102	0	5.977564275655133	0.9980429435209635
100	4.7671321747275135	4.7671321747275135	4.7671321747275135	0	35.677054271933045	15.721669615533276	0	3241.6542053690155	581.2789682429546	0	0	0	0	0.005726171867022418	0.0005263197964882389	0	5.977564271202962	0.9980429431098967
101	4.7671321747275135	4.7671321747275135	4.7671321747275135	0	35.67705426973501	15.721669615150498	0	3241.6542023948195	581.2789679742324	0	0	0	0	0.005726171871287525	0.0005263197974216193	0	5.9775642670195	0.9980429427236519
102	4.7671321747275135	4.7671321747275135	4.7671321747275135	0	35.677054267676404	15.72166961479199	0	3241.6541996107712	581.2789677226999	0	0	0	0	0.005726171875286392	0.0005263197982967516	0	5.977564263104743	0.9980429423622293
103	4.7671321747275135	4.7671321747275135	4.7671321747275135	0	35.677054265757235	15.721669614457753	0	3241.65419701687	581.2789674883572	0	0	0	0	0.005726171879019021	0.0005263197991136358	0	5.977564259458695	0.9980429420256288
104	4.7671321747275135	4.7671321747275135	4.7671321747275135	0	35.677054263977496	15.721669614147784	0	3241.654194613117	581.2789672712042	0	0	0	0	0.00572617188248541	0.0005263197998722716	0	5.977564256081353	0.9980429417138503
105	4.7671321747275135	4.7671321747275135	4.7671321747275135	0	35.677054262337194	15.721669613862085	0	3241.6541923995114	581.278967071241	0	0	0	0	0.005726171885685559	0.0005263198005726594	0	5.977564252972718	0.998042941426894
106	4.7671321747275135	4.7671321747275135	4.7671321747275135	0	35.677054260836314	15.721669613600657	0	3241.6541903760535	581.2789668884676	0	0	0	0	0.005726171888619469	0.0005263198012147991	0	5.977564250132791	0.9980429411647598
107	4.7671321747275135	4.7671321747275135	4.7671321747275135	0	35.67705425947487	15.721669613363497	0	3241.6541885427428	581.2789667228839	0	0	0	0	0.005726171891287139	0.0005263198017986904	0	5.9775642475615705	0.9980429409274476
108	4.7671321747275135	4.7671321747275135	4.7671321747275135	0	35.677054258252866	15.721669613150608	0	3241.65418689958	581.27896657449	0	0	0	0	0.005726171893688571	0.0005263198023243337	0	5.977564245259057	0.9980429407149575
109	4.7671321747275135	4.7671321747275135	4.7671321747275135	0	35.67705425717029	15.721669612961989	0	3241.6541854465645	581.2789664432859	0	0	0	0	0.005726171895823762	0.0005263198027917288	0	5.977564243225251	0.9980429405272896
110	4.7671321747275135	4.7671321747275135	4.7671321747275135	0	35.677054256227144	15.72166961279764	0	3241.654184183697	581.2789663292714	0	0	0	0	0.005726171897692714	0.0005263198032008757	0	5.9775642414601515	0.9980429403644436
111	4.7671321747275135	4.7671321747275135	4.7671321747275135	0	35.67705425542343	15.72166961265756	0	3241.6541831109766	581.2789662324468	0	0	0	0	0.005726171899295427	0.0005263198035517745	0	5.977564239963759	0.9980429402264199
112	4.7671321747275135	4.7671321747275135	4.7671321747275135	0	35.67705425475915	15.721669612541751	0	3241.654182228404	581.2789661528119	0	0	0	0	0.0057261719006319	0.0005263198038444251	0	5.977564238736075	0.9980429401132181
113	4.7671321747275135	4.7671321747275135	4.7671321747275135	0	35.6770542542343	15.72166961245021	0	3241.654181535979	581.2789660903668	0	0	0	0	0.005726171901702134	0.0005263198040788275	0	5.977564237777097	0.9980429400248386
114	4.7671321747275135	4.7671321747275135	4.7671321747275135	0	35.67705425384889	15.721669612382941	0	3241.6541810337017	581.2789660451115	0	0	0	0	0.005726171902506128	0.0005263198042549818	0	5.977564237086826	0.9980429399612811
115	4.7671321747275135	4.7671321747275135	4.7671321747275135	0	35.677054253602904	15.72166961233994	0	3241.6541807215717	581.2789660170458	0	0	0	0	0.005726171903043884	0.0005263198043728878	0	5.977564236665262	0.9980429399225457
116	4.7671321747275135	4.7671321747275135	4.7671321747275135	0	35.67705425349635	15.72166961232121	0	3241.6541805995894	581.2789660061701	0	0	0	0	0.005726171903315399	0.0005263198044325457	0	5.977564236512405	0.9980429399086324
117	4.7671321747275135	4.7671321747275135	4.7671321747275135	0	35.677054253529235	15.72166961232675	0	3241.6541806677546	581.278966012484	0	0	0	0	0.005726171903320676	0.0005263198044339555	0	5.977564236628256	0.9980429399195412
118	4.7671321747275135	4.7671321747275135	4.7671321747275135	0	35.67705425370155	15.721669612356559	0	3241.6541809260675	581.2789660359877	0	0	0	0	0.0057261719030597125	0.000526319804377117	0	5.977564237012813	0.998042939955272
119	4.7671321747275135	4.7671321747275135	4.7671321747275135	0	35.67705425401329	15.721669612410638	0	3241.654181374528	581.2789660766812	0	0	0	0	0.00572617190253251	0.0005263198042620304	0	5.977564237666078	0.9980429400158249
120	4.7671321747275135	4.7671321747275135	4.7671321747275135	0	35.67705425446447	15.721669612488986	0	3241.654182013136	581.2789661345644	0	0	0	0	0.0057261719017390675	0.0005263198040886956	0	5.977564238588049	0.9980429401012
121	4.7671321747275135	4.7671321747275135	4.7671321747275135	0	35.67705425505508	15.721669612591604	0	3241.6541828418917	581.2789662096374	0	0	0	0	0.0057261719006793865	0.0005263198038571127	0	5.977564239778728	0.9980429402113972
122	4.7671321747275135	4.7671321747275135	4.7671321747275135	0	35.67705425578513	15.721669612718493	0	3241.6541838607945	581.2789663019001	0	0	0	0	0.005726171899353465	0.0005263198035672815	0	5.977564241238114	0.9980429403464164
123	4.7671321747275135	4.7671321747275135	4.7671321747275135	0	35.67705425665461	15.721669612869652	0	3241.6541850698454	581.2789664113527	0	0	0	0	0.005726171897761305	0.0005263198032192023	0	5.977564242966207	0.9980429405062577
124	4.7671321747275135	4.7671321747275135	4.7671321747275135	0	35.677054257663514	15.72166961304508	0	3241.6541864690435	581.278966537995	0	0	0	0	0.005726171895902905	0.0005263198028128748	0	5.977564244963007	0.9980429406909211
125	4.7671321747275135	4.7671321747275135	4.7671321747275135	0	35.67705425881185	15.721669613244778	0	3241.6541880583895	581.278966681827	0	0	0	0	0.005726171893778265	0.0005263198023482993	0	5.977564247228514	0.9980429409004067
126	4.7671321747275135	4.7671321747275135	4.7671321747275135	0	35.677054260099624	15.721669613468746	0	3241.6541898378828	581.2789668428488	0	0	0	0	0.005726171891387387	0.0005263198018254754	0	5.977564249762728	0.9980429411347144
127	4.7671321747275135	4.7671321747275135	4.7671321747275135	0	35.67705426152683	15.721669613716983	0	3241.654191807524	581.2789670210603	0	0	0	0	0.005726171888730269	0.0005263198012444035	0	5.977564252565649	0.9980429413938441
128	4.7671321747275135	4.7671321747275135	4.7671321747275135	0	35.67705426309347	15.721669613989492	0	3241.6541939673125	581.2789672164616	0	0	0	0	0.005726171885806912	0.0005263198006050833	0	5.977564255637278	0.9980429416777958
129	4.7671321747275135	4.7671321747275135	4.7671321747275135	0	35.67705426479954	15.721669614286268	0	3241.6541963172485	581.2789674290527	0	0	0	0	0.005726171882617315	0.000526319799907515	0	5.977564258977614	0.9980429419865697
130	4.7671321747275135	4.7671321747275135	4.7671321747275135	0	35.67705426664504	15.721669614607316	0	3241.6541988573326	581.2789676588336	0	0	0	0	0.005726171879161478	0.0005263197991516986	0	5.9775642625866565	0.9980429423201658
131	4.7671321747275135	4.7671321747275135	4.7671321747275135	0	35.67705426862997	15.721669614952633	0	3241.654201587564	581.2789679058043	0	0	0	0	0.005726171875439402	0.000526319798337634	0	5.977564266464406	0.9980429426785838
132	4.7671321747275135	4.7671321747275135	4.7671321747275135	0	35.67705427075434	15.72166961532222	0	3241.6542045079427	581.2789681699646	0	0	0	0	0.005726171871451087	0.0005263197974653211	0	5.977564270610863	0.9980429430618241
133	4.7671321747275135	4.7671321747275135	4.7671321747275135	0	35.677054271233146	15.721669615405926	0	3241.6542051135707	581.2789682245311	0	0	0	0	0.005726171870415671	0.0005263197972380286	0	5.977564271439697	0.9980429431381367
134	4.7671321747275135	4.7671321747275135	4.7671321747275135	0	35.6770542713866	15.721669615433091	0	3241.654205263762	581.2789682378684	0	0	0	0	0.005726171869969824	0.0005263197971395652	0	5.9775642716170765	0.9980429431541932
135	4.7671321747275135	4.7671321747275135	4.7671321747275135	0	35.677054271536086	15.721669615459556	0	3241.6542054100564	581.2789682508596	0	0	0	0	0.005726171869535483	0.0005263197970436545	0	5.977564271789839	0.9980429431698319
136	4.7671321747275135	4.7671321747275135	4.7671321747275135	0	35.67705427168159	15.721669615485315	0	3241.6542055524556	581.2789682635047	0	0	0	0	0.0057261718691126486	0.0005263197969502965	0	5.977564271957984	0.9980429431850529
137	4.7671321747275135	4.7671321747275135	4.7671321747275135	0	35.677054271823124	15.72166961551037	0	3241.654205690958	581.2789682758038	0	0	0	0	0.005726171868701319	0.000526319796859491	0	5.977564272121511	0.9980429431998563
138	4.7671321747275135	4.7671321747275135	4.7671321747275135	0	35.67705427196067	15.72166961553472	0	3241.6542058255645	581.2789682877567	0	0	0	0	0.005726171868301495	0.000526319796771238	0	5.9775642722804205	0.9980429432142418
139	4.7671321747275135	4.7671321747275135	4.7671321747275135	0	35.67705427209425	15.721669615558369	0	3241.654205956275	581.2789682993637	0	0	0	0	0.0057261718679131775	0.0005263197966855377	0	5.977564272434712	0.9980429432282096
140	4.7671321747275135	4.7671321747275135	4.7671321747275135	0	35.67705427222385	15.721669615581312	0	3241.654206083089	581.2789683106245	0	0	0	0	0.005726171867536366	0.00052631979660239	0	5.977564272584386	0.9980429432417597
141	4.7671321747275135	4.7671321747275135	4.7671321747275135	0	35.67705427234948	15.721669615603554	0	3241.654206206007	581.2789683215392	0	0	0	0	0.005726171867171059	0.0005263197965217948	0	5.977564272729443	0.9980429432548921
142	4.7671321747275135	4.7671321747275135	4.7671321747275135	0	35.677054272471125	15.72166961562509	0	3241.654206325029	581.278968332108	0	0	0	0	0.005726171866817259	0.0005263197964437523	0	5.9775642728698815	0.9980429432676067
143	4.7671321747275135	4.7671321747275135	4.7671321747275135	0	35.6770542725888	15.721669615645922	0	3241.6542064401547	581.2789683423306	0	0	0	0	0.005726171866474965	0.0005263197963682624	0	5.977564273005703	0.9980429432799035
144	4.7671321747275135	4.7671321747275135	4.7671321747275135	0	35.67705427270249	15.721669615666052	0	3241.6542065513845	581.2789683522071	0	0	0	0	0.005726171866144176	0.0005263197962953251	0	5.977564273136906	0.9980429432917827
145	4.7671321747275135	4.7671321747275135	4.7671321747275135	0	35.677054272812214	15.721669615685478	0	3241.654206658718	581.2789683617376	0	0	0	0	0.005726171865824893	0.0005263197962249403	0	5.977564273263491	0.9980429433032441
146	4.7671321747275135	4.7671321747275135	4.7671321747275135	0	35.67705427291796	15.721669615704199	0	3241.6542067621554	581.2789683709221	0	0	0	0	0.005726171865517116	0.0005263197961571081	0	5.977564273385459	0.9980429433142878
147	4.7671321747275135	4.7671321747275135	4.7671321747275135	0	35.67705427301972	15.721669615722217	0	3241.654206861697	581.2789683797605	0	0	0	0	0.005726171865220844	0.0005263197960918286	0	5.977564273502809	0.9980429433249137
148	4.7671321747275135	4.7671321747275135	4.7671321747275135	0	35.67705427311751	15.72166961573953	0	3241.6542069573416	581.2789683882528	0	0	0	0	0.005726171864936079	0.0005263197960291016	0	5.977564273615542	0.9980429433351219
149	4.7671321747275135	4.7671321747275135	4.7671321747275135	0	35.677054273211326	15.721669615756142	0	3241.654207049091	581.278968396399	0	0	0	0	0.005726171864662819	0.0005263197959689272	0	5.977564273723656	0.9980429433449123
150	4.7671321747275135	4.7671321747275135	4.7671321747275135	0	35.67705427330116	15.721669615772049	0	3241.6542071369436	581.2789684041992	0	0	0	0	0.005726171864401065	0.0005263197959113054	0	5.977564273827154	0.998042943354285
151	4.7671321747275135	4.7671321747275135	4.7671321747275135	0	35.67705427338702	15.721669615787253	0	3241.6542072209004	581.2789684116533	0	0	0	0	0.005726171864150817	0.0005263197958562362	0	5.977564273926033	0.99804294336324
152	4.7671321747275135	4.7671321747275135	4.7671321747275135	0	35.677054273468904	15.721669615801751	0	3241.654207300961	581.2789684187613	0	0	0	0	0.005726171863912075	0.0005263197958037196	0	5.9775642740202946	0.9980429433717772
153	4.7671321747275135	4.7671321747275135	4.7671321747275135	0	35.677054273546815	15.721669615815546	0	3241.654207377125	581.2789684255233	0	0	0	0	0.0057261718636848384	0.0005263197957537556	0	5.977564274109938	0.9980429433798967
154	4.7671321747275135	4.7671321747275135	4.7671321747275135	0	35.67705427362075	15.721669615828638	0	3241.6542074493937	581.2789684319392	0	0	0	0	0.005726171863469107	0.0005263197957063442	0	5.977564274194965	0.9980429433875985
155	4.7671321747275135	4.7671321747275135	4.7671321747275135	0	35.67705427369071	15.721669615841027	0	3241.654207517766	581.2789684380091	0	0	0	0	0.005726171863264883	0.0005263197956614854	0	5.977564274275373	0.9980429433948825
156	4.7671321747275135	4.7671321747275135	4.7671321747275135	0	35.67705427375668	15.721669615852711	0	3241.654207582242	581.2789684437328	0	0	0	0	0.005726171863072164	0.0005263197956191792	0	5.977564274351164	0.9980429434017488
157	4.7671321747275135	4.7671321747275135	4.7671321747275135	0	35.67705427381868	15.721669615863691	0	3241.654207642822	581.2789684491105	0	0	0	0	0.00572617186289095	0.0005263197955794255	0	5.9775642744223365	0.9980429434081973
158	4.7671321747275135	4.7671321747275135	4.7671321747275135	0	35.67705427387671	15.721669615873969	0	3241.6542076995056	581.2789684541422	0	0	0	0	0.005726171862721242	0.0005263197955422245	0	5.977564274488892	0.9980429434142282
159	4.7671321747275135	4.7671321747275135	4.7671321747275135	0	35.677054273930764	15.721669615883542	0	3241.6542077522936	581.2789684588278	0	0	0	0	0.0057261718625630405	0.0005263197955075761	0	5.97756427455083	0.9980429434198412
160	4.7671321747275135	4.7671321747275135	4.7671321747275135	0	35.677054273980836	15.721669615892411	0	3241.654207801185	581.2789684631672	0	0	0	0	0.0057261718624163445	0.0005263197954754802	0	5.97756427460815	0.9980429434250365
161	4.7671321747275135	4.7671321747275135	4.7671321747275135	0	35.677054274026936	15.721669615900577	0	3241.6542078461803	581.2789684671607	0	0	0	0	0.005726171862281154	0.0005263197954459369	0	5.977564274660852	0.9980429434298141
162	4.7671321747275135	4.7671321747275135	4.7671321747275135	0	35.67705427406906	15.721669615908038	0	3241.6542078872794	581.278968470808	0	0	0	0	0.00572617186215747	0.0005263197954189462	0	5.977564274708937	0.998042943434174
163	4.7671321747275135	4.7671321747275135	4.7671321747275135	0	35.6770542741072	15.721669615914797	0	3241.6542079244828	581.2789684741093	0	0	0	0	0.0057261718620452914	0.0005263197953945082	0	5.977564274752403	0.9980429434381162
164	4.7671321747275135	4.7671321747275135	4.7671321747275135	0	35.67705427414137	15.72166961592085	0	3241.65420795779	581.2789684770645	0	0	0	0	0.0057261718619446185	0.0005263197953726227	0	5.977564274791253	0.9980429434416406
165	4.7671321747275135	4.7671321747275135	4.7671321747275135	0	35.67705427417157	15.721669615926203	0	3241.6542079872006	581.2789684796737	0	0	0	0	0.005726171861855451	0.0005263197953532898	0	5.977564274825484	0.9980429434447472
166	4.7671321747275135	4.7671321747275135	4.7671321747275135	0	35.67705427419778	15.72166961593085	0	3241.654208012715	581.2789684819368	0	0	0	0	0.00572617186177779	0.0005263197953365096	0	5.977564274855098	0.998042943447436
167	4.7671321747275135	4.7671321747275135	4.7671321747275135	0	35.67705427422002	15.721669615934792	0	3241.654208034334	581.2789684838539	0	0	0	0	0.005726171861711635	0.0005263197953222818	0	5.977564274880094	0.9980429434497072
168	4.7671321747275135	4.7671321747275135	4.7671321747275135	0	35.67705427423828	15.721669615938032	0	3241.654208052056	581.2789684854248	0	0	0	0	0.005726171861656985	0.0005263197953106068	0	5.977564274900472	0.9980429434515607
169	4.7671321747275135	4.7671321747275135	4.7671321747275135	0	35.67705427425257	15.721669615940568	0	3241.654208065883	581.2789684866497	0	0	0	0	0.005726171861613841	0.0005263197953014842	0	5.977564274916233	0.9980429434529964
170	4.7671321747275135	4.7671321747275135	4.7671321747275135	0	35.67705427426288	15.7216696159424	0	3241.654208075813	581.2789684875286	0	0	0	0	0.0057261718615822035	0.0005263197952949143	0	5.977564274927375	0.9980429434540143
171	4.7671321747275135	4.7671321747275135	4.7671321747275135	0	35.67705427426922	15.721669615943528	0	3241.654208081847	581.2789684880613	0	0	0	0	0.005726171861562071	0.000526319795290897	0	5.977564274933901	0.9980429434546146
172	4.7671321747275135	4.7671321747275135	4.7671321747275135	0	35.677054274271576	15.721669615943952	0	3241.654208083985	581.278968488248	0	0	0	0	0.005726171861553444	0.0005263197952894322	0	5.977564274935808	0.998042943454797
173	4.7671321747275135	4.7671321747275135	4.7671321747275135	0	35.677054274269956	15.721669615943673	0	3241.654208082227	581.2789684880886	0	0	0	0	0.005726171861556324	0.0005263197952905201	0	5.977564274933098	0.9980429434545618
174	4.7671321747275135	4.7671321747275135	4.7671321747275135	0	35.677054274264364	15.721669615942691	0	3241.6542080765726	581.2789684875831	0	0	0	0	0.005726171861570709	0.0005263197952941606	0	5.97756427492577	0.9980429434539089
175	4.7671321747275135	4.7671321747275135	4.7671321747275135	0	35.67705427425479	15.721669615941003	0	3241.654208067022	581.2789684867316	0	0	0	0	0.0057261718615966	0.0005263197953003536	0	5.977564274913824	0.9980429434528382
176	4.7671321747275135	4.7671321747275135	4.7671321747275135	0	35.67705427424124	15.721669615938612	0	3241.654208053575	581.278968485534	0	0	0	0	0.005726171861633997	0.0005263197953090993	0	5.977564274897261	0.9980429434513497
177	4.7671321747275135	4.7671321747275135	4.7671321747275135	0	35.67705427422372	15.72166961593552	0	3241.6542080362324	581.2789684839905	0	0	0	0	0.0057261718616829	0.0005263197953203976	0	5.97756427487608	0.9980429434494434
178	4.7671321747275135	4.7671321747275135	4.7671321747275135	0	35.67705427420222	15.721669615931722	0	3241.654208014994	581.2789684821007	0	0	0	0	0.005726171861743308	0.0005263197953342484	0	5.977564274850281	0.9980429434471195
179	4.7671321747275135	4.7671321747275135	4.7671321747275135	0	35.67705427417674	15.721669615927219	0	3241.6542079898586	581.278968479865	0	0	0	0	0.005726171861815222	0.0005263197953506518	0	5.977564274819865	0.9980429434443778
180	4.7671321747275135	4.7671321747275135	4.7671321747275135	0	35.67705427414729	15.721669615922014	0	3241.6542079608275	581.2789684772831	0	0	0	0	0.005726171861898642	0.0005263197953696078	0	5.9775642747848305	0.9980429434412185
181	4.7671321747275135	4.7671321747275135	4.7671321747275135	0	35.677054274113864	15.721669615916106	0	3241.6542079279	581.2789684743552	0	0	0	0	0.005726171861993568	0.0005263197953911164	0	5.977564274745179	0.9980429434376413
182	4.7671321747275135	4.7671321747275135	4.7671321747275135	0	35.677054274076454	15.721669615909493	0	3241.654207891077	581.2789684710813	0	0	0	0	0.005726171862099999	0.0005263197954151777	0	5.977564274700909	0.9980429434336464
183	4.7671321747275135	4.7671321747275135	4.7671321747275135	0	35.67705427403507	15.721669615902176	0	3241.654207850357	581.2789684674613	0	0	0	0	0.005726171862217936	0.0005263197954417915	0	5.977564274652021	0.9980429434292338
184	4.7671321747275135	4.7671321747275135	4.7671321747275135	0	35.67705427398972	15.721669615894156	0	3241.6542078057414	581.2789684634952	0	0	0	0	0.00572617186234738	0.0005263197954709578	0	5.9775642745985165	0.9980429434244035
185	4.7671321747275135	4.7671321747275135	4.7671321747275135	0	35.677054273940385	15.721669615885432	0	3241.65420775723	581.2789684591829	0	0	0	0	0.0057261718624883285	0.0005263197955026768	0	5.977564274540394	0.9980429434191553
186	4.7671321747275135	4.7671321747275135	4.7671321747275135	0	35.67705427388707	15.721669615876005	0	3241.654207704822	581.2789684545247	0	0	0	0	0.005726171862640783	0.0005263197955369484	0	5.977564274477653	0.9980429434134895
187	4.7671321747275135	4.7671321747275135	4.7671321747275135	0	35.67705427382978	15.721669615865872	0	3241.654207648518	581.2789684495204	0	0	0	0	0.005726171862804744	0.0005263197955737726	0	5.9775642744102955	0.998042943407406
188	4.7671321747275135	4.7671321747275135	4.7671321747275135	0	35.67705427376852	15.721669615855037	0	3241.6542075883176	581.27896844417	0	0	0	0	0.00572617186298021	0.0005263197956131494	0	5.977564274338319	0.9980429434009046
189	4.7671321747275135	4.7671321747275135	4.7671321747275135	0	35.677054273703284	15.721669615843497	0	3241.6542075242214	581.2789684384736	0	0	0	0	0.005726171863167182	0.0005263197956550787	0	5.977564274261726	0.9980429433939856
190	4.7671321747275135	4.7671321747275135	4.7671321747275135	0	35.67705427363406	15.721669615831255	0	3241.654207456229	581.278968432431	0	0	0	0	0.005726171863365661	0.0005263197956995607	0	5.977564274180515	0.9980429433866488
191	4.7671321747275135	4.7671321747275135	4.7671321747275135	0	35.67705427356088	15.721669615818309	0	3241.65420738434	581.2789684260425	0	0	0	0	0.005726171863575644	0.0005263197957465953	0	5.977564274094686	0.9980429433788942
192	4.7671321747275135	4.7671321747275135	4.7671321747275135	0	35.677054273483705	15.72166961580466	0	3241.654207308555	581.2789684193078	0	0	0	0	0.005726171863797133	0.0005263197957961823	0	5.977564274004239	0.998042943370722
193	4.7671321747275135	4.7671321747275135	4.7671321747275135	0	35.67705427340256	15.721669615790304	0	3241.6542072288744	581.2789684122272	0	0	0	0	0.005726171864030129	0.0005263197958483222	0	5.9775642739091746	0.998042943362132
194	4.7671321747275135	4.7671321747275135	4.7671321747275135	0	35.67705427331744	15.721669615775248	0	3241.6542071452977	581.2789684048004	0	0	0	0	0.00572617186427463	0.0005263197959030144	0	5.9775642738094925	0.9980429433531243
195	4.7671321747275135	4.7671321747275135	4.7671321747275135	0	35.67705427322834	15.721669615759486	0	3241.6542070578244	581.2789683970275	0	0	0	0	0.005726171864530637	0.0005263197959602594	0	5.977564273705193	0.9980429433436988
196	4.7671321747275135	4.7671321747275135	4.7671321747275135	0	35.67705427313527	15.721669615743021	0	3241.654206966455	581.2789683889087	0	0	0	0	0.005726171864798149	0.0005263197960200569	0	5.9775642735962755	0.9980429433338556
197	4.7671321747275135	4.7671321747275135	4.7671321747275135	0	35.677054273038216	15.721669615725851	0	3241.6542068711897	581.2789683804436	0	0	0	0	0.005726171865077168	0.000526319796082407	0	5.9775642734827406	0.9980429433235947
198	4.7671321747275135	4.7671321747275135	4.7671321747275135	0	35.67705427293719	15.72166961570798	0	3241.6542067720284	581.2789683716326	0	0	0	0	0.005726171865367692	0.0005263197961473097	0	5.977564273364587	0.998042943312916
199	4.7671321747275135	4.7671321747275135	4.7671321747275135	0	35.67705427283219	15.721669615689404	0	3241.6542066689703	581.2789683624754	0	0	0	0	0.005726171865669722	0.000526319796214765	0	5.977564273241817	0.9980429433018195
200	4.7671321747275135	4.7671321747275135	4.7671321747275135	0	35.67705427278631	15.721669615681254	0	3241.654206625522	581.2789683586246	0	0	0	0	0.005726171865808417	0.0005263197962451687	0	5.977564273192141	0.9980429432973298
201	4.7671321747275135	4.7671321747275135	4.7671321747275135	0	35.677054272775166	15.721669615679234	0	3241.6542066169523	581.2789683578776	0	0	0	0	0.005726171865850627	0.0005263197962537084	0	5.977564273185059	0.9980429432966887
202	4.7671321747275135	4.7671321747275135	4.7671321747275135	0	35.6770542727645	15.721669615677301	0	3241.654206608752	581.2789683571629	0	0	0	0	0.005726171865891095	0.0005263197962618542	0	5.977564273178289	0.9980429432960742
203	4.7671321747275135	4.7671321747275135	4.7671321747275135	0	35.67705427275432	15.721669615675458	0	3241.654206600921	581.2789683564803	0	0	0	0	0.005726171865929821	0.0005263197962696062	0	5.977564273171833	0.9980429432954863
204	4.7671321747275135	4.7671321747275135	4.7671321747275135	0	35.67705427274463	15.7216696156737	0	3241.6542065934595	581.2789683558299	0	0	0	0	0.005726171865966805	0.0005263197962769642	0	5.977564273165689	0.9980429432949248
205	4.7671321747275135	4.7671321747275135	4.7671321747275135	0	35.67705427273541	15.721669615672031	0	3241.654206586368	581.2789683552118	0	0	0	0	0.005726171866002046	0.0005263197962839284	0	5.977564273159858	0.99804294329439
206	4.7671321747275135	4.7671321747275135	4.7671321747275135	0	35.67705427272668	15.721669615670448	0	3241.654206579646	581.2789683546259	0	0	0	0	0.005726171866035544	0.0005263197962904986	0	5.97756427315434	0.9980429432938818
207	4.7671321747275135	4.7671321747275135	4.7671321747275135	0	35.677054272718436	15.721669615668954	0	3241.654206573294	581.2789683540723	0	0	0	0	0.0057261718660673	0.0005263197962966749	0	5.977564273149135	0.9980429432934
208	4.7671321747275135	4.7671321747275135	4.7671321747275135	0	35.67705427271067	15.721669615667548	0	3241.654206567311	581.2789683535508	0	0	0	0	0.005726171866097313	0.0005263197963024574	0	5.977564273144243	0.9980429432929449
209	4.7671321747275135	4.7671321747275135	4.7671321747275135	0	35.677054272703394	15.72166961566623	0	3241.654206561698	581.2789683530617	0	0	0	0	0.005726171866125583	0.000526319796307846	0	5.977564273139665	0.9980429432925162
210	4.7671321747275135	4.7671321747275135	4.7671321747275135	0	35.677054272696594	15.721669615664997	0	3241.654206556455	581.2789683526047	0	0	0	0	0.005726171866152111	0.0005263197963128407	0	5.977564273135399	0.9980429432921141
211	4.7671321747275135	4.7671321747275135	4.7671321747275135	0	35.677054272690285	15.721669615663853	0	3241.654206551581	581.27896835218	0	0	0	0	0.005726171866176897	0.0005263197963174414	0	5.977564273131446	0.9980429432917386
212	4.7671321747275135	4.7671321747275135	4.7671321747275135	0	35.67705427268445	15.721669615662798	0	3241.6542065470767	581.2789683517875	0	0	0	0	0.00572617186619994	0.0005263197963216483	0	5.977564273127806	0.9980429432913897
213	4.7671321747275135	4.7671321747275135	4.7671321747275135	0	35.67705427267911	15.721669615661828	0	3241.654206542942	581.2789683514271	0	0	0	0	0.00572617186622124	0.0005263197963254613	0	5.977564273124478	0.9980429432910672
214	4.7671321747275135	4.7671321747275135	4.7671321747275135	0	35.67705427267424	15.721669615660947	0	3241.6542065391773	581.2789683510991	0	0	0	0	0.005726171866240798	0.0005263197963288804	0	5.977564273121464	0.9980429432907714
215	4.7671321747275135	4.7671321747275135	4.7671321747275135	0	35.677054272669864	15.721669615660154	0	3241.6542065357817	581.2789683508033	0	0	0	0	0.005726171866258614	0.0005263197963319056	0	5.977564273118762	0.998042943290502
216	4.7671321747275135	4.7671321747275135	4.7671321747275135	0	35.67705427266597	15.721669615659447	0	3241.6542065327562	581.2789683505397	0	0	0	0	0.005726171866274686	0.0005263197963345369	0	5.977564273116374	0.9980429432902593
217	4.7671321747275135	4.7671321747275135	4.7671321747275135	0	35.67705427266256	15.72166961565883	0	3241.6542065301	581.2789683503083	0	0	0	0	0.005726171866289017	0.0005263197963367743	0	5.977564273114298	0.9980429432900431
218	4.7671321747275135	4.7671321747275135	4.7671321747275135	0	35.677054272659625	15.721669615658298	0	3241.6542065278136	581.2789683501093	0	0	0	0	0.005726171866301605	0.0005263197963386178	0	5.977564273112536	0.9980429432898534
219	4.7671321747275135	4.7671321747275135	4.7671321747275135	0	35.67705427265718	15.721669615657856	0	3241.6542065258964	581.2789683499423	0	0	0	0	0.005726171866312449	0.0005263197963400675	0	5.977564273111087	0.9980429432896903
220	4.7671321747275135	4.7671321747275135	4.7671321747275135	0	35.67705427265522	15.7216696156575	0	3241.6542065243493	581.2789683498077	0	0	0	0	0.005726171866321552	0.0005263197963411232	0	5.97756427310995	0.9980429432895539
221	4.7671321747275135	4.7671321747275135	4.7671321747275135	0	35.67705427265374	15.721669615657232	0	3241.6542065231715	581.2789683497052	0	0	0	0	0.005726171866328912	0.0005263197963417851	0	5.9775642731091265	0.9980429432894439
222	4.7671321747275135	4.7671321747275135	4.7671321747275135	0	35.67705427265275	15.721669615657053	0	3241.6542065223634	581.278968349635	0	0	0	0	0.00572617186633453	0.000526319796342053	0	5.977564273108615	0.9980429432893605
223	4.7671321747275135	4.7671321747275135	4.7671321747275135	0	35.67705427265223	15.721669615656959	0	3241.654206521925	581.278968349597	0	0	0	0	0.005726171866338404	0.000526319796341927	0	5.977564273108418	0.9980429432893037
224	4.7671321747275135	4.7671321747275135	4.7671321747275135	0	35.6770542726522	15.721669615656953	0	3241.6542065218564	581.2789683495912	0	0	0	0	0.005726171866340537	0.0005263197963414071	0	5.977564273108532	0.9980429432892733
225	4.7671321747275135	4.7671321747275135	4.7671321747275135	0	35.677054272652654	15.721669615657037	0	3241.6542065221574	581.2789683496177	0	0	0	0	0.0057261718663409265	0.0005263197963404935	0	5.97756427310896	0.9980429432892696
226	4.7671321747275135	4.7671321747275135	4.7671321747275135	0	35.67705427265359	15.721669615657207	0	3241.6542065228277	581.2789683496763	0	0	0	0	0.005726171866339574	0.0005263197963391858	0	5.977564273109701	0.9980429432892923
227	4.7671321747275135	4.7671321747275135	4.7671321747275135	0	35.67705427265501	15.721669615657465	0	3241.6542065238677	581.2789683497673	0	0	0	0	0.005726171866336479	0.0005263197963374843	0	5.977564273110755	0.9980429432893417
228	4.7671321747275135	4.7671321747275135	4.7671321747275135	0	35.67705427265692	15.72166961565781	0	3241.6542065252775	581.2789683498904	0	0	0	0	0.005726171866331641	0.0005263197963353888	0	5.977564273112122	0.9980429432894177
229	4.7671321747275135	4.7671321747275135	4.7671321747275135	0	35.677054272659305	15.721669615658243	0	3241.654206527057	581.2789683500458	0	0	0	0	0.005726171866325061	0.0005263197963328995	0	5.977564273113802	0.9980429432895201
230	4.7671321747275135	4.7671321747275135	4.7671321747275135	0	35.67705427266218	15.721669615658763	0	3241.6542065292056	581.2789683502334	0	0	0	0	0.0057261718663167375	0.0005263197963300163	0	5.977564273115795	0.9980429432896492
231	4.7671321747275135	4.7671321747275135	4.7671321747275135	0	35.677054272665536	15.721669615659371	0	3241.6542065317244	581.2789683504533	0	0	0	0	0.005726171866306673	0.0005263197963267392	0	5.977564273118101	0.9980429432898047
232	4.7671321747275135	4.7671321747275135	4.7671321747275135	0	35.67705427266937	15.721669615660067	0	3241.6542065346125	581.2789683507053	0	0	0	0	0.005726171866294864	0.0005263197963230682	0	5.977564273120719	0.9980429432899869
233	4.7671321747275135	4.7671321747275135	4.7671321747275135	0	35.67705427267369	15.721669615660849	0	3241.6542065378703	581.2789683509897	0	0	0	0	0.0057261718662813136	0.0005263197963190033	0	5.977564273123651	0.9980429432901955
234	4.7671321747275135	4.7671321747275135	4.7671321747275135	0	35.6770542726785	15.721669615661721	0	3241.6542065414974	581.2789683513062	0	0	0	0	0.005726171866266021	0.0005263197963145445	0	5.977564273126895	0.9980429432904308
235	4.7671321747275135	4.7671321747275135	4.7671321747275135	0	35.67705427268378	15.721669615662679	0	3241.6542065454946	581.278968351655	0	0	0	0	0.005726171866248985	0.0005263197963096918	0	5.977564273130453	0.9980429432906925
236	4.7671321747275135	4.7671321747275135	4.7671321747275135	0	35.67705427268956	15.721669615663725	0	3241.654206549861	581.2789683520359	0	0	0	0	0.005726171866230207	0.0005263197963044453	0	5.977564273134322	0.9980429432909809
237	4.7671321747275135	4.7671321747275135	4.7671321747275135	0	35.67705427269581	15.721669615664858	0	3241.6542065545973	581.278968352449	0	0	0	0	0.005726171866209686	0.0005263197962988048	0	5.977564273138506	0.9980429432912958
238	4.7671321747275135	4.7671321747275135	4.7671321747275135	0	35.67705427270255	15.72166961566608	0	3241.654206559703	581.2789683528945	0	0	0	0	0.005726171866187423	0.0005263197962927704	0	5.9775642731430025	0.9980429432916372
239	4.7671321747275135	4.7671321747275135	4.7671321747275135	0	35.677054272709775	15.721669615667388	0	3241.654206565179	581.2789683533722	0	0	0	0	0.005726171866163417	0.0005263197962863421	0	5.977564273147811	0.9980429432920053
240	4.7671321747275135	4.7671321747275135	4.7671321747275135	0	35.67705427271748	15.721669615668786	0	3241.654206571024	581.2789683538821	0	0	0	0	0.005726171866137669	0.00052631979627952	0	5.977564273152933	0.9980429432923998
