0	4.7671321747275135	4.7671321747275135	4.7671321747275135	0	0	0	0	0	0	0	0	0	0	0	0	0	0	0
1	4.7671321747275135	4.7671321747275135	4.7671321747275135	0	0	0	0	0	0	0	0	0	0	0	0	0	0	0
2	4.7671321747275135	4.7671321747275135	4.7671321747275135	0	0	0	0	0	0	0	0	0	0	0	0	0	0	0
3	4.7671321747275135	4.7671321747275135	4.7671321747275135	0	0	0	0	0	0	0	0	0	0	0	0	0	0	0
4	4.7671321747275135	4.7671321747275135	4.7671321747275135	0	0	0	0	0	0	0	0	0	0	0	0	0	0	0
5	4.7671321747275135	4.7671321747275135	4.7671321747275135	0	0	0	0	0	0	0	0	0	0	0	0	0	0	0
6	4.7671321747275135	4.7671321747275135	4.7671321747275135	0	0	0	0	0	0	0	0	0	0	0	0	0	0	0
7	4.7671321747275135	4.7671321747275135	4.7671321747275135	0	0	0	0	0	0	0	0	0	0	0	0	0	0	0
8	4.7671321747275135	4.7671321747275135	4.7671321747275135	0	0	0	0	0	0	0	0	0	0	0	0	0	0	0
9	4.7671321747275135	4.7671321747275135	4.7671321747275135	0	0	0	0	0	0	0	0	0	0	0	0	0	0	0
10	4.7671321747275135	4.7671321747275135	4.7671321747275135	0	0	0	0	0	0	0	0	0	0	0	0	0	0	0
11	4.7671321747275135	4.7671321747275135	4.7671321747275135	0	0	0	0	0	0	0	0	0	0	0	0	0	0	0
12	4.7671321747275135	4.767132174727513	4.7671321747275135	45.59033897321366	50.646211299547154	21.118874111932104	4076.110505075991	3731.4126162680755	643.0618188630126	0	0	0	0	-4766139770353429e-21	0	-0.011286320855362568	-0.010936505271949813	-0.0018321747997256058
13	4.7671321747275135	4.7671321747275135	4.7671321747275135	45.59161011814436	50.99028582772517	21.16577805823268	4717.332831372636	4519.060372818454	765.415394248222	0	0	0	0	-3873358362884134e-21	0	-0.013061768300772313	-0.012907359450460282	-0.0021431973099618642
14	4.7671321747275135	4.7671321747275135	4.7671321747275135	45.59161014885351	51.023181328470855	21.17017431297326	4794.990302446316	4621.240001276625	780.6023320028493	0	0	0	0	-3785369030872325e-21	0	-0.013276790068049354	-0.0131468786932031	-0.0021807705147656848
15	4.7671321747275135	4.7671321747275135	4.7671321747275135	45.59161014885388	51.02712270050712	21.17070827074048	4804.369288878837	4634.341555701897	782.4781697432838	0	0	0	0	-37746376151062446e-22	0	-0.013302759059959085	-0.01317585917199176	-0.0021852949231582898
16	4.7671321747275135	4.7671321747275135	4.7671321747275135	45.59161014885389	51.027602106850196	21.170774223970433	4805.48919052822	4635.999336467112	782.7073420704462	0	0	0	0	-3773301628819634e-21	0	-0.013305859897886031	-0.013179321275378363	-0.0021858330661376096
17	4.7671321747275135	4.7671321747275135	4.7671321747275135	45.59161014885388	51.027658657703284	21.170782123582764	4805.619251024714	4636.203586418099	782.7346180532243	0	0	0	0	-3773142153400306e-21	0	-0.0133062200156927	-0.013179722952811621	-0.0021858952434127103
18	4.7671321747275135	4.7671321747275135	4.7671321747275135	45.59161014885388	51.02766466855589	21.170782979242887	4805.6324189203115	4636.225721118454	782.7374629189478	0	0	0	0	-3773124106944579e-21	0	-0.013306256475594422	-0.013179763484711733	-0.002185901490861421
19	4.7671321747275135	4.7671321747275135	4.7671321747275135	45.59161014885389	51.02766534245046	21.170783077608483	4805.6338391821455	4636.228349942999	782.7377837435853	0	0	0	0	-37731220127663774e-22	0	-0.01330626040809151	-0.013179767826073555	-0.0021859021559840325
20	4.7671321747275135	4.7671321747275135	4.7671321747275135	45.59161014885388	51.02766521727047	21.17078305978505	4805.633527077946	4636.227811998284	782.7377156028158	0	0	0	0	-37731223038282695e-22	0	-0.01330625954392014	-0.013179766862877633	-0.002185902008013522
21	4.7671321747275135	4.7671321747275135	4.7671321747275135	45.59161014885388	51.02766512842309	21.1707830469689	4805.633336659808	4636.227480349347	782.7376738261657	0	0	0	0	-37731225772202836e-22	0	-0.013306259016677759	-0.013179766276263999	-0.0021859019179059943
22	4.7671321747275135	4.7671321747275135	4.7671321747275135	45.59161014885388	51.02766508426012	21.17078304058786	4805.633243381559	4636.227316848327	782.7376533001363	0	0	0	0	-37731227159018134e-22	0	-0.01330625875840275	-0.013179765989418066	-0.002185901873829675
23	4.7671321747275135	4.7671321747275135	4.7671321747275135	45.59161014885388	51.02766508478158	21.170783040641933	4805.6332472432	4636.227321495222	782.7376540247275	0	0	0	0	-37731227198728593e-22	0	-0.013306258769095114	-0.013179766002339836	-0.002185901875784563
24	4.7671321747275135	4.7671321747275135	4.7671321747275135	45.59161014885388	51.027665129987454	21.17078304713112	4805.63334824473	4636.227494290033	782.7376759999393	0	0	0	0	-37731225891334204e-22	0	-0.013306259048754852	-0.013179766315029305	-0.002185901923770659
25	4.7671321747275135	4.7671321747275135	4.7671321747275135	45.59161014885389	51.02766514070782	21.170783048685063	4805.6333695827725	4636.22753177054	782.7376807000592	0	0	0	0	-37731225526332194e-22	0	-0.013306259107836673	-0.013179766380474035	-0.002185901933840029
26	4.7671321747275135	4.7671321747275135	4.7671321747275135	45.59161014885389	51.02766515020061	21.170783050061633	4805.6333883794905	4636.227564824823	782.7376848426265	0	0	0	0	-37731225201054567e-22	0	-0.01330625915988195	-0.013179766438097823	-0.002185901942707346
27	4.7671321747275135	4.7671321747275135	4.7671321747275135	45.59161014885389	51.027665158824206	21.170783051312238	4805.633405444164	4636.2275948372335	782.7376886037085	0	0	0	0	-37731224905324966e-22	0	-0.013306259207131476	-0.013179766490407084	-0.002185901950757169
28	4.7671321747275135	4.7671321747275135	4.7671321747275135	45.59161014885388	51.027665166578586	21.170783052436878	4805.633420776794	4636.227621807771	782.7376919833051	0	0	0	0	-3773122463914339e-21	0	-0.01330625924958525	-0.013179766537401817	-0.0021859019579894973
29	4.7671321747275135	4.7671321747275135	4.7671321747275135	45.59161014885388	51.02766517346377	21.17078305343555	4805.6334343773815	4636.227645736435	782.7376949814163	0	0	0	0	-3773122440250984e-21	0	-0.01330625928724327	-0.013179766579082021	-0.002185901964404331
30	4.7671321747275135	4.7671321747275135	4.7671321747275135	45.59161014885388	51.02766517947974	21.17078305430826	4805.6334462459245	4636.2276666232265	782.737697598042	0	0	0	0	-37731224195424315e-22	0	-0.013306259320105537	-0.013179766615447697	-0.0021859019700016715
31	4.7671321747275135	4.7671321747275135	4.7671321747275135	45.59161014885388	51.02766518462651	21.170783055055	4805.633456382424	4636.227684468145	782.7376998331823	0	0	0	0	-37731224017886815e-22	0	-0.013306259348172053	-0.013179766646498847	-0.002185901974781517
32	4.7671321747275135	4.7671321747275135	4.7671321747275135	45.59161014885388	51.027665188904066	21.170783055675777	4805.63346478688	4636.2276992711895	782.7377016868372	0	0	0	0	-3773122386989734e-21	0	-0.013306259371442815	-0.013179766672235468	-0.002185901978743868
33	4.7671321747275135	4.7671321747275135	4.7671321747275135	45.59161014885388	51.02766519231241	21.17078305617059	4805.633471459292	4636.227711032361	782.7377031590067	0	0	0	0	-3773122375145589e-21	0	-0.013306259389917826	-0.01317976669265756	-0.0021859019818887254
34	4.7671321747275135	4.7671321747275135	4.7671321747275135	45.59161014885388	51.02766519485156	21.170783056539435	4805.633476399661	4636.2277197516605	782.7377042496909	0	0	0	0	-3773122366256247e-21	0	-0.013306259403597084	-0.013179766707765127	-0.002185901984216088
35	4.7671321747275135	4.7671321747275135	4.7671321747275135	45.59161014885388	51.0276651965215	21.170783056782316	4805.6334796079855	4636.227725429087	782.7377049588895	0	0	0	0	-3773122360321707e-21	0	-0.01330625941248059	-0.013179766717558163	-0.0021859019857259562
36	4.7671321747275135	4.7671321747275135	4.7671321747275135	45.59161014885388	51.02766519732223	21.170783056899232	4805.633481084267	4636.227728064639	782.7377052866027	0	0	0	0	-37731223573419697e-22	0	-0.013306259416568343	-0.013179766722036673	-0.0021859019864183303
37	4.7671321747275135	4.7671321747275135	4.7671321747275135	45.59161014885388	51.027665197253754	21.17078305689018	4805.633480828505	4636.227727658319	782.7377052328305	0	0	0	0	-3773122357317035e-21	0	-0.013306259415860344	-0.013179766721200654	-0.0021859019862932104
38	4.7671321747275135	4.7671321747275135	4.7671321747275135	45.59161014885388	51.02766519631608	21.170783056755162	4805.633478840699	4636.227724210125	782.7377047975729	0	0	0	0	-37731223602469026e-22	0	-0.013306259410356592	-0.013179766715050108	-0.002185901985350596
39	4.7671321747275135	4.7671321747275135	4.7671321747275135	45.59161014885388	51.02766519450919	21.170783056494184	4805.63347512085	4636.2277177200585	782.7377039808299	0	0	0	0	-37731223661315734e-22	0	-0.013306259400057087	-0.013179766703585033	-0.002185901983590487
40	4.7671321747275135	4.7671321747275135	4.7671321747275135	45.59161014885388	51.027665191833094	21.170783056107236	4805.633469668956	4636.227708188119	782.7377027826014	0	0	0	0	-3773122374971046e-21	0	-0.01330625938496183	-0.013179766686805431	-0.002185901981012884
41	4.7671321747275135	4.7671321747275135	4.7671321747275135	45.59161014885388	51.02766518828779	21.170783055594324	4805.63346248502	4636.227695614307	782.7377012028876	0	0	0	0	-37731223867653214e-22	0	-0.013306259365070822	-0.0131797666647113	-0.0021859019776177863
42	4.7671321747275135	4.7671321747275135	4.7671321747275135	45.59161014885388	51.02766518387328	21.170783054955447	4805.633453569039	4636.227679998621	782.7376992416882	0	0	0	0	-37731224015143995e-22	0	-0.01330625934038406	-0.013179766637302642	-0.0021859019734051946
43	4.7671321747275135	4.7671321747275135	4.7671321747275135	45.59161014885388	51.02766517858957	21.1707830541906	4805.633442921016	4636.227661341062	782.7376968990036	0	0	0	0	-377312241921828e-20	0	-0.013306259310901545	-0.013179766604579457	-0.002185901968375109
44	4.7671321747275135	4.7671321747275135	4.7671321747275135	45.59161014885388	51.02766517243665	21.170783053299793	4805.633430540948	4636.227639641631	782.7376941748335	0	0	0	0	-3773122439876963e-21	0	-0.013306259276623279	-0.013179766566541743	-0.0021859019625275282
45	4.7671321747275135	4.7671321747275135	4.7671321747275135	45.59161014885388	51.02766516985356	21.170783052923852	4805.633425666125	4636.227631033947	782.7376930983618	0	0	0	0	-37731224492523493e-22	0	-0.013306259263125654	-0.01317976655166194	-0.0021859019602325606
46	4.7671321747275135	4.7671321747275135	4.7671321747275135	45.59161014885388	51.02766516888466	21.170783052781065	4805.633424129617	4636.227628260241	782.7376927554301	0	0	0	0	-37731224534056313e-22	0	-0.013306259258871219	-0.013179766547066478	-0.0021859019595165258
47	4.7671321747275135	4.7671321747275135	4.7671321747275135	45.59161014885388	51.0276651679886	21.17078305264901	4805.6334227085845	4636.227625694754	782.7376924382567	0	0	0	0	-377312245724716e-20	0	-0.013306259254936502	-0.013179766542816766	-0.0021859019588543476
48	4.7671321747275135	4.7671321747275135	4.7671321747275135	45.59161014885389	51.027665167165374	21.170783052527685	4805.633421403025	4636.227623337489	782.7376921468418	0	0	0	0	-37731224607769343e-22	0	-0.013306259251321501	-0.013179766538912806	-0.0021859019582460256
49	4.7671321747275135	4.7671321747275135	4.7671321747275135	45.59161014885389	51.027665166415	21.170783052417093	4805.633420212939	4636.227621188443	782.7376918811852	0	0	0	0	-37731224639949547e-22	0	-0.01330625924802622	-0.013179766535354596	-0.00218590195769156
50	4.7671321747275135	4.7671321747275135	4.7671321747275135	45.59161014885389	51.02766516573745	21.170783052317237	4805.633419138328	4636.2276192476165	782.7376916412871	0	0	0	0	-3773122466901221e-21	0	-0.013306259245050656	-0.013179766532142137	-0.0021859019571909503
51	4.7671321747275135	4.7671321747275135	4.7671321747275135	45.59161014885389	51.02766516513275	21.17078305222811	4805.633418179189	4636.227617515011	782.7376914271475	0	0	0	0	-37731224694957332e-22	0	-0.01330625924239481	-0.013179766529275428	-0.002185901956744197
52	4.7671321747275135	4.7671321747275135	4.7671321747275135	45.59161014885389	51.02766516460089	21.170783052149716	4805.633417335525	4636.227615990625	782.7376912387663	0	0	0	0	-37731224717784913e-22	0	-0.013306259240058682	-0.01317976652675447	-0.0021859019563513
53	4.7671321747275135	4.7671321747275135	4.7671321747275135	45.59161014885389	51.027665164141865	21.17078305208205	4805.633416607335	4636.22761467446	782.7376910761435	0	0	0	0	-37731224737494954e-22	0	-0.01330625923804227	-0.013179766524579263	-0.0021859019560122595
54	4.7671321747275135	4.7671321747275135	4.7671321747275135	45.59161014885389	51.027665163755685	21.170783052025122	4805.633415994618	4636.227613566514	782.7376909392791	0	0	0	0	-37731224754087457e-22	0	-0.013306259236345578	-0.013179766522749806	-0.002185901955727075
55	4.7671321747275135	4.7671321747275135	4.7671321747275135	45.59161014885389	51.027665163442336	21.170783051978926	4805.633415497376	4636.227612666788	782.7376908281732	0	0	0	0	-37731224767562417e-22	0	-0.013306259234968604	-0.0131797665212661	-0.0021859019554957464
56	4.7671321747275135	4.7671321747275135	4.7671321747275135	45.59161014885389	51.02766516320184	21.17078305194346	4805.633415115607	4636.227611975282	782.7376907428256	0	0	0	0	-3773122477791984e-21	0	-0.013306259233911348	-0.013179766520128144	-0.0021859019553182747
57	4.7671321747275135	4.7671321747275135	4.7671321747275135	45.59161014885389	51.02766516303417	21.170783051918725	4805.6334148493115	4636.227611491997	782.7376906832365	0	0	0	0	-37731224785159718e-22	0	-0.01330625923317381	-0.01317976651933594	-0.0021859019551946587
58	4.7671321747275135	4.7671321747275135	4.7671321747275135	45.59161014885389	51.02766516293935	21.170783051904724	4805.63341469849	4636.227611216931	782.7376906494059	0	0	0	0	-3773122478928206e-21	0	-0.013306259232755987	-0.013179766518889484	-0.0021859019551248994
59	4.7671321747275135	4.7671321747275135	4.7671321747275135	45.59161014885389	51.027665162917366	21.170783051901456	4805.6334146631425	4636.227611150086	782.7376906413335	0	0	0	0	-3773122479028686e-21	0	-0.013306259232657885	-0.01317976651878878	-0.002185901955108996
60	4.7671321747275135	4.7671321747275135	4.7671321747275135	45.59161014885389	51.02766516296822	21.17078305190892	4805.633414743269	4636.227611291461	782.7376906590197	0	0	0	0	-37731224788174117e-22	0	-0.0133062592328795	-0.013179766519033827	-0.002185901955146949
61	4.7671321747275135	4.7671321747275135	4.7671321747275135	45.59161014885389	51.02766516309192	21.170783051927117	4805.6334149388695	4636.227611641055	782.7376907024643	0	0	0	0	-37731224782943837e-22	0	-0.013306259233420832	-0.013179766519624625	-0.002185901955238758
62	4.7671321747275135	4.7671321747275135	4.7671321747275135	45.59161014885388	51.027665163288454	21.170783051956043	4805.633415249943	4636.22761219887	782.7376907716673	0	0	0	0	-3773122477459602e-21	0	-0.013306259234281883	-0.013179766520561173	-0.0021859019553844236
63	4.7671321747275135	4.7671321747275135	4.7671321747275135	45.59161014885388	51.02766516355783	21.170783051995706	4805.6334156764915	4636.227612964904	782.7376908666288	0	0	0	0	-37731224763130656e-22	0	-0.013306259235462652	-0.013179766521843472	-0.0021859019555839454
64	4.7671321747275135	4.7671321747275135	4.7671321747275135	45.59161014885388	51.027665163900046	21.170783052046097	4805.633416218513	4636.227613939159	782.7376909873486	0	0	0	0	-3773122474854775e-21	0	-0.013306259236963137	-0.01317976652347152	-0.0021859019558373234
65	4.7671321747275135	4.7671321747275135	4.7671321747275135	45.59161014885388	51.027665164315096	21.170783052107222	4805.633416876008	4636.227615121634	782.7376911338268	0	0	0	0	-3773122473084731e-21	0	-0.013306259238783343	-0.01317976652544532	-0.0021859019561445573
66	4.7671321747275135	4.7671321747275135	4.7671321747275135	45.59161014885388	51.02766516480299	21.17078305217908	4805.633417648977	4636.2276165123285	782.7376913060635	0	0	0	0	-37731224710029327e-22	0	-0.013306259240923265	-0.01317976652776487	-0.0021859019565056478
67	4.7671321747275135	4.7671321747275135	4.7671321747275135	45.59161014885388	51.02766516536373	21.17078305226167	4805.633418537421	4636.227618111243	782.7376915040587	0	0	0	0	-37731224686093806e-22	0	-0.013306259243382905	-0.013179766530430171	-0.0021859019569205945
68	4.7671321747275135	4.7671321747275135	4.7671321747275135	45.591610148853874	51.027665165997306	21.170783052354988	4805.633419541337	4636.227619918378	782.7376917278123	0	0	0	0	-37731224659040743e-22	0	-0.013306259246162263	-0.013179766533441222	-0.0021859019573893974
69	4.7671321747275135	4.7671321747275135	4.7671321747275135	45.591610148853896	51.02766516650169	21.17078305243001	4805.6334202328935	4636.22762117892	782.7376918829009	0	0	0	0	-3773122463325154e-21	0	-0.01330625924807817	-0.013179766535468828	-0.0021859019577060075
70	4.7671321747275135	4.7671321747275135	4.7671321747275135	45.5916101488539	51.02766516669412	21.17078305245868	4805.633420503063	4636.227621679868	782.7376919440032	0	0	0	0	-37731224623458345e-22	0	-0.013306259248828979	-0.013179766536243982	-0.0021859019578285557
71	4.7671321747275135	4.7671321747275135	4.7671321747275135	45.59161014885388	51.027665166601686	21.170783052444612	4805.633420453295	4636.227621596937	782.7376919333099	0	0	0	0	-37731224630777998e-22	0	-0.013306259248695227	-0.013179766536092907	-0.0021859019578075864
72	4.7671321747275135	4.7671321747275135	4.7671321747275135	45.59161014885388	51.027665166601686	21.170783052444612	4805.633420453295	4636.227621596937	782.7376919333099	0	0	0	0	-37731224630777998e-22	0	-0.013306259248695227	-0.013179766536092907	-0.0021859019578075864
73	4.7671321747275135	4.7671321747275135	4.7671321747275135	0.0012447813682929534	50.05650809140657	20.806442633909608	729.4256619579417	4599.097949695965	777.0611603425469	0	0	0	0	-6430055521978388e-21	-14236577802416877e-22	-0.002019726371556429	-0.013180517839158194	-0.002184369827221248
74	4.7671321747275135	4.7671321747275135	4.7671321747275135	0	44.99094659206031	18.935167694219718	88.28746272656244	4321.23732074133	735.0646092593382	0	0	0	0	-1492036720739747e-20	-4076960775302975e-21	-0.0002444615359122575	-0.012980713002752867	-0.002144693800132109
75	4.7671321747275135	4.7671321747275135	4.7671321747275135	0	38.24709988519555	16.545861025398125	10.677002894295223	3732.626159260912	648.6423471280474	0	0	0	0	-13182425216835484e-21	-2540048774282927e-21	-29563841182823065e-21	-0.011627567835278713	-0.001918040554517928
76	4.7671321747275135	4.7671321747275135	4.7671321747275135	0	36.09501527945326	15.843354667604777	1.285611863446995	3371.9450124830014	598.2239524778996	0	0	0	0	-10043098046277921e-21	-11241048821307907e-22	-35597653508228257e-22	-0.010353507366504623	-0.0017182254198073194
77	4.7671321747275135	4.7671321747275135	4.7671321747275135	0	35.73717071733389	15.737787929226128	0.15483829460873103	3268.036398617616	584.5326250639599	0	0	0	0	-94952860165409e-19	0	0	-0.009939004796837944	-0.0016566575669510564
78	4.7671321747275135	4.7671321747275135	4.7671321747275135	0	35.68539840737784	15.723764814464039	0.018483189270664176	3246.3204906421684	581.8273519154458	0	0	0	0	-9427264425141102e-21	0	0	-0.009850482230214525	-0.001644148480483459
79	4.7671321747275135	4.7671321747275135	4.7671321747275135	0	35.67817879275882	15.721937403812554	0.002159495538347548	3242.4107581433473	581.3640687604106	0	0	0	0	-941958781093216e-20	0	0	-0.009834698545183918	-0.0016420165116804808
80	4.7671321747275135	4.7671321747275135	4.7671321747275135	0	35.677196560522496	15.721701982129645	0.0002354205056882454	3241.766071475376	581.2910345232588	0	0	0	0	-9418700516924297e-21	0	0	-0.009832150298069482	-0.001641686288820487
81	4.7671321747275135	4.7671321747275135	4.7671321747275135	0	35.67707076612906	15.721673203930992	22804206503421344e-21	3241.669029161689	581.2805006088007	0	0	0	0	-941870405482759e-20	0	0	-0.009831782001211386	-0.00164164055010461
82	4.7671321747275135	4.7671321747275135	4.7671321747275135	0	35.67705478645801	15.721669708933662	0	3241.6550301948346	581.2790422674599	0	0	0	0	-9418713964972848e-21	0	0	-0.009831733466209481	-0.0016416348081227004
83	4.7671321747275135	4.7671321747275135	4.7671321747275135	0	35.67705427062067	15.72166961476504	0	3241.654124012086	581.2789604035472	0	0	0	0	-9418714620293625e-21	0	0	-0.009831731365261387	-0.0016416346144512925
84	4.7671321747275135	4.7671321747275135	4.7671321747275135	0	35.67705416472307	15.72166959619521	0	3241.6540452714894	581.2789536755475	0	0	0	0	-9418715278291578e-21	0	0	-0.009831731228106187	-0.001641634602886387
85	4.7671321747275135	4.7671321747275135	4.7671321747275135	0	35.677054226233984	15.721669607424381	0	3241.654137439273	581.2789620915696	0	0	0	0	-9418715158431481e-21	0	0	-0.00983173145404984	-0.0016416346239463803
86	4.7671321747275135	4.7671321747275135	4.7671321747275135	0	35.67705427508397	15.721669616328258	0	3241.654210513458	581.2789687614576	0	0	0	0	-9418715061541509e-21	0	0	-0.009831731632837178	-0.0016416346406041581
87	4.7671321747275135	4.7671321747275135	4.7671321747275135	0	35.67705431127301	15.721669622906841	0	3241.6542644940446	581.2789736852114	0	0	0	0	-9418714987621658e-21	0	0	-0.009831731764468202	-0.0016416346528597202
88	4.7671321747275135	4.7671321747275135	4.7671321747275135	0	35.67705433480112	15.721669627160129	0	3241.654299381032	581.2789768628311	0	0	0	0	-9418714936671934e-21	0	0	-0.009831731848942912	-0.0016416346607130666
89	4.7671321747275135	4.7671321747275135	4.7671321747275135	0	35.67705434566828	15.721669629088122	0	3241.6543151744213	581.2789782943166	0	0	0	0	-9418714908692331e-21	0	0	-0.009831731886261307	-0.0016416346641641973
90	4.7671321747275135	4.7671321747275135	4.7671321747275135	0	35.67705434387451	15.721669628690822	0	3241.6543118742125	581.2789779796681	0	0	0	0	-9418714903682853e-21	0	0	-0.009831731876423387	-0.0016416346632131124
91	4.7671321747275135	4.7671321747275135	4.7671321747275135	0	35.677054329419796	15.721669625968227	0	3241.6542894804043	581.2789759188853	0	0	0	0	-9418714921643497e-21	0	0	-0.009831731819429153	-0.0016416346578598119
92	4.7671321747275135	4.7671321747275135	4.7671321747275135	0	35.67705430230414	15.72166962092034	0	3241.654247992998	581.2789721119684	0	0	0	0	-9418714962574267e-21	0	0	-0.009831731715278604	-0.0016416346481042956
93	4.7671321747275135	4.7671321747275135	4.7671321747275135	0	35.67705429122288	15.721669618892225	0	3241.654231512038	581.278970605266	0	0	0	0	-9418714984030467e-21	0	0	-0.009831731674676573	-0.0016416346443147087
94	4.7671321747275135	4.7671321747275135	4.7671321747275135	0	35.67705428804914	15.721669618339607	0	3241.6542272072084	581.2789702162539	0	0	0	0	-9418714994108087e-21	0	0	-0.00983173166470443	-0.0016416346433949975
95	4.7671321747275135	4.7671321747275135	4.7671321747275135	0	35.67705428501482	15.721669617811255	0	3241.654223092498	581.2789698444291	0	0	0	0	-9418715003748007e-21	0	0	-0.00983173165517411	-0.0016416346425160526
96	4.7671321747275135	4.7671321747275135	4.7671321747275135	0	35.677054282119904	15.721669617307171	0	3241.654219167908	581.2789694897914	0	0	0	0	-9418715012950225e-21	0	0	-0.009831731646085612	-0.001641634641677874
97	4.7671321747275135	4.7671321747275135	4.7671321747275135	0	35.6770542793644	15.721669616827352	0	3241.654215433438	581.2789691523408	0	0	0	0	-9418715021714743e-21	0	0	-0.009831731637438937	-0.0016416346408804612
98	4.7671321747275135	4.7671321747275135	4.7671321747275135	0	35.67705427674831	15.721669616371802	0	3241.654211889088	581.2789688320775	0	0	0	0	-9418715030041558e-21	0	0	-0.009831731629234085	-0.0016416346401238145
99	4.7671321747275135	4.7671321747275135	4.7671321747275135	0	35.677054274271626	15.721669615940517	0	3241.654208534858	581.2789685290012	0	0	0	0	-9418715037930674e-21	0	0	-0.009831731621471055	-0.001641634639407934
100	4.7671321747275135	4.7671321747275135	4.7671321747275135	0	35.67705427193435	15.721669615533497	0	3241.654205370748	581.2789682431121	0	0	0	0	-9418715045382087e-21	0	0	-0.009831731614149849	-0.0016416346387328196
101	4.7671321747275135	4.7671321747275135	4.7671321747275135	0	35.67705426973649	15.721669615150745	0	3241.654202396758	581.2789679744102	0	0	0	0	-9418715052395799e-21	0	0	-0.009831731607270466	-0.0016416346380984713
102	4.7671321747275135	4.7671321747275135	4.7671321747275135	0	35.67705426767804	15.721669614792258	0	3241.654199612888	581.2789677228955	0	0	0	0	-941871505897181e-20	0	0	-0.009831731600832906	-0.001641634637504889
103	4.7671321747275135	4.7671321747275135	4.7671321747275135	0	35.677054265759	15.721669614458039	0	3241.654197019138	581.2789674885678	0	0	0	0	-9418715065110121e-21	0	0	-0.009831731594837169	-0.001641634636952073
104	4.7671321747275135	4.7671321747275135	4.7671321747275135	0	35.67705426397937	15.721669614148086	0	3241.654194615508	581.2789672714274	0	0	0	0	-941871507081073e-20	0	0	-0.009831731589283254	-0.0016416346364400232
105	4.7671321747275135	4.7671321747275135	4.7671321747275135	0	35.67705426233915	15.721669613862398	0	3241.6541924019984	581.2789670714741	0	0	0	0	-941871507607364e-20	0	0	-0.009831731584171163	-0.0016416346359687391
106	4.7671321747275135	4.7671321747275135	4.7671321747275135	0	35.67705426083834	15.721669613600978	0	3241.6541903786083	581.278966888708	0	0	0	0	-9418715080898846e-21	0	0	-0.009831731579500893	-0.0016416346355382215
107	4.7671321747275135	4.7671321747275135	4.7671321747275135	0	35.67705425947695	15.721669613363824	0	3241.6541885453385	581.2789667231291	0	0	0	0	-9418715085286353e-21	0	0	-0.00983173157527245	-0.0016416346351484697
108	4.7671321747275135	4.7671321747275135	4.7671321747275135	0	35.677054258254955	15.721669613150935	0	3241.6541869021885	581.2789665747373	0	0	0	0	-9418715089236157e-21	0	0	-0.009831731571485825	-0.0016416346347994844
109	4.7671321747275135	4.7671321747275135	4.7671321747275135	0	35.67705425717238	15.721669612962314	0	3241.654185449159	581.2789664435327	0	0	0	0	-941871509274826e-20	0	0	-0.009831731568141025	-0.0016416346344912648
110	4.7671321747275135	4.7671321747275135	4.7671321747275135	0	35.67705425622921	15.721669612797958	0	3241.654184186249	581.2789663295151	0	0	0	0	-9418715095822663e-21	0	0	-0.009831731565238049	-0.0016416346342238116
111	4.7671321747275135	4.7671321747275135	4.7671321747275135	0	35.67705425542546	15.72166961265787	0	3241.654183113459	581.2789662326849	0	0	0	0	-9418715098459365e-21	0	0	-0.009831731562776896	-0.0016416346339971242
112	4.7671321747275135	4.7671321747275135	4.7671321747275135	0	35.67705425476111	15.721669612542048	0	3241.654182230789	581.2789661530417	0	0	0	0	-9418715100658366e-21	0	0	-0.009831731560757565	-0.001641634633811203
113	4.7671321747275135	4.7671321747275135	4.7671321747275135	0	35.677054254236175	15.721669612450492	0	3241.6541815382393	581.2789660905858	0	0	0	0	-9418715102419666e-21	0	0	-0.009831731559180056	-0.0016416346336660481
114	4.7671321747275135	4.7671321747275135	4.7671321747275135	0	35.677054253850656	15.721669612383202	0	3241.65418103581	581.2789660453169	0	0	0	0	-9418715103743263e-21	0	0	-0.009831731558044373	-0.0016416346335616592
115	4.7671321747275135	4.7671321747275135	4.7671321747275135	0	35.67705425360454	15.72166961234018	0	3241.6541807235	581.2789660172352	0	0	0	0	-9418715104629162e-21	0	0	-0.00983173155735051	-0.0016416346334980365
116	4.7671321747275135	4.7671321747275135	4.7671321747275135	0	35.677054253497836	15.721669612321424	0	3241.65418060131	581.2789660063407	0	0	0	0	-9418715105077357e-21	0	0	-0.009831731557098471	-0.0016416346334751798
117	4.7671321747275135	4.7671321747275135	4.7671321747275135	0	35.67705425353055	15.721669612326933	0	3241.6541806692403	581.2789660126333	0	0	0	0	-9418715105087852e-21	0	0	-0.009831731557288255	-0.001641634633493089
118	4.7671321747275135	4.7671321747275135	4.7671321747275135	0	35.677054253702664	15.72166961235671	0	3241.654180927291	581.2789660361132	0	0	0	0	-9418715104660646e-21	0	0	-0.009831731557919861	-0.0016416346335517645
119	4.7671321747275135	4.7671321747275135	4.7671321747275135	0	35.677054254014195	15.721669612410752	0	3241.654181375461	581.2789660767801	0	0	0	0	-9418715103795739e-21	0	0	-0.00983173155899329	-0.0016416346336512063
120	4.7671321747275135	4.7671321747275135	4.7671321747275135	0	35.67705425446513	15.72166961248906	0	3241.6541820137513	581.2789661346343	0	0	0	0	-941871510249313e-20	0	0	-0.009831731560508544	-0.001641634633791414
121	4.7671321747275135	4.7671321747275135	4.7671321747275135	0	35.67705425505549	15.721669612591636	0	3241.654182842162	581.2789662096756	0	0	0	0	-9418715100752822e-21	0	0	-0.009831731562465619	-0.0016416346339723877
122	4.7671321747275135	4.7671321747275135	4.7671321747275135	0	35.677054255785244	15.721669612718477	0	3241.6541838606922	581.278966301904	0	0	0	0	-941871509857481e-20	0	0	-0.009831731564864518	-0.0016416346341941277
123	4.7671321747275135	4.7671321747275135	4.7671321747275135	0	35.67705425665442	15.721669612869587	0	3241.6541850693425	581.2789664113196	0	0	0	0	-9418715095959098e-21	0	0	-0.00983173156770524	-0.0016416346344566338
124	4.7671321747275135	4.7671321747275135	4.7671321747275135	0	35.677054257663	15.721669613044961	0	3241.6541864681126	581.2789665379224	0	0	0	0	-9418715092905687e-21	0	0	-0.009831731570987785	-0.001641634634759906
125	4.7671321747275135	4.7671321747275135	4.7671321747275135	0	35.677054258811	15.721669613244602	0	3241.654188057003	581.2789666817123	0	0	0	0	-9418715089414573e-21	0	0	-0.009831731574712151	-0.0016416346351039442
126	4.7671321747275135	4.7671321747275135	4.7671321747275135	0	35.6770542600984	15.721669613468508	0	3241.6541898360138	581.2789668426894	0	0	0	0	-9418715085485758e-21	0	0	-0.009831731578878343	-0.0016416346354887485
127	4.7671321747275135	4.7671321747275135	4.7671321747275135	0	35.677054261525214	15.721669613716683	0	3241.654191805144	581.2789670208537	0	0	0	0	-9418715081119242e-21	0	0	-0.009831731583486355	-0.0016416346359143191
128	4.7671321747275135	4.7671321747275135	4.7671321747275135	0	35.677054263091435	15.721669613989123	0	3241.6541939643944	581.278967216205	0	0	0	0	-9418715076315024e-21	0	0	-0.009831731588536192	-0.0016416346363806555
129	4.7671321747275135	4.7671321747275135	4.7671321747275135	0	35.67705426479707	15.72166961428583	0	3241.6541963137647	581.2789674287436	0	0	0	0	-9418715071073106e-21	0	0	-0.009831731594027851	-0.0016416346368877583
130	4.7671321747275135	4.7671321747275135	4.7671321747275135	0	35.677054266642116	15.721669614606801	0	3241.6541988532554	581.2789676584694	0	0	0	0	-9418715065393488e-21	0	0	-0.009831731599961332	-0.0016416346374356272
131	4.7671321747275135	4.7671321747275135	4.7671321747275135	0	35.67705426862658	15.721669614952042	0	3241.654201582866	581.2789679053823	0	0	0	0	-9418715059276166e-21	0	0	-0.009831731606336639	-0.001641634638024262
132	4.7671321747275135	4.7671321747275135	4.7671321747275135	0	35.677054270750446	15.721669615321547	0	3241.6542045025963	581.2789681694824	0	0	0	0	-9418715052721144e-21	0	0	-0.009831731613153765	-0.001641634638653663
133	4.7671321747275135	4.7671321747275135	4.7671321747275135	0	35.677054271232954	15.721669615405895	0	3241.654205113438	581.2789682245204	0	0	0	0	-9418715051003831e-21	0	0	-0.00983173161452949	-0.0016416346387801396
134	4.7671321747275135	4.7671321747275135	4.7671321747275135	0	35.67705427138641	15.72166961543306	0	3241.654205263621	581.2789682378568	0	0	0	0	-9418715050266086e-21	0	0	-0.009831731614821707	-0.001641634638806495
135	4.7671321747275135	4.7671321747275135	4.7671321747275135	0	35.677054271535894	15.721669615459522	0	3241.654205409908	581.2789682508472	0	0	0	0	-9418715049547437e-21	0	0	-0.009831731615106323	-0.001641634638832164
136	4.7671321747275135	4.7671321747275135	4.7671321747275135	0	35.6770542716814	15.721669615485279	0	3241.6542055523	581.2789682634916	0	0	0	0	-9418715048847886e-21	0	0	-0.009831731615383334	-0.0016416346388571465
137	4.7671321747275135	4.7671321747275135	4.7671321747275135	0	35.67705427182293	15.721669615510333	0	3241.6542056907956	581.2789682757899	0	0	0	0	-9418715048167433e-21	0	0	-0.009831731615652744	-0.0016416346388814426
138	4.7671321747275135	4.7671321747275135	4.7671321747275135	0	35.67705427196048	15.721669615534683	0	3241.654205825396	581.2789682877421	0	0	0	0	-9418715047506076e-21	0	0	-0.009831731615914548	-0.0016416346389050524
139	4.7671321747275135	4.7671321747275135	4.7671321747275135	0	35.67705427209406	15.72166961555833	0	3241.6542059561	581.2789682993484	0	0	0	0	-9418715046863817e-21	0	0	-0.009831731616168751	-0.0016416346389279757
140	4.7671321747275135	4.7671321747275135	4.7671321747275135	0	35.67705427222366	15.721669615581273	0	3241.654206082909	581.2789683106087	0	0	0	0	-9418715046240655e-21	0	0	-0.00983173161641535	-0.0016416346389502125
141	4.7671321747275135	4.7671321747275135	4.7671321747275135	0	35.67705427234928	15.721669615603512	0	3241.6542062058215	581.2789683215228	0	0	0	0	-9418715045636588e-21	0	0	-0.009831731616654347	-0.001641634638971763
142	4.7671321747275135	4.7671321747275135	4.7671321747275135	0	35.67705427247093	15.721669615625048	0	3241.654206324839	581.278968332091	0	0	0	0	-941871504505162e-20	0	0	-0.00983173161688574	-0.001641634638992627
143	4.7671321747275135	4.7671321747275135	4.7671321747275135	0	35.677054272588606	15.72166961564588	0	3241.65420643996	581.2789683423131	0	0	0	0	-9418715044485748e-21	0	0	-0.009831731617109532	-0.0016416346390128046
144	4.7671321747275135	4.7671321747275135	4.7671321747275135	0	35.6770542727023	15.721669615666007	0	3241.654206551186	581.2789683521893	0	0	0	0	-9418715043938973e-21	0	0	-0.009831731617325718	-0.0016416346390322957
145	4.7671321747275135	4.7671321747275135	4.7671321747275135	0	35.67705427281202	15.721669615685434	0	3241.6542066585157	581.2789683617193	0	0	0	0	-9418715043411295e-21	0	0	-0.009831731617534303	-0.0016416346390511003
146	4.7671321747275135	4.7671321747275135	4.7671321747275135	0	35.677054272917765	15.721669615704155	0	3241.65420676195	581.2789683709034	0	0	0	0	-9418715042902715e-21	0	0	-0.009831731617735285	-0.0016416346390692187
147	4.7671321747275135	4.7671321747275135	4.7671321747275135	0	35.677054273019536	15.72166961572217	0	3241.654206861488	581.2789683797414	0	0	0	0	-9418715042413231e-21	0	0	-0.009831731617928663	-0.0016416346390866505
148	4.7671321747275135	4.7671321747275135	4.7671321747275135	0	35.67705427311732	15.721669615739485	0	3241.654206957131	581.2789683882335	0	0	0	0	-9418715041942845e-21	0	0	-0.009831731618114438	-0.0016416346391033957
149	4.7671321747275135	4.7671321747275135	4.7671321747275135	0	35.67705427321114	15.721669615756095	0	3241.6542070488777	581.2789683963794	0	0	0	0	-9418715041491556e-21	0	0	-0.00983173161829261	-0.0016416346391194547
150	4.7671321747275135	4.7671321747275135	4.7671321747275135	0	35.67705427330098	15.721669615772003	0	3241.654207136729	581.2789684041793	0	0	0	0	-9418715041059363e-21	0	0	-0.009831731618463178	-0.0016416346391348274
151	4.7671321747275135	4.7671321747275135	4.7671321747275135	0	35.677054273386844	15.721669615787205	0	3241.6542072206844	581.2789684116333	0	0	0	0	-9418715040646268e-21	0	0	-0.009831731618626145	-0.0016416346391495134
152	4.7671321747275135	4.7671321747275135	4.7671321747275135	0	35.67705427346873	15.721669615801703	0	3241.654207300744	581.2789684187411	0	0	0	0	-9418715040252269e-21	0	0	-0.009831731618781507	-0.001641634639163513
153	4.7671321747275135	4.7671321747275135	4.7671321747275135	0	35.67705427354664	15.7216696158155	0	3241.6542073769083	581.278968425503	0	0	0	0	-9418715039877367e-21	0	0	-0.009831731618929267	-0.0016416346391768264
154	4.7671321747275135	4.7671321747275135	4.7671321747275135	0	35.67705427362058	15.721669615828592	0	3241.6542074491763	581.2789684319189	0	0	0	0	-9418715039521562e-21	0	0	-0.009831731619069424	-0.001641634639189453
155	4.7671321747275135	4.7671321747275135	4.7671321747275135	0	35.67705427369054	15.72166961584098	0	3241.654207517549	581.2789684379886	0	0	0	0	-9418715039184855e-21	0	0	-0.009831731619201978	-0.0016416346392013935
156	4.7671321747275135	4.7671321747275135	4.7671321747275135	0	35.67705427375652	15.721669615852665	0	3241.6542075820257	581.2789684437124	0	0	0	0	-9418715038867245e-21	0	0	-0.009831731619326928	-0.0016416346392126473
157	4.7671321747275135	4.7671321747275135	4.7671321747275135	0	35.67705427381852	15.721669615863645	0	3241.6542076426067	581.2789684490901	0	0	0	0	-9418715038568732e-21	0	0	-0.009831731619444275	-0.0016416346392232148
158	4.7671321747275135	4.7671321747275135	4.7671321747275135	0	35.67705427387656	15.721669615873923	0	3241.654207699292	581.2789684541219	0	0	0	0	-9418715038289314e-21	0	0	-0.00983173161955402	-0.0016416346392330958
159	4.7671321747275135	4.7671321747275135	4.7671321747275135	0	35.67705427393061	15.721669615883496	0	3241.654207752081	581.2789684588076	0	0	0	0	-9418715038028995e-21	0	0	-0.009831731619656161	-0.0016416346392422905
160	4.7671321747275135	4.7671321747275135	4.7671321747275135	0	35.67705427398069	15.721669615892367	0	3241.654207800975	581.2789684631473	0	0	0	0	-9418715037787772e-21	0	0	-0.0098317316197507	-0.0016416346392507987
161	4.7671321747275135	4.7671321747275135	4.7671321747275135	0	35.67705427402679	15.721669615900533	0	3241.654207845973	581.2789684671409	0	0	0	0	-9418715037565648e-21	0	0	-0.009831731619837636	-0.0016416346392586205
162	4.7671321747275135	4.7671321747275135	4.7671321747275135	0	35.677054274068915	15.721669615907995	0	3241.6542078870752	581.2789684707885	0	0	0	0	-941871503736262e-20	0	0	-0.009831731619916968	-0.0016416346392657559
163	4.7671321747275135	4.7671321747275135	4.7671321747275135	0	35.677054274107064	15.721669615914754	0	3241.6542079242818	581.2789684740901	0	0	0	0	-9418715037178688e-21	0	0	-0.009831731619988697	-0.0016416346392722047
164	4.7671321747275135	4.7671321747275135	4.7671321747275135	0	35.677054274141234	15.72166961592081	0	3241.654207957593	581.2789684770456	0	0	0	0	-9418715037013854e-21	0	0	-0.009831731620052823	-0.001641634639277967
165	4.7671321747275135	4.7671321747275135	4.7671321747275135	0	35.67705427417143	15.721669615926162	0	3241.654207987008	581.2789684796552	0	0	0	0	-9418715036868116e-21	0	0	-0.009831731620109346	-0.001641634639283043
166	4.7671321747275135	4.7671321747275135	4.7671321747275135	0	35.67705427419766	15.72166961593081	0	3241.6542080125273	581.2789684819187	0	0	0	0	-9418715036741475e-21	0	0	-0.009831731620158267	-0.0016416346392874328
167	4.7671321747275135	4.7671321747275135	4.7671321747275135	0	35.6770542742199	15.721669615934754	0	3241.6542080341505	581.2789684838361	0	0	0	0	-9418715036633932e-21	0	0	-0.009831731620199582	-0.001641634639291136
168	4.7671321747275135	4.7671321747275135	4.7671321747275135	0	35.67705427423817	15.721669615937996	0	3241.6542080518784	581.2789684854076	0	0	0	0	-9418715036545485e-21	0	0	-0.009831731620233297	-0.0016416346392941527
169	4.7671321747275135	4.7671321747275135	4.7671321747275135	0	35.67705427425246	15.721669615940533	0	3241.6542080657105	581.2789684866331	0	0	0	0	-9418715036476137e-21	0	0	-0.009831731620259408	-0.0016416346392964828
170	4.7671321747275135	4.7671321747275135	4.7671321747275135	0	35.67705427426278	15.721669615942366	0	3241.654208075647	581.2789684875124	0	0	0	0	-9418715036425884e-21	0	0	-0.009831731620277916	-0.0016416346392981267
171	4.7671321747275135	4.7671321747275135	4.7671321747275135	0	35.67705427426912	15.721669615943496	0	3241.6542080816876	581.2789684880457	0	0	0	0	-9418715036394728e-21	0	0	-0.00983173162028882	-0.0016416346392990843
172	4.7671321747275135	4.7671321747275135	4.7671321747275135	0	35.677054274271484	15.721669615943922	0	3241.6542080838326	581.2789684882331	0	0	0	0	-941871503638267e-20	0	0	-0.009831731620292123	-0.001641634639299355
173	4.7671321747275135	4.7671321747275135	4.7671321747275135	0	35.67705427426987	15.721669615943645	0	3241.6542080820814	581.2789684880744	0	0	0	0	-9418715036389709e-21	0	0	-0.009831731620287821	-0.0016416346392989396
174	4.7671321747275135	4.7671321747275135	4.7671321747275135	0	35.677054274264286	15.721669615942664	0	3241.6542080764348	581.2789684875697	0	0	0	0	-9418715036415845e-21	0	0	-0.009831731620275917	-0.0016416346392978379
175	4.7671321747275135	4.7671321747275135	4.7671321747275135	0	35.67705427425472	15.72166961594098	0	3241.6542080668924	581.2789684867189	0	0	0	0	-9418715036461078e-21	0	0	-0.009831731620256409	-0.0016416346392960496
176	4.7671321747275135	4.7671321747275135	4.7671321747275135	0	35.677054274241186	15.721669615938591	0	3241.6542080534546	581.2789684855222	0	0	0	0	-9418715036525407e-21	0	0	-0.009831731620229298	-0.0016416346392935748
177	4.7671321747275135	4.7671321747275135	4.7671321747275135	0	35.677054274223664	15.7216696159355	0	3241.6542080361205	581.2789684839794	0	0	0	0	-9418715036608835e-21	0	0	-0.009831731620194585	-0.0016416346392904137
178	4.7671321747275135	4.7671321747275135	4.7671321747275135	0	35.67705427420218	15.721669615931704	0	3241.654208014891	581.2789684820906	0	0	0	0	-9418715036711358e-21	0	0	-0.009831731620152268	-0.001641634639286566
179	4.7671321747275135	4.7671321747275135	4.7671321747275135	0	35.677054274176704	15.721669615927205	0	3241.654207989766	581.2789684798556	0	0	0	0	-9418715036832978e-21	0	0	-0.00983173162010235	-0.001641634639282032
180	4.7671321747275135	4.7671321747275135	4.7671321747275135	0	35.67705427414726	15.721669615922002	0	3241.6542079607448	581.2789684772748	0	0	0	0	-9418715036973696e-21	0	0	-0.009831731620044826	-0.0016416346392768115
181	4.7671321747275135	4.7671321747275135	4.7671321747275135	0	35.67705427411384	15.721669615916095	0	3241.654207927828	581.2789684743478	0	0	0	0	-941871503713351e-20	0	0	-0.009831731619979701	-0.0016416346392709045
182	4.7671321747275135	4.7671321747275135	4.7671321747275135	0	35.67705427407645	15.721669615909486	0	3241.654207891015	581.2789684710749	0	0	0	0	-9418715037312423e-21	0	0	-0.009831731619906971	-0.001641634639264311
183	4.7671321747275135	4.7671321747275135	4.7671321747275135	0	35.67705427403507	15.721669615902172	0	3241.654207850307	581.2789684674559	0	0	0	0	-9418715037510432e-21	0	0	-0.00983173161982664	-0.0016416346392570313
184	4.7671321747275135	4.7671321747275135	4.7671321747275135	0	35.677054273989725	15.721669615894154	0	3241.6542078057028	581.278968463491	0	0	0	0	-9418715037727538e-21	0	0	-0.009831731619738705	-0.0016416346392490652
185	4.7671321747275135	4.7671321747275135	4.7671321747275135	0	35.6770542739404	15.721669615885434	0	3241.654207757203	581.27896845918	0	0	0	0	-941871503796374e-20	0	0	-0.009831731619643166	-0.0016416346392404124
186	4.7671321747275135	4.7671321747275135	4.7671321747275135	0	35.677054273887094	15.721669615876008	0	3241.6542077048075	581.2789684545229	0	0	0	0	-9418715038219041e-21	0	0	-0.009831731619540025	-0.0016416346392310733
187	4.7671321747275135	4.7671321747275135	4.7671321747275135	0	35.67705427382982	15.72166961586588	0	3241.654207648516	581.2789684495198	0	0	0	0	-9418715038493437e-21	0	0	-0.009831731619429282	-0.001641634639221048
188	4.7671321747275135	4.7671321747275135	4.7671321747275135	0	35.67705427376857	15.721669615855047	0	3241.6542075883294	581.2789684441707	0	0	0	0	-941871503878693e-20	0	0	-0.009831731619310934	-0.001641634639210336
189	4.7671321747275135	4.7671321747275135	4.7671321747275135	0	35.677054273703334	15.721669615843512	0	3241.6542075242464	581.2789684384755	0	0	0	0	-9418715039099521e-21	0	0	-0.009831731619184984	-0.0016416346391989376
190	4.7671321747275135	4.7671321747275135	4.7671321747275135	0	35.677054273634134	15.721669615831273	0	3241.654207456268	581.2789684324343	0	0	0	0	-941871503943121e-20	0	0	-0.00983173161905143	-0.0016416346391868526
191	4.7671321747275135	4.7671321747275135	4.7671321747275135	0	35.67705427356095	15.72166961581833	0	3241.654207384394	581.2789684260472	0	0	0	0	-9418715039781995e-21	0	0	-0.009831731618910274	-0.0016416346391740814
192	4.7671321747275135	4.7671321747275135	4.7671321747275135	0	35.67705427348379	15.721669615804684	0	3241.654207308624	581.278968419314	0	0	0	0	-9418715040151877e-21	0	0	-0.009831731618761514	-0.0016416346391606238
193	4.7671321747275135	4.7671321747275135	4.7671321747275135	0	35.67705427340266	15.721669615790333	0	3241.654207228958	581.2789684122347	0	0	0	0	-9418715040540855e-21	0	0	-0.009831731618605153	-0.0016416346391464798
194	4.7671321747275135	4.7671321747275135	4.7671321747275135	0	35.677054273317545	15.72166961577528	0	3241.6542071453964	581.2789684048095	0	0	0	0	-9418715040948931e-21	0	0	-0.009831731618441187	-0.0016416346391316492
195	4.7671321747275135	4.7671321747275135	4.7671321747275135	0	35.677054273228464	15.721669615759522	0	3241.6542070579394	581.2789683970382	0	0	0	0	-9418715041376104e-21	0	0	-0.009831731618269618	-0.001641634639116132
196	4.7671321747275135	4.7671321747275135	4.7671321747275135	0	35.6770542731354	15.72166961574306	0	3241.6542069665866	581.2789683889208	0	0	0	0	-9418715041822375e-21	0	0	-0.009831731618090447	-0.0016416346390999287
197	4.7671321747275135	4.7671321747275135	4.7671321747275135	0	35.67705427303836	15.721669615725895	0	3241.654206871338	581.2789683804574	0	0	0	0	-9418715042287742e-21	0	0	-0.009831731617903672	-0.0016416346390830388
198	4.7671321747275135	4.7671321747275135	4.7671321747275135	0	35.67705427293735	15.721669615708027	0	3241.6542067721934	581.278968371648	0	0	0	0	-9418715042772205e-21	0	0	-0.009831731617709293	-0.0016416346390654625
199	4.7671321747275135	4.7671321747275135	4.7671321747275135	0	35.67705427283236	15.721669615689455	0	3241.654206669153	581.2789683624926	0	0	0	0	-9418715043275767e-21	0	0	-0.009831731617507312	-0.0016416346390471998
200	4.7671321747275135	4.7671321747275135	4.7671321747275135	0	35.67705427278631	15.721669615681275	0	3241.6542066255315	581.2789683586262	0	0	0	0	-9418715043503574e-21	0	0	-0.009831731617425104	-0.0016416346390398875
201	4.7671321747275135	4.7671321747275135	4.7671321747275135	0	35.67705427277516	15.721669615679252	0	3241.6542066169613	581.2789683578791	0	0	0	0	-9418715043567442e-21	0	0	-0.009831731617413261	-0.001641634639038997
202	4.7671321747275135	4.7671321747275135	4.7671321747275135	0	35.6770542727645	15.721669615677316	0	3241.654206608761	581.2789683571642	0	0	0	0	-941871504362852e-20	0	0	-0.009831731617401926	-0.0016416346390381426
203	4.7671321747275135	4.7671321747275135	4.7671321747275135	0	35.677054272754326	15.721669615675468	0	3241.6542066009297	581.2789683564815	0	0	0	0	-941871504368681e-20	0	0	-0.0098317316173911	-0.0016416346390373247
204	4.7671321747275135	4.7671321747275135	4.7671321747275135	0	35.67705427274463	15.721669615673708	0	3241.6542065934686	581.278968355831	0	0	0	0	-9418715043742307e-21	0	0	-0.009831731617380782	-0.0016416346390365432
205	4.7671321747275135	4.7671321747275135	4.7671321747275135	0	35.67705427273542	15.721669615672036	0	3241.654206586377	581.2789683552129	0	0	0	0	-9418715043795015e-21	0	0	-0.009831731617370974	-0.001641634639035798
206	4.7671321747275135	4.7671321747275135	4.7671321747275135	0	35.67705427272669	15.721669615670452	0	3241.654206579655	581.2789683546268	0	0	0	0	-9418715043844932e-21	0	0	-0.009831731617361672	-0.001641634639035089
207	4.7671321747275135	4.7671321747275135	4.7671321747275135	0	35.67705427271845	15.721669615668956	0	3241.6542065733024	581.2789683540732	0	0	0	0	-9418715043892061e-21	0	0	-0.009831731617352879	-0.0016416346390344166
208	4.7671321747275135	4.7671321747275135	4.7671321747275135	0	35.677054272710684	15.721669615667546	0	3241.6542065673198	581.2789683535516	0	0	0	0	-9418715043936398e-21	0	0	-0.009831731617344595	-0.0016416346390337804
209	4.7671321747275135	4.7671321747275135	4.7671321747275135	0	35.67705427270341	15.721669615666226	0	3241.6542065617064	581.2789683530624	0	0	0	0	-9418715043977945e-21	0	0	-0.009831731617336819	-0.0016416346390331806
210	4.7671321747275135	4.7671321747275135	4.7671321747275135	0	35.677054272696616	15.721669615664991	0	3241.6542065564627	581.2789683526054	0	0	0	0	-9418715044016704e-21	0	0	-0.00983173161732955	-0.0016416346390326173
211	4.7671321747275135	4.7671321747275135	4.7671321747275135	0	35.6770542726903	15.721669615663846	0	3241.6542065515887	581.2789683521805	0	0	0	0	-941871504405267e-20	0	0	-0.009831731617322792	-0.0016416346390320902
212	4.7671321747275135	4.7671321747275135	4.7671321747275135	0	35.67705427268447	15.721669615662787	0	3241.6542065470844	581.278968351788	0	0	0	0	-9418715044085847e-21	0	0	-0.009831731617316541	-0.0016416346390315992
213	4.7671321747275135	4.7671321747275135	4.7671321747275135	0	35.67705427267913	15.721669615661817	0	3241.65420654295	581.2789683514276	0	0	0	0	-9418715044116235e-21	0	0	-0.009831731617310798	-0.001641634639031145
214	4.7671321747275135	4.7671321747275135	4.7671321747275135	0	35.67705427267427	15.721669615660934	0	3241.6542065391845	581.2789683510995	0	0	0	0	-9418715044143831e-21	0	0	-0.009831731617305564	-0.0016416346390307269
215	4.7671321747275135	4.7671321747275135	4.7671321747275135	0	35.677054272669885	15.72166961566014	0	3241.654206535789	581.2789683508036	0	0	0	0	-9418715044168638e-21	0	0	-0.009831731617300839	-0.001641634639030345
216	4.7671321747275135	4.7671321747275135	4.7671321747275135	0	35.67705427266599	15.721669615659433	0	3241.654206532763	581.2789683505399	0	0	0	0	-9418715044190654e-21	0	0	-0.009831731617296622	-0.0016416346390299996
217	4.7671321747275135	4.7671321747275135	4.7671321747275135	0	35.67705427266258	15.721669615658813	0	3241.654206530107	581.2789683503086	0	0	0	0	-9418715044209881e-21	0	0	-0.009831731617292913	-0.0016416346390296906
218	4.7671321747275135	4.7671321747275135	4.7671321747275135	0	35.67705427265965	15.721669615658282	0	3241.6542065278204	581.2789683501094	0	0	0	0	-9418715044226317e-21	0	0	-0.009831731617289712	-0.0016416346390294178
219	4.7671321747275135	4.7671321747275135	4.7671321747275135	0	35.67705427265721	15.721669615657838	0	3241.654206525903	581.2789683499424	0	0	0	0	-9418715044239963e-21	0	0	-0.00983173161728702	-0.0016416346390291815
220	4.7671321747275135	4.7671321747275135	4.7671321747275135	0	35.67705427265524	15.721669615657481	0	3241.6542065243557	581.2789683498077	0	0	0	0	-941871504425082e-20	0	0	-0.009831731617284836	-0.0016416346390289815
221	4.7671321747275135	4.7671321747275135	4.7671321747275135	0	35.67705427265376	15.721669615657213	0	3241.654206523178	581.2789683497051	0	0	0	0	-9418715044258886e-21	0	0	-0.00983173161728316	-0.0016416346390288178
222	4.7671321747275135	4.7671321747275135	4.7671321747275135	0	35.67705427265277	15.721669615657033	0	3241.65420652237	581.2789683496349	0	0	0	0	-9418715044264163e-21	0	0	-0.009831731617281993	-0.0016416346390286905
223	4.7671321747275135	4.7671321747275135	4.7671321747275135	0	35.677054272652256	15.721669615656939	0	3241.654206521931	581.2789683495969	0	0	0	0	-9418715044266648e-21	0	0	-0.009831731617281333	-0.0016416346390285997
224	4.7671321747275135	4.7671321747275135	4.7671321747275135	0	35.67705427265223	15.721669615656934	0	3241.6542065218623	581.2789683495911	0	0	0	0	-9418715044266343e-21	0	0	-0.009831731617281184	-0.001641634639028545
225	4.7671321747275135	4.7671321747275135	4.7671321747275135	0	35.677054272652676	15.721669615657017	0	3241.654206522163	581.2789683496176	0	0	0	0	-941871504426325e-20	0	0	-0.009831731617281542	-0.0016416346390285266
226	4.7671321747275135	4.7671321747275135	4.7671321747275135	0	35.67705427265361	15.721669615657188	0	3241.654206522833	581.2789683496762	0	0	0	0	-9418715044257364e-21	0	0	-0.009831731617282409	-0.0016416346390285448
227	4.7671321747275135	4.7671321747275135	4.7671321747275135	0	35.677054272655035	15.721669615657445	0	3241.6542065238727	581.2789683497671	0	0	0	0	-9418715044248689e-21	0	0	-0.009831731617283783	-0.0016416346390285992
228	4.7671321747275135	4.7671321747275135	4.7671321747275135	0	35.67705427265694	15.72166961565779	0	3241.6542065252825	581.2789683498902	0	0	0	0	-9418715044237225e-21	0	0	-0.009831731617285667	-0.0016416346390286899
229	4.7671321747275135	4.7671321747275135	4.7671321747275135	0	35.677054272659326	15.721669615658223	0	3241.6542065270614	581.2789683500456	0	0	0	0	-941871504422297e-20	0	0	-0.009831731617288057	-0.001641634639028817
230	4.7671321747275135	4.7671321747275135	4.7671321747275135	0	35.6770542726622	15.721669615658746	0	3241.65420652921	581.2789683502332	0	0	0	0	-9418715044205924e-21	0	0	-0.009831731617290958	-0.0016416346390289804
231	4.7671321747275135	4.7671321747275135	4.7671321747275135	0	35.67705427266555	15.721669615659355	0	3241.6542065317285	581.278968350453	0	0	0	0	-941871504418609e-20	0	0	-0.009831731617294366	-0.0016416346390291804
232	4.7671321747275135	4.7671321747275135	4.7671321747275135	0	35.67705427266939	15.721669615660051	0	3241.6542065346166	581.2789683507051	0	0	0	0	-9418715044163464e-21	0	0	-0.009831731617298282	-0.0016416346390294165
233	4.7671321747275135	4.7671321747275135	4.7671321747275135	0	35.6770542726737	15.721669615660835	0	3241.6542065378744	581.2789683509894	0	0	0	0	-941871504413805e-20	0	0	-0.009831731617302707	-0.0016416346390296889
234	4.7671321747275135	4.7671321747275135	4.7671321747275135	0	35.677054272678504	15.721669615661707	0	3241.6542065415015	581.2789683513059	0	0	0	0	-9418715044109843e-21	0	0	-0.00983173161730764	-0.0016416346390299979
235	4.7671321747275135	4.7671321747275135	4.7671321747275135	0	35.67705427268379	15.721669615662668	0	3241.6542065454983	581.2789683516547	0	0	0	0	-9418715044078849e-21	0	0	-0.009831731617313082	-0.001641634639030343
236	4.7671321747275135	4.7671321747275135	4.7671321747275135	0	35.67705427268956	15.721669615663714	0	3241.6542065498647	581.2789683520357	0	0	0	0	-9418715044045062e-21	0	0	-0.009831731617319033	-0.0016416346390307245
237	4.7671321747275135	4.7671321747275135	4.7671321747275135	0	35.67705427269581	15.721669615664851	0	3241.6542065546005	581.2789683524489	0	0	0	0	-9418715044008486e-21	0	0	-0.009831731617325491	-0.0016416346390311423
238	4.7671321747275135	4.7671321747275135	4.7671321747275135	0	35.67705427270255	15.721669615666073	0	3241.6542065597064	581.2789683528944	0	0	0	0	-941871504396912e-20	0	0	-0.009831731617332458	-0.0016416346390315966
239	4.7671321747275135	4.7671321747275135	4.7671321747275135	0	35.67705427270977	15.721669615667384	0	3241.6542065651815	581.2789683533721	0	0	0	0	-9418715043926964e-21	0	0	-0.009831731617339934	-0.0016416346390320871
240	4.7671321747275135	4.7671321747275135	4.7671321747275135	0	35.67705427271747	15.721669615668782	0	3241.6542065710264	581.278968353882	0	0	0	0	-9418715043882019e-21	0	0	-0.009831731617347917	-0.001641634639032614
