0	4.7671321747275135	4.7671321747275135	4.7671321747275135	0	0	0	0	0	0	0	0	0	0	0	0	0	0	0
1	4.7671321747275135	4.7671321747275135	4.7671321747275135	0	0	0	0	0	0	0	0	0	0	0	0	0	0	0
2	4.7671321747275135	4.7671321747275135	4.7671321747275135	0	0	0	0	0	0	0	0	0	0	0	0	0	0	0
3	4.7671321747275135	4.7671321747275135	4.7671321747275135	0	0	0	0	0	0	0	0	0	0	0	0	0	0	0
4	4.7671321747275135	4.7671321747275135	4.7671321747275135	0	0	0	0	0	0	0	0	0	0	0	0	0	0	0
5	4.7671321747275135	4.7671321747275135	4.7671321747275135	0	0	0	0	0	0	0	0	0	0	0	0	0	0	0
6	4.7671321747275135	4.7671321747275135	4.7671321747275135	0	0	0	0	0	0	0	0	0	0	0	0	0	0	0
7	4.7671321747275135	4.7671321747275135	4.7671321747275135	0	0	0	0	0	0	0	0	0	0	0	0	0	0	0
8	4.7671321747275135	4.7671321747275135	4.7671321747275135	0	0	0	0	0	0	0	0	0	0	0	0	0	0	0
9	4.7671321747275135	4.7671321747275135	4.7671321747275135	0	0	0	0	0	0	0	0	0	0	0	0	0	0	0
10	4.7671321747275135	4.7671321747275135	4.7671321747275135	0	0	0	0	0	0	0	0	0	0	0	0	0	0	0
11	4.7671321747275135	4.7671321747275135	4.7671321747275135	0	0	0	0	0	0	0	0	0	0	0	0	0	0	0
12	4.767132174727515	4.767132174727515	4.7671321747275135	45.59033897322476	50.646211300103936	21.118874112019732	4076.1105051169625	3731.4126162974935	643.0618188689905	0	0	0	0	-0.011505452733171252	-41461937170951955e-21	0	-1.1839824921984972	-0.003376015243002909
13	4.7671321747275135	4.7671321747275135	4.7671321747275135	45.59161011814436	50.99028582754988	21.165778058207998	4717.332831308086	4519.060372739948	765.4153942358693	0	0	0	0	-0.009569139061946298	-1972884866429699e-20	0	-0.9343816014183399	-0.0011767672086623578
14	4.7671321747275135	4.7671321747275135	4.7671321747275135	45.59161014885351	51.02318132820131	21.170174312936183	4794.990302056771	4621.240000771168	780.6023319270494	0	0	0	0	-0.009375304800363915	-17054215382630337e-21	0	-0.8646532593611465	-0.0007145129028244721
15	4.7671321747275135	4.7671321747275135	4.7671321747275135	45.59161014885388	51.02712270058134	21.170708270750648	4804.369289024889	4634.3415559023915	782.4781697722974	0	0	0	0	-0.009351904169092859	-16632817800345146e-21	0	-0.8517295260321386	-0.0006296589747919286
16	4.7671321747275135	4.7671321747275135	4.7671321747275135	45.59161014885389	51.02760210678079	21.17077422396075	4805.489190400476	4635.999336280884	782.7073420444674	0	0	0	0	-0.009349041975342202	-16568462097083852e-21	0	-0.8496303643714048	-0.0006149568485235013
17	4.7671321747275135	4.7671321747275135	4.7671321747275135	45.59161014885388	51.02765865772543	21.170782123585834	4805.61925108113	4636.203586506126	782.7346180650214	0	0	0	0	-0.009348701927095415	-16559195921115118e-21	0	-0.8493163669223796	-0.0006125453662537121
18	4.7671321747275135	4.7671321747275135	4.7671321747275135	45.59161014885388	51.02766466855329	21.170782979242507	4805.632418918888	4636.225721118215	782.7374629187635	0	0	0	0	-0.009348665592463043	-16558024582229898e-21	0	-0.8492758001669999	-0.000612196667435158
19	4.7671321747275135	4.7671321747275135	4.7671321747275135	45.59161014885389	51.0276653424545	21.170783077609084	4805.633839184599	4636.2283499450505	782.7377837439964	0	0	0	0	-0.009348661465316804	-16557860321113534e-21	0	-0.8492699597342178	-0.0006121393780612719
20	4.7671321747275135	4.7671321747275135	4.7671321747275135	45.59161014885388	51.02766521726771	21.170783059784647	4805.63352707216	4636.227811987516	782.7377156015062	0	0	0	0	-0.00934866223865075	-16557889163333183e-21	0	-0.8492709986764226	-0.0006121478914050813
21	4.7671321747275135	4.7671321747275135	4.7671321747275135	45.59161014885388	51.02766512841914	21.170783046968324	4805.633336651426	4636.22748033558	782.737673824375	0	0	0	0	-0.00934866277707196	-16557907942315967e-21	0	-0.8492716535205004	-0.0006121534051958095
22	4.7671321747275135	4.7671321747275135	4.7671321747275135	45.59161014885388	51.02766508425737	21.17078304058746	4805.63324337582	4636.227316839811	782.7376532989626	0	0	0	0	-0.009348663044462727	-1655791732627848e-20	0	-0.849271980572855	-0.0006121561968843642
23	4.7671321747275135	4.7671321747275135	4.7671321747275135	45.59161014885388	51.02766508478243	21.170783040642053	4805.63324724534	4636.227321500208	782.7376540252694	0	0	0	0	-0.009348663040823055	-1655791731522073e-20	0	-0.8492719798334866	-0.0006121562664707452
24	4.7671321747275135	4.7671321747275135	4.7671321747275135	45.59161014885388	51.0276651299943	21.1707830471321	4805.633348259987	4636.227494316772	782.7376760032953	0	0	0	0	-0.009348662766152942	-16557907909142714e-21	0	-0.849271651302395	-0.0006121536139549526
25	4.7671321747275135	4.7671321747275135	4.7671321747275135	45.59161014885389	51.027665140708436	21.170783048685152	4805.6333695839285	4636.227531773007	782.7376807003387	0	0	0	0	-0.009348662701780416	-1655790572241347e-20	0	-0.849271576088498	-0.0006121529724815683
26	4.7671321747275135	4.7671321747275135	4.7671321747275135	45.59161014885389	51.02766515020156	21.17078305006177	4805.633388381315	4636.227564828301	782.7376848430439	0	0	0	0	-0.009348662644771208	-16557903786925237e-21	0	-0.8492715095640626	-0.0006121524039472112
27	4.7671321747275135	4.7671321747275135	4.7671321747275135	45.59161014885389	51.027665158825414	21.170783051312416	4805.633405446537	4636.227594841523	782.7376886042379	0	0	0	0	-0.009348662592985082	-1655790202891585e-20	0	-0.8492714491463426	-0.0006121518874840186
28	4.7671321747275135	4.7671321747275135	4.7671321747275135	45.59161014885388	51.02766516658	21.170783052437084	4805.633420779593	4636.227621812674	782.7376919839205	0	0	0	0	-0.009348662546422044	-165579004483853e-19	0	-0.8492713948353379	-0.0006121514230919902
29	4.7671321747275135	4.7671321747275135	4.7671321747275135	45.59161014885388	51.02766517346532	21.17078305343578	4805.633434380484	4636.227645741754	782.7376949820919	0	0	0	0	-0.009348662505082088	-16557899045333586e-21	0	-0.8492713466310486	-0.0006121510107711261
30	4.7671321747275135	4.7671321747275135	4.7671321747275135	45.59161014885388	51.02766517948138	21.1707830543085	4805.63344624921	4636.227666628763	782.7376975987519	0	0	0	0	-0.009348662468965218	-16557897819760717e-21	0	-0.8492713045334748	-0.0006121506505214264
31	4.7671321747275135	4.7671321747275135	4.7671321747275135	45.59161014885388	51.02766518462817	21.170783055055246	4805.63345638577	4636.2276844737	782.7376998339006	0	0	0	0	-0.009348662438071432	-16557896771666685e-21	0	-0.8492712685426164	-0.0006121503423428911
32	4.7671321747275135	4.7671321747275135	4.7671321747275135	45.59161014885388	51.027665188905694	21.17078305567602	4805.633464790166	4636.227699276566	782.737701687538	0	0	0	0	-0.009348662412400732	-16557895901051497e-21	0	-0.8492712386584733	-0.0006121500862355201
33	4.7671321747275135	4.7671321747275135	4.7671321747275135	45.59161014885388	51.027665192313954	21.17078305617082	4805.633471462395	4636.227711037362	782.7377031596641	0	0	0	0	-0.009348662391953115	-16557895207915146e-21	0	-0.8492712148810456	-0.0006121498821993135
34	4.7671321747275135	4.7671321747275135	4.7671321747275135	45.59161014885388	51.02766519485294	21.17078305653964	4805.6334764024605	4636.227719756086	782.737704250279	0	0	0	0	-0.009348662376728585	-16557894692257635e-21	0	-0.8492711972103333	-0.0006121497302342711
35	4.7671321747275135	4.7671321747275135	4.7671321747275135	45.59161014885388	51.027665196522676	21.170783056782494	4805.63347961036	4636.227725432739	782.7377049593824	0	0	0	0	-0.009348662366727137	-16557894354078962e-21	0	-0.8492711856463364	-0.0006121496303403933
36	4.7671321747275135	4.7671321747275135	4.7671321747275135	45.59161014885388	51.02766519732313	21.170783056899367	4805.633481086094	4636.227728067321	782.7377052869747	0	0	0	0	-0.009348662361948775	-16557894193379133e-21	0	-0.8492711801890549	-0.0006121495825176796
37	4.7671321747275135	4.7671321747275135	4.7671321747275135	45.59161014885388	51.02766519725433	21.17078305689027	4805.633480829664	4636.2277276598315	782.7377052330556	0	0	0	0	-0.009348662362393498	-1655789421015814e-20	0	-0.8492711808384888	-0.0006121495867661304
38	4.7671321747275135	4.7671321747275135	4.7671321747275135	45.59161014885388	51.027665196316256	21.170783056755198	4805.633478841068	4636.227724210271	782.7377047976252	0	0	0	0	-0.009348662368061306	-1655789440441599e-20	0	-0.849271187594638	-0.0006121496430857454
39	4.7671321747275135	4.7671321747275135	4.7671321747275135	45.59161014885388	51.02766519450892	21.17078305649415	4805.633475120307	4636.22771771864	782.7377039806836	0	0	0	0	-0.009348662378952198	-1655789477615268e-20	0	-0.8492712004575028	-0.0006121497514765248
40	4.7671321747275135	4.7671321747275135	4.7671321747275135	45.59161014885388	51.02766519183232	21.17078305610713	4805.63346966738	4636.227708184937	782.7377027822306	0	0	0	0	-0.009348662395066175	-16557895325368207e-21	0	-0.8492712194270828	-0.0006121499119384686
41	4.7671321747275135	4.7671321747275135	4.7671321747275135	45.59161014885388	51.027665188286456	21.170783055594136	4805.633462482288	4636.227695609163	782.7377012022663	0	0	0	0	-0.009348662416403237	-16557896052062577e-21	0	-0.8492712445033783	-0.0006121501244715767
42	4.7671321747275135	4.7671321747275135	4.7671321747275135	45.59161014885388	51.02766518387132	21.170783054955166	4805.633453565031	4636.227679991318	782.7376992407907	0	0	0	0	-0.009348662442963384	-16557896956235784e-21	0	-0.8492712756863892	-0.0006121503890758491
43	4.7671321747275135	4.7671321747275135	4.7671321747275135	45.59161014885388	51.02766517858692	21.17078305419022	4805.633442915609	4636.227661331402	782.7376968978039	0	0	0	0	-0.009348662474746614	-16557898037887835e-21	0	-0.8492713129761154	-0.000612150705751286
44	4.7671321747275135	4.7671321747275135	4.7671321747275135	45.59161014885388	51.02766517243325	21.170783053299303	4805.6334305340215	4636.227639629415	782.7376941733057	0	0	0	0	-0.00934866251175293	-16557899297018723e-21	0	-0.849271356372557	-0.000612151074497887
45	4.7671321747275135	4.7671321747275135	4.7671321747275135	45.59161014885388	51.02766516985317	21.170783052923795	4805.633425665482	4636.227631032739	782.7376930982161	0	0	0	0	-0.00934866252716189	-16557899809903807e-21	0	-0.8492713738080018	-0.0006121512242548451
46	4.7671321747275135	4.7671321747275135	4.7671321747275135	45.59161014885388	51.02766516888426	21.170783052781005	4805.633424128968	4636.227628259034	782.7376927552834	0	0	0	0	-0.009348662532851822	-16557899988857454e-21	0	-0.8492713796663894	-0.0006121512760725209
47	4.7671321747275135	4.7671321747275135	4.7671321747275135	45.59161014885388	51.0276651679882	21.17078305264895	4805.633422707933	4636.227625693557	782.7376924381103	0	0	0	0	-0.009348662538114337	-16557900154399923e-21	0	-0.8492713850858771	-0.0006121513240148291
48	4.7671321747275135	4.7671321747275135	4.7671321747275135	45.59161014885389	51.027665167164976	21.170783052527625	4805.633421402378	4636.227623336308	782.7376921466968	0	0	0	0	-0.00934866254294943	-16557900306531204e-21	0	-0.8492713900664646	-0.0006121513680817696
49	4.7671321747275135	4.7671321747275135	4.7671321747275135	45.59161014885389	51.02766516641459	21.170783052417033	4805.633420212302	4636.2276211872895	782.7376918810428	0	0	0	0	-0.009348662547357106	-16557900445251305e-21	0	-0.8492713946081522	-0.0006121514082733424
50	4.7671321747275135	4.7671321747275135	4.7671321747275135	45.59161014885389	51.02766516573706	21.170783052317176	4805.633419137705	4636.227619246499	782.7376916411483	0	0	0	0	-0.00934866255133736	-16557900570560224e-21	0	-0.8492713987109396	-0.0006121514445895477
51	4.7671321747275135	4.7671321747275135	4.7671321747275135	45.59161014885389	51.02766516513237	21.17078305222805	4805.633418178586	4636.227617513937	782.7376914270135	0	0	0	0	-0.009348662554890197	-1655790068245796e-20	0	-0.849271402374827	-0.0006121514770303852
52	4.7671321747275135	4.7671321747275135	4.7671321747275135	45.59161014885389	51.02766516460052	21.170783052149655	4805.633417334948	4636.227615989604	782.7376912386383	0	0	0	0	-0.009348662558015612	-16557900780944512e-21	0	-0.8492714055998145	-0.000612151505595855
53	4.7671321747275135	4.7671321747275135	4.7671321747275135	45.59161014885389	51.02766516414152	21.170783052081998	4805.633416606788	4636.227614673499	782.7376910760225	0	0	0	0	-0.009348662560713608	-1655790086601988e-20	0	-0.8492714083859019	-0.0006121515302859572
54	4.7671321747275135	4.7671321747275135	4.7671321747275135	45.59161014885389	51.02766516375535	21.17078305202507	4805.633415994108	4636.227613565625	782.7376909391664	0	0	0	0	-0.009348662562984184	-16557900937684066e-21	0	-0.8492714107330892	-0.0006121515511006917
55	4.7671321747275135	4.7671321747275135	4.7671321747275135	45.59161014885389	51.02766516344203	21.170783051978876	4805.633415496906	4636.227612665978	782.73769082807	0	0	0	0	-0.009348662564827342	-1655790099593707e-20	0	-0.8492714126413765	-0.0006121515680400585
56	4.7671321747275135	4.7671321747275135	4.7671321747275135	45.59161014885389	51.027665163201554	21.170783051943413	4805.633415115184	4636.227611974559	782.737690742733	0	0	0	0	-0.009348662566243079	-16557901040778892e-21	0	-0.8492714141107637	-0.0006121515811040576
57	4.7671321747275135	4.7671321747275135	4.7671321747275135	45.59161014885389	51.02766516303392	21.170783051918686	4805.633414848941	4636.22761149137	782.7376906831556	0	0	0	0	-0.009348662567231396	-1655790107220953e-20	0	-0.8492714151412509	-0.0006121515902926891
58	4.7671321747275135	4.7671321747275135	4.7671321747275135	45.59161014885389	51.02766516293914	21.170783051904692	4805.633414698177	4636.22761121641	782.7376906493378	0	0	0	0	-0.009348662567792295	-16557901090228984e-21	0	-0.8492714157328382	-0.0006121515956059528
59	4.7671321747275135	4.7671321747275135	4.7671321747275135	45.59161014885389	51.02766516291719	21.170783051901427	4805.633414662892	4636.2276111496785	782.7376906412795	0	0	0	0	-0.009348662567925773	-16557901094837257e-21	0	-0.8492714158855252	-0.0006121515970438489
60	4.7671321747275135	4.7671321747275135	4.7671321747275135	45.59161014885389	51.027665162968084	21.1707830519089	4805.633414743087	4636.227611291176	782.7376906589809	0	0	0	0	-0.009348662567631831	-16557901086034348e-21	0	-0.8492714155993124	-0.0006121515946063774
61	4.7671321747275135	4.7671321747275135	4.7671321747275135	45.59161014885389	51.027665163091825	21.170783051927103	4805.63341493876	4636.227611640901	782.7376907024418	0	0	0	0	-0.00934866256691047	-16557901063820255e-21	0	-0.8492714148741994	-0.0006121515882935381
62	4.7671321747275135	4.7671321747275135	4.7671321747275135	45.59161014885388	51.02766516328841	21.17078305195604	4805.633415249913	4636.227612198856	782.7376907716623	0	0	0	0	-0.00934866256576169	-16557901028194978e-21	0	-0.8492714137101864	-0.0006121515781053313
63	4.7671321747275135	4.7671321747275135	4.7671321747275135	45.59161014885388	51.027665163557835	21.170783051995706	4805.633415676545	4636.227612965039	782.7376908666423	0	0	0	0	-0.00934866256418549	-1655790097915852e-20	0	-0.8492714121072735	-0.0006121515640417567
64	4.7671321747275135	4.7671321747275135	4.7671321747275135	45.59161014885388	51.0276651639001	21.170783052046108	4805.633416218656	4636.227613939452	782.7376909873819	0	0	0	0	-0.009348662562181871	-16557900916710876e-21	0	-0.8492714100654605	-0.0006121515461028145
65	4.7671321747275135	4.7671321747275135	4.7671321747275135	45.59161014885388	51.027665164315216	21.170783052107243	4805.633416876246	4636.227615122092	782.7376911338812	0	0	0	0	-0.009348662559750831	-16557900840852052e-21	0	-0.8492714075847474	-0.0006121515242885044
66	4.7671321747275135	4.7671321747275135	4.7671321747275135	45.59161014885388	51.027665164803174	21.17078305217911	4805.633417649316	4636.2276165129615	782.7376913061399	0	0	0	0	-0.009348662556892373	-16557900751582044e-21	0	-0.8492714046651342	-0.0006121514985988268
67	4.7671321747275135	4.7671321747275135	4.7671321747275135	45.59161014885388	51.02766516536398	21.17078305226171	4805.633418537865	4636.227618112061	782.7376915041583	0	0	0	0	-0.009348662553606495	-16557900648900854e-21	0	-0.849271401306621	-0.0006121514690337817
68	4.7671321747275135	4.7671321747275135	4.7671321747275135	45.591610148853874	51.02766516599762	21.170783052355045	4805.633419541892	4636.2276199193875	782.7376917279363	0	0	0	0	-0.009348662549893196	-1655790053280848e-20	0	-0.8492713975092079	-0.0006121514355933687
69	4.7671321747275135	4.7671321747275135	4.7671321747275135	45.591610148853896	51.02766516650186	21.17078305243003	4805.633420233102	4636.227621179307	782.737691882948	0	0	0	0	-0.009348662546932993	-16557900444337305e-21	0	-0.849271394803929	-0.0006121514114838344
70	4.7671321747275135	4.7671321747275135	4.7671321747275135	45.5916101488539	51.02766516669418	21.17078305245868	4805.633420503141	4636.227621680011	782.7376919440208	0	0	0	0	-0.009348662545785412	-16557900408616967e-21	0	-0.8492713936960568	-0.0006121514014001056
71	4.7671321747275135	4.7671321747275135	4.7671321747275135	45.59161014885388	51.02766516660166	21.17078305244462	4805.63342045331	4636.227621596962	782.7376919333132	0	0	0	0	-0.009348662546291422	-16557900418272204e-21	0	-0.8492713938421009	-0.000612151402432505
72	4.7671321747275135	4.7671321747275135	4.7671321747275135	45.59161014885388	51.02766516660166	21.17078305244462	4805.63342045331	4636.227621596962	782.7376919333132	0	0	0	0	-0.009348662546291422	-16557900418272204e-21	0	-0.8492713938421009	-0.000612151402432505
73	4.7671321747275135	4.7671321747275135	4.7671321747275135	0.0012447813665884897	50.05650809147318	20.8064426339345	729.4256619501483	4599.097949696246	777.0611603425897	0	0	0	0	-0.010057833670493215	-18336617964953428e-21	0	-0.8759650178474198	-0.0006379239331607925
74	4.7671321747275135	4.767132174727514	4.7671321747275135	0	44.990946591412204	18.935167693986113	88.2874627247458	4321.237320731442	735.0646092578766	0	0	0	0	-0.014436367723470834	-3408950192048442e-20	0	-1.1032309352839769	-0.0009374054426692458
75	4.7671321747275135	4.7671321747275135	4.7671321747275135	0	38.24709988440498	16.545861025188497	10.67700289688881	3732.6261592327464	648.6423471244854	0	0	0	0	-0.02265330311561784	-9804909259308025e-20	0	-1.7310796725058766	-0.002460164106472685
76	4.7671321747275135	4.7671321747275135	4.7671321747275135	0	36.09501527887376	15.843354667422778	1.2856118611466287	3371.945012460393	598.2239524738638	0	0	0	0	-0.026682942410627408	-0.00017680452908496965	0	-2.2616898057450805	-0.005270677524133869
77	4.7671321747275135	4.7671321747275135	4.7671321747275135	0	35.73717071728826	15.737787929207055	0.15483829435654248	3268.036398600309	584.5326250615497	0	0	0	0	-0.027632366563135495	-0.000211579343482459	0	-2.463692621120919	-0.007233891724803005
78	4.7671321747275135	4.7671321747275135	4.7671321747275135	0	35.68539840726358	15.723764814441159	0.018483189128854015	3246.320490624785	581.8273519132005	0	0	0	0	-0.027804948710286933	-0.0002204939597101438	0	-2.5157065286871263	-0.007975555834411705
79	4.7671321747275135	4.7671321747275135	4.7671321747275135	0	35.67817879321857	15.721937403924343	0.002159496485782001	3242.410758349879	581.3640687852998	0	0	0	0	-0.027833248384898854	-0.00022230255425970943	0	-2.5266942215108443	-0.00817703655878843
80	4.7671321747275135	4.7671321747275135	4.7671321747275135	0	35.677196560804205	15.72170198219548	0.00023542102346132805	3241.766071637173	581.2910345418233	0	0	0	0	-0.027837623177533806	-0.00022262898217252088	0	-2.528758355111438	-0.008222485708729323
81	4.7671321747275135	4.7671321747275135	4.7671321747275135	0	35.67707076616102	15.721673203937998	22804253772768398e-21	3241.669029173914	581.2805006102628	0	0	0	0	-0.027838250868172182	-0.00022268225538251533	0	-2.529107510532987	-0.008231413596979292
82	4.7671321747275135	4.7671321747275135	4.7671321747275135	0	35.67705478651539	15.721669708945992	0	3241.6550302426717	581.2790422724743	0	0	0	0	-0.02783833975899277	-0.00022269064030399225	0	-2.529163643059303	-0.008233044299820894
83	4.7671321747275135	4.7671321747275135	4.7671321747275135	0	35.67705427060944	15.72166961476261	0	3241.654123997124	581.2789604020735	0	0	0	0	-0.02783834448183785	-0.00022269129018130562	0	-2.5291686061166008	-0.008233234669199003
84	4.7671321747275135	4.7671321747275135	4.7671321747275135	0	35.67705416471291	15.721669596193154	0	3241.654045264664	581.2789536747771	0	0	0	0	-0.027838345304471105	-0.00022269137899056366	0	-2.529169114593537	-0.008233257259159944
85	4.7671321747275135	4.7671321747275135	4.7671321747275135	0	35.677054226233	15.721669607424184	0	3241.6541374404105	581.2789620916154	0	0	0	0	-0.027838344784120766	-0.00022269131211564573	0	-2.529168628773636	-0.008233239386775027
86	4.7671321747275135	4.7671321747275135	4.7671321747275135	0	35.67705427508958	15.721669616329406	0	3241.654210519989	581.2789687620658	0	0	0	0	-0.02783834437048097	-0.00022269125897831984	0	-2.5291682431579683	-0.008233225184057566
87	4.7671321747275135	4.7671321747275135	4.7671321747275135	0	35.67705431128266	15.721669622908818	0	3241.6542645034	581.2789736861283	0	0	0	0	-0.027838344063551713	-0.00022269121957858599	0	-2.529167957746533	-0.00823321465100756
88	4.7671321747275135	4.7671321747275135	4.7671321747275135	0	35.67705433481224	15.72166962716242	0	3241.654299390643	581.278976863803	0	0	0	0	-0.027838343863333	-0.00022269119391644417	0	-2.52916777253933	-0.008233207787625011
89	4.7671321747275135	4.7671321747275135	4.7671321747275135	0	35.677054345678314	15.721669629090213	0	3241.654315181718	581.2789782950897	0	0	0	0	-0.027838343769824827	-0.00022269118199189441	0	-2.5291676875363596	-0.008233204593909917
90	4.7671321747275135	4.7671321747275135	4.7671321747275135	0	35.67705434388088	15.721669628692197	0	3241.6543118766253	581.2789779799886	0	0	0	0	-0.027838343783027197	-0.00022269118380493667	0	-2.529167702737622	-0.00823320506986228
91	4.7671321747275135	4.7671321747275135	4.7671321747275135	0	35.677054329419946	15.72166962596837	0	3241.6542894753647	581.2789759184994	0	0	0	0	-0.027838343902940106	-0.00022269119935557096	0	-2.5291678181431165	-0.0082332092154821
92	4.7671321747275135	4.7671321747275135	4.7671321747275135	0	35.6770543022955	15.721669620918735	0	3241.654247977936	581.2789721106225	0	0	0	0	-0.02783834412956356	-0.0002226912286437973	0	-2.529168033752844	-0.008233217030769374
93	4.7671321747275135	4.7671321747275135	4.7671321747275135	0	35.67705429122351	15.721669618892324	0	3241.6542315124707	581.2789706053273	0	0	0	0	-0.02783834422267377	-0.000222691240570209	0	-2.5291681202076335	-0.00823322019815555
94	4.7671321747275135	4.7671321747275135	4.7671321747275135	0	35.67705428804931	15.721669618339629	0	3241.6542272070965	581.2789702162622	0	0	0	0	-0.027838344249786987	-0.00022269124394811218	0	-2.529168143539877	-0.00823322107949725
95	4.7671321747275135	4.7671321747275135	4.7671321747275135	0	35.67705428501456	15.721669617811203	0	3241.654223091881	581.2789698443878	0	0	0	0	-0.02783834427570783	-0.00022269124717727172	0	-2.529168165842592	-0.008233221921981022
96	4.7671321747275135	4.7671321747275135	4.7671321747275135	0	35.67705428211925	15.721669617307052	0	3241.6542191668245	581.2789694897043	0	0	0	0	-0.02783834430043629	-0.00022269125025768763	0	-2.529168187115778	-0.008233222725606868
97	4.7671321747275135	4.7671321747275135	4.7671321747275135	0	35.67705427936338	15.721669616827171	0	3241.654215431927	581.2789691522117	0	0	0	0	-0.027838344323972378	-0.0002226912531893599	0	-2.5291682073594353	-0.008233223490374789
98	4.7671321747275135	4.7671321747275135	4.7671321747275135	0	35.67705427674695	15.721669616371562	0	3241.654211887188	581.2789688319099	0	0	0	0	-0.027838344346316088	-0.00022269125597228854	0	-2.5291682265735638	-0.008233224216284783
99	4.7671321747275135	4.7671321747275135	4.7671321747275135	0	35.67705427426997	15.721669615940225	0	3241.654208532608	581.278968528799	0	0	0	0	-0.02783834436746742	-0.00022269125860647352	0	-2.529168244758164	-0.00823322490333685
100	4.7671321747275135	4.7671321747275135	4.7671321747275135	0	35.67705427193243	15.721669615533159	0	3241.6542053681874	581.2789682428789	0	0	0	0	-0.027838344387426373	-0.00022269126109191487	0	-2.529168261913235	-0.008233225551530993
101	4.7671321747275135	4.7671321747275135	4.7671321747275135	0	35.67705426973432	15.721669615150367	0	3241.6542023939255	581.2789679741497	0	0	0	0	-0.027838344406192952	-0.0002226912634286126	0	-2.529168278038777	-0.008233226160867206
102	4.7671321747275135	4.7671321747275135	4.7671321747275135	0	35.677054267675665	15.721669614791844	0	3241.6541996098226	581.2789677226114	0	0	0	0	-0.02783834442376715	-0.00022269126561656668	0	-2.529168293134791	-0.008233226731345496
103	4.7671321747275135	4.7671321747275135	4.7671321747275135	0	35.677054265756446	15.721669614457594	0	3241.6541970158787	581.2789674882639	0	0	0	0	-0.027838344440148974	-0.0002226912676557771	0	-2.5291683072012763	-0.008233227262965858
104	4.7671321747275135	4.7671321747275135	4.7671321747275135	0	35.677054263976665	15.721669614147617	0	3241.6541946120933	581.2789672711073	0	0	0	0	-0.02783834445533842	-0.0002226912695462439	0	-2.5291683202382327	-0.008233227755728293
105	4.7671321747275135	4.7671321747275135	4.7671321747275135	0	35.677054262336334	15.72166961386191	0	3241.654192398467	581.2789670711414	0	0	0	0	-0.027838344469335488	-0.00022269127128796707	0	-2.52916833224566	-0.008233228209632803
106	4.7671321747275135	4.7671321747275135	4.7671321747275135	0	35.67705426083544	15.721669613600476	0	3241.654190375	581.2789668883664	0	0	0	0	-0.02783834448214018	-0.00022269127288094658	0	-2.529168343223559	-0.008233228624679387
107	4.7671321747275135	4.7671321747275135	4.7671321747275135	0	35.677054259473984	15.721669613363312	0	3241.6541885416914	581.2789667227825	0	0	0	0	-0.027838344493752495	-0.00022269127432518246	0	-2.5291683531719293	-0.008233229000868043
108	4.7671321747275135	4.7671321747275135	4.7671321747275135	0	35.67705425825198	15.721669613150421	0	3241.654186898542	581.2789665743892	0	0	0	0	-0.02783834450417243	-0.0002226912756206747	0	-2.529168362090771	-0.008233229338198774
109	4.7671321747275135	4.7671321747275135	4.7671321747275135	0	35.67705425716941	15.721669612961803	0	3241.6541854455513	581.2789664431868	0	0	0	0	-0.027838344513399994	-0.0002226912767674233	0	-2.529168369980084	-0.008233229636671578
110	4.7671321747275135	4.7671321747275135	4.7671321747275135	0	35.67705425622628	15.721669612797454	0	3241.6541841827197	581.2789663291753	0	0	0	0	-0.027838344521435174	-0.00022269127776542827	0	-2.529168376839868	-0.008233229896286456
111	4.7671321747275135	4.7671321747275135	4.7671321747275135	0	35.6770542554226	15.721669612657378	0	3241.654183110047	581.2789662323546	0	0	0	0	-0.02783834452827798	-0.0002226912786146896	0	-2.5291683826701234	-0.008233230117043407
112	4.7671321747275135	4.7671321747275135	4.7671321747275135	0	35.67705425475835	15.721669612541575	0	3241.6541822275335	581.2789661527248	0	0	0	0	-0.02783834453392841	-0.0002226912793152073	0	-2.5291683874708504	-0.008233230298942433
113	4.7671321747275135	4.7671321747275135	4.7671321747275135	0	35.67705425423355	15.721669612450041	0	3241.6541815351784	581.2789660902858	0	0	0	0	-0.02783834453838646	-0.00022269127986698136	0	-2.5291683912420484	-0.008233230441983532
114	4.7671321747275135	4.7671321747275135	4.7671321747275135	0	35.67705425384819	15.721669612382781	0	3241.6541810329827	581.2789660450378	0	0	0	0	-0.027838344541652134	-0.00022269128027001175	0	-2.529168393983718	-0.008233230546166705
115	4.7671321747275135	4.7671321747275135	4.7671321747275135	0	35.67705425360227	15.721669612339793	0	3241.6541807209455	581.2789660169806	0	0	0	0	-0.02783834454372543	-0.00022269128052429852	0	-2.5291683956958586	-0.00823323061149195
116	4.7671321747275135	4.7671321747275135	4.7671321747275135	0	35.6770542534958	15.721669612321076	0	3241.654180599068	581.2789660061142	0	0	0	0	-0.02783834454460635	-0.00022269128062984167	0	-2.5291683963784704	-0.00823323063795927
117	4.7671321747275135	4.7671321747275135	4.7671321747275135	0	35.677054253528766	15.72166961232663	0	3241.6541806673486	581.2789660124387	0	0	0	0	-0.02783834454429489	-0.00022269128058664115	0	-2.5291683960315536	-0.008233230625568664
118	4.7671321747275135	4.7671321747275135	4.7671321747275135	0	35.67705425370117	15.721669612356457	0	3241.6541809257883	581.278966035954	0	0	0	0	-0.02783834454279106	-0.000222691280394697	0	-2.529168394655108	-0.00823323057432013
119	4.7671321747275135	4.7671321747275135	4.7671321747275135	0	35.67705425401302	15.721669612410555	0	3241.654181374387	581.2789660766603	0	0	0	0	-0.027838344540094845	-0.00022269128005400924	0	-2.529168392249134	-0.008233230484213672
120	4.7671321747275135	4.7671321747275135	4.7671321747275135	0	35.67705425446431	15.721669612488926	0	3241.6541820131447	581.2789661345572	0	0	0	0	-0.027838344536206257	-0.0002226912795645778	0	-2.529168388813631	-0.008233230355249286
121	4.7671321747275135	4.7671321747275135	4.7671321747275135	0	35.67705425505505	15.721669612591567	0	3241.6541828420613	581.2789662096452	0	0	0	0	-0.02783834453112529	-0.00022269127892640274	0	-2.5291683843485995	-0.008233230187426974
122	4.7671321747275135	4.7671321747275135	4.7671321747275135	0	35.67705425578522	15.72166961271848	0	3241.6541838611365	581.2789663019239	0	0	0	0	-0.027838344524851948	-0.00022269127813948406	0	-2.529168378854039	-0.008233229980746735
123	4.7671321747275135	4.7671321747275135	4.7671321747275135	0	35.677054256654834	15.721669612869666	0	3241.654185070371	581.2789664113935	0	0	0	0	-0.027838344517386225	-0.0002226912772038217	0	-2.5291683723299503	-0.008233229735208571
124	4.7671321747275135	4.7671321747275135	4.7671321747275135	0	35.6770542576639	15.721669613045124	0	3241.654186469764	581.278966538054	0	0	0	0	-0.02783834450872813	-0.00022269127611941573	0	-2.5291683647763326	-0.00823322945081248
125	4.7671321747275135	4.7671321747275135	4.7671321747275135	0	35.6770542588124	15.721669613244853	0	3241.6541880593168	581.2789666819053	0	0	0	0	-0.027838344498877652	-0.00022269127488626613	0	-2.5291683561931864	-0.008233229127558462
126	4.7671321747275135	4.7671321747275135	4.7671321747275135	0	35.677054260100334	15.721669613468853	0	3241.654189839028	581.2789668429475	0	0	0	0	-0.0278383444878348	-0.00022269127350437286	0	-2.5291683465805113	-0.008233228765446519
127	4.7671321747275135	4.7671321747275135	4.7671321747275135	0	35.67705426152772	15.721669613717125	0	3241.654191808898	581.2789670211805	0	0	0	0	-0.02783834447559957	-0.00022269127197373597	0	-2.5291683359383073	-0.008233228364476649
128	4.7671321747275135	4.7671321747275135	4.7671321747275135	0	35.67705426309455	15.72166961398967	0	3241.654193968927	581.2789672166044	0	0	0	0	-0.027838344462171965	-0.00022269127029435546	0	-2.529168324266575	-0.008233227924648851
129	4.7671321747275135	4.7671321747275135	4.7671321747275135	0	35.67705426480081	15.721669614286487	0	3241.654196319115	581.2789674292192	0	0	0	0	-0.027838344447551983	-0.00022269126846623127	0	-2.5291683115653134	-0.008233227445963128
130	4.7671321747275135	4.7671321747275135	4.7671321747275135	0	35.67705426664652	15.721669614607574	0	3241.6541988594618	581.2789676590248	0	0	0	0	-0.02783834443173962	-0.00022269126648936347	0	-2.5291682978345236	-0.00823322692841948
131	4.7671321747275135	4.7671321747275135	4.7671321747275135	0	35.67705426863167	15.721669614952933	0	3241.6542015899677	581.2789679060212	0	0	0	0	-0.027838344414734883	-0.00022269126436375204	0	-2.5291682830742053	-0.008233226372017904
132	4.7671321747275135	4.7671321747275135	4.7671321747275135	0	35.67705427075626	15.721669615322565	0	3241.6542045106326	581.2789681702086	0	0	0	0	-0.027838344396537765	-0.00022269126208939694	0	-2.5291682672843576	-0.008233225776758403
133	4.7671321747275135	4.7671321747275135	4.7671321747275135	0	35.67705427123322	15.721669615405947	0	3241.654205113654	581.2789682245392	0	0	0	0	-0.027838344392534492	-0.0002226912616002919	0	-2.5291682639945425	-0.008233225651916245
134	4.7671321747275135	4.7671321747275135	4.7671321747275135	0	35.67705427138668	15.721669615433113	0	3241.6542052638474	581.2789682378765	0	0	0	0	-0.027838344391314555	-0.00022269126146079717	0	-2.5291682631482924	-0.008233225619069133
135	4.7671321747275135	4.7671321747275135	4.7671321747275135	0	35.677054271536164	15.721669615459575	0	3241.654205410144	581.2789682508678	0	0	0	0	-0.02783834439012621	-0.00022269126132491132	0	-2.5291682623239797	-0.008233225587073114
136	4.7671321747275135	4.7671321747275135	4.7671321747275135	0	35.677054271681676	15.721669615485332	0	3241.6542055525447	581.278968263513	0	0	0	0	-0.027838344388969455	-0.00022269126119263437	0	-2.5291682615216047	-0.008233225555928191
137	4.7671321747275135	4.7671321747275135	4.7671321747275135	0	35.67705427182321	15.721669615510388	0	3241.6542056910494	581.2789682758121	0	0	0	0	-0.02783834438784429	-0.00022269126106396633	0	-2.529168260741167	-0.008233225525634361
138	4.7671321747275135	4.7671321747275135	4.7671321747275135	0	35.67705427196076	15.721669615534738	0	3241.6542058256573	581.2789682877652	0	0	0	0	-0.027838344386750716	-0.00022269126093890719	0	-2.5291682599826673	-0.008233225496191625
139	4.7671321747275135	4.7671321747275135	4.7671321747275135	0	35.677054272094345	15.721669615558385	0	3241.654205956369	581.2789682993721	0	0	0	0	-0.027838344385688732	-0.00022269126081745695	0	-2.5291682592461044	-0.008233225467599983
140	4.7671321747275135	4.7671321747275135	4.7671321747275135	0	35.67705427222395	15.721669615581328	0	3241.654206083185	581.278968310633	0	0	0	0	-0.02783834438465834	-0.0002226912606996156	0	-2.5291682585314796	-0.008233225439859437
141	4.7671321747275135	4.7671321747275135	4.7671321747275135	0	35.67705427234958	15.721669615603568	0	3241.654206206104	581.2789683215478	0	0	0	0	-0.02783834438365954	-0.00022269126058538315	0	-2.529168257838792	-0.008233225412969985
142	4.7671321747275135	4.7671321747275135	4.7671321747275135	0	35.67705427247123	15.721669615625105	0	3241.654206325127	581.2789683321166	0	0	0	0	-0.027838344382692327	-0.0002226912604747596	0	-2.529168257168042	-0.008233225386931626
143	4.7671321747275135	4.7671321747275135	4.7671321747275135	0	35.677054272588904	15.721669615645936	0	3241.6542064402533	581.2789683423392	0	0	0	0	-0.027838344381756707	-0.00022269126036774496	0	-2.5291682565192293	-0.008233225361744362
144	4.7671321747275135	4.7671321747275135	4.7671321747275135	0	35.6770542727026	15.721669615666066	0	3241.6542065514836	581.2789683522158	0	0	0	0	-0.027838344380852677	-0.0002226912602643392	0	-2.5291682558923543	-0.008233225337408192
145	4.7671321747275135	4.7671321747275135	4.7671321747275135	0	35.67705427281232	15.72166961568549	0	3241.6542066588177	581.2789683617463	0	0	0	0	-0.027838344379980236	-0.00022269126016454235	0	-2.529168255287417	-0.008233225313923117
146	4.7671321747275135	4.7671321747275135	4.7671321747275135	0	35.67705427291806	15.721669615704212	0	3241.654206762256	581.2789683709307	0	0	0	0	-0.027838344379139388	-0.0002226912600683544	0	-2.5291682547044165	-0.008233225291289135
147	4.7671321747275135	4.7671321747275135	4.7671321747275135	0	35.677054273019834	15.721669615722229	0	3241.6542068617973	581.278968379769	0	0	0	0	-0.027838344378330132	-0.00022269125997577535	0	-2.529168254143354	-0.008233225269506247
148	4.7671321747275135	4.7671321747275135	4.7671321747275135	0	35.677054273117626	15.721669615739541	0	3241.6542069574425	581.2789683882613	0	0	0	0	-0.027838344377552466	-0.00022269125988680518	0	-2.529168253604229	-0.008233225248574455
149	4.7671321747275135	4.7671321747275135	4.7671321747275135	0	35.67705427321144	15.721669615756152	0	3241.6542070491914	581.2789683964075	0	0	0	0	-0.02783834437680639	-0.00022269125980144393	0	-2.529168253087042	-0.008233225228493757
150	4.7671321747275135	4.7671321747275135	4.7671321747275135	0	35.67705427330128	15.721669615772058	0	3241.654207137044	581.2789684042076	0	0	0	0	-0.0278383443760919	-0.00022269125971969157	0	-2.529168252591792	-0.008233225209264153
151	4.7671321747275135	4.7671321747275135	4.7671321747275135	0	35.67705427338714	15.721669615787262	0	3241.6542072210004	581.2789684116616	0	0	0	0	-0.027838344375409007	-0.0002226912596415481	0	-2.5291682521184793	-0.008233225190885643
152	4.7671321747275135	4.7671321747275135	4.7671321747275135	0	35.677054273469025	15.72166961580176	0	3241.6542073010605	581.2789684187696	0	0	0	0	-0.027838344374757705	-0.00022269125956701354	0	-2.5291682516671044	-0.008233225173358227
153	4.7671321747275135	4.7671321747275135	4.7671321747275135	0	35.677054273546936	15.721669615815554	0	3241.6542073772243	581.2789684255315	0	0	0	0	-0.027838344374137992	-0.00022269125949608788	0	-2.5291682512376665	-0.008233225156681906
154	4.7671321747275135	4.7671321747275135	4.7671321747275135	0	35.67705427362087	15.721669615828645	0	3241.654207449492	581.2789684319473	0	0	0	0	-0.02783834437354987	-0.00022269125942877112	0	-2.5291682508301667	-0.008233225140856679
155	4.7671321747275135	4.7671321747275135	4.7671321747275135	0	35.67705427369082	15.721669615841034	0	3241.654207517863	581.2789684380169	0	0	0	0	-0.02783834437299334	-0.00022269125936506327	0	-2.5291682504446045	-0.008233225125882546
156	4.7671321747275135	4.7671321747275135	4.7671321747275135	0	35.6770542737568	15.721669615852717	0	3241.654207582338	581.2789684437406	0	0	0	0	-0.027838344372468397	-0.0002226912593049643	0	-2.5291682500809793	-0.008233225111759506
157	4.7671321747275135	4.7671321747275135	4.7671321747275135	0	35.677054273818804	15.721669615863696	0	3241.654207642917	581.2789684491182	0	0	0	0	-0.027838344371975045	-0.00022269125924847424	0	-2.5291682497392918	-0.008233225098487562
158	4.7671321747275135	4.7671321747275135	4.7671321747275135	0	35.67705427387683	15.721669615873973	0	3241.6542076995993	581.2789684541497	0	0	0	0	-0.027838344371513286	-0.00022269125919559306	0	-2.529168249419542	-0.008233225086066713
159	4.7671321747275135	4.7671321747275135	4.7671321747275135	0	35.67705427393088	15.721669615883545	0	3241.6542077523854	581.278968458835	0	0	0	0	-0.027838344371083117	-0.0002226912591463208	0	-2.5291682491217298	-0.008233225074496957
160	4.7671321747275135	4.7671321747275135	4.7671321747275135	0	35.67705427398095	15.721669615892415	0	3241.654207801275	581.2789684631745	0	0	0	0	-0.02783834437068454	-0.00022269125910065742	0	-2.529168248845855	-0.008233225063778295
161	4.7671321747275135	4.7671321747275135	4.7671321747275135	0	35.67705427402705	15.721669615900579	0	3241.6542078462685	581.2789684671677	0	0	0	0	-0.027838344370317552	-0.00022269125905860295	0	-2.529168248591917	-0.008233225053910729
162	4.7671321747275135	4.7671321747275135	4.7671321747275135	0	35.677054274069164	15.721669615908041	0	3241.654207887366	581.2789684708148	0	0	0	0	-0.027838344369982157	-0.0002226912590201574	0	-2.5291682483599174	-0.008233225044894255
163	4.7671321747275135	4.7671321747275135	4.7671321747275135	0	35.67705427410731	15.721669615914799	0	3241.654207924567	581.2789684741159	0	0	0	0	-0.027838344369678348	-0.0002226912589853207	0	-2.529168248149855	-0.008233225036728877
164	4.7671321747275135	4.7671321747275135	4.7671321747275135	0	35.677054274141476	15.721669615920852	0	3241.6542079578717	581.278968477071	0	0	0	0	-0.027838344369406135	-0.00022269125895409294	0	-2.52916824796173	-0.008233225029414593
165	4.7671321747275135	4.7671321747275135	4.7671321747275135	0	35.67705427417167	15.721669615926203	0	3241.65420798728	581.2789684796799	0	0	0	0	-0.027838344369165508	-0.00022269125892647405	0	-2.529168247795543	-0.008233225022951403
166	4.7671321747275135	4.7671321747275135	4.7671321747275135	0	35.67705427419788	15.72166961593085	0	3241.654208012792	581.2789684819428	0	0	0	0	-0.027838344368956477	-0.00022269125890246407	0	-2.529168247651293	-0.008233225017339307
167	4.7671321747275135	4.7671321747275135	4.7671321747275135	0	35.67705427422012	15.721669615934792	0	3241.654208034408	581.2789684838596	0	0	0	0	-0.027838344368779033	-0.000222691258882063	0	-2.5291682475289807	-0.008233225012578305
168	4.7671321747275135	4.7671321747275135	4.7671321747275135	0	35.67705427423838	15.721669615938032	0	3241.6542080521276	581.2789684854303	0	0	0	0	-0.02783834436863318	-0.0002226912588652708	0	-2.529168247428606	-0.008233225008668398
169	4.7671321747275135	4.7671321747275135	4.7671321747275135	0	35.67705427425266	15.721669615940566	0	3241.6542080659506	581.2789684866549	0	0	0	0	-0.027838344368518918	-0.00022269125885208754	0	-2.5291682473501687	-0.008233225005609584
170	4.7671321747275135	4.7671321747275135	4.7671321747275135	0	35.677054274262964	15.721669615942398	0	3241.6542080758777	581.2789684875335	0	0	0	0	-0.027838344368436248	-0.00022269125884251314	0	-2.5291682472936685	-0.008233225003401866
171	4.7671321747275135	4.7671321747275135	4.7671321747275135	0	35.677054274269295	15.721669615943526	0	3241.6542080819086	581.278968488066	0	0	0	0	-0.027838344368385167	-0.00022269125883654767	0	-2.5291682472591064	-0.008233225002045241
172	4.7671321747275135	4.7671321747275135	4.7671321747275135	0	35.677054274271654	15.72166961594395	0	3241.6542080840427	581.2789684882523	0	0	0	0	-0.02783834436836568	-0.00022269125883419107	0	-2.5291682472464814	-0.008233225001539711
173	4.7671321747275135	4.7671321747275135	4.7671321747275135	0	35.67705427427003	15.72166961594367	0	3241.654208082281	581.2789684880927	0	0	0	0	-0.02783834436837778	-0.00022269125883544338	0	-2.5291682472557944	-0.008233225001885275
174	4.7671321747275135	4.7671321747275135	4.7671321747275135	0	35.67705427426443	15.721669615942687	0	3241.6542080766226	581.2789684875869	0	0	0	0	-0.02783834436842147	-0.0002226912588403046	0	-2.5291682472870445	-0.008233225003081934
175	4.7671321747275135	4.7671321747275135	4.7671321747275135	0	35.67705427425486	15.721669615941	0	3241.6542080670683	581.278968486735	0	0	0	0	-0.027838344368496755	-0.0002226912588487747	0	-2.529168247340232	-0.008233225005129687
176	4.7671321747275135	4.7671321747275135	4.7671321747275135	0	35.6770542742413	15.721669615938609	0	3241.654208053618	581.2789684855371	0	0	0	0	-0.027838344368603628	-0.00022269125886085372	0	-2.5291682474153574	-0.008233225008028533
177	4.7671321747275135	4.7671321747275135	4.7671321747275135	0	35.67705427422378	15.721669615935514	0	3241.6542080362706	581.2789684839931	0	0	0	0	-0.027838344368742093	-0.00022269125887654164	0	-2.52916824751242	-0.008233225011778474
178	4.7671321747275135	4.7671321747275135	4.7671321747275135	0	35.67705427420227	15.721669615931717	0	3241.6542080150275	581.2789684821031	0	0	0	0	-0.02783834436891215	-0.00022269125889583843	0	-2.5291682476314206	-0.00823322501637951
179	4.7671321747275135	4.7671321747275135	4.7671321747275135	0	35.67705427417679	15.721669615927214	0	3241.6542079898877	581.2789684798669	0	0	0	0	-0.027838344369113793	-0.00022269125891874415	0	-2.529168247772358	-0.00823322502183164
180	4.7671321747275135	4.7671321747275135	4.7671321747275135	0	35.67705427414733	15.721669615922009	0	3241.654207960852	581.2789684772847	0	0	0	0	-0.02783834436934703	-0.00022269125894525875	0	-2.5291682479352335	-0.008233225028134864
181	4.7671321747275135	4.7671321747275135	4.7671321747275135	0	35.67705427411389	15.721669615916099	0	3241.6542079279197	581.2789684743564	0	0	0	0	-0.027838344369611856	-0.00022269125897538225	0	-2.529168248120046	-0.008233225035289182
182	4.7671321747275135	4.7671321747275135	4.7671321747275135	0	35.67705427407648	15.721669615909486	0	3241.654207891091	581.278968471082	0	0	0	0	-0.027838344369908275	-0.00022269125900911465	0	-2.5291682483267968	-0.008233225043294594
183	4.7671321747275135	4.7671321747275135	4.7671321747275135	0	35.67705427403509	15.721669615902169	0	3241.6542078503667	581.2789684674616	0	0	0	0	-0.027838344370236284	-0.00022269125904645596	0	-2.5291682485554845	-0.008233225052151101
184	4.7671321747275135	4.7671321747275135	4.7671321747275135	0	35.67705427398973	15.721669615894148	0	3241.6542078057455	581.2789684634951	0	0	0	0	-0.02783834437059588	-0.00022269125908740616	0	-2.52916824880611	-0.008233225061858702
185	4.7671321747275135	4.7671321747275135	4.7671321747275135	0	35.67705427394039	15.721669615885425	0	3241.6542077572285	581.2789684591824	0	0	0	0	-0.027838344370987072	-0.00022269125913196525	0	-2.5291682490786727	-0.008233225072417399
186	4.7671321747275135	4.7671321747275135	4.7671321747275135	0	35.67705427388707	15.721669615875996	0	3241.654207704815	581.2789684545237	0	0	0	0	-0.027838344371409852	-0.00022269125918013326	0	-2.5291682493731726	-0.008233225083827187
187	4.7671321747275135	4.7671321747275135	4.7671321747275135	0	35.677054273829775	15.721669615865864	0	3241.654207648505	581.278968449519	0	0	0	0	-0.027838344371864224	-0.00022269125923191015	0	-2.5291682496896106	-0.008233225096088072
188	4.7671321747275135	4.7671321747275135	4.7671321747275135	0	35.677054273768505	15.72166961585503	0	3241.654207588299	581.2789684441681	0	0	0	0	-0.027838344372350186	-0.00022269125928729594	0	-2.529168250027986	-0.00823322510920005
189	4.7671321747275135	4.7671321747275135	4.7671321747275135	0	35.67705427370326	15.72166961584349	0	3241.6542075241964	581.2789684384711	0	0	0	0	-0.027838344372867738	-0.00022269125934629063	0	-2.529168250388299	-0.008233225123163122
190	4.7671321747275135	4.7671321747275135	4.7671321747275135	0	35.677054273634035	15.721669615831246	0	3241.6542074561976	581.2789684324282	0	0	0	0	-0.02783834437341688	-0.00022269125940889423	0	-2.529168250770549	-0.00823322513797729
191	4.7671321747275135	4.7671321747275135	4.7671321747275135	0	35.677054273560834	15.7216696158183	0	3241.6542073843025	581.2789684260391	0	0	0	0	-0.027838344373997615	-0.00022269125947510672	0	-2.5291682511747373	-0.00823322515364255
192	4.7671321747275135	4.7671321747275135	4.7671321747275135	0	35.677054273483655	15.721669615804649	0	3241.6542073085116	581.278968419304	0	0	0	0	-0.02783834437460994	-0.00022269125954492812	0	-2.5291682516008627	-0.008233225170158905
193	4.7671321747275135	4.7671321747275135	4.7671321747275135	0	35.677054273402504	15.721669615790296	0	3241.654207228824	581.2789684122226	0	0	0	0	-0.027838344375253857	-0.0002226912596183584	0	-2.5291682520489256	-0.008233225187526354
194	4.7671321747275135	4.7671321747275135	4.7671321747275135	0	35.677054273317374	15.721669615775237	0	3241.65420714524	581.2789684047954	0	0	0	0	-0.027838344375929365	-0.0002226912596953976	0	-2.5291682525189256	-0.008233225205744899
195	4.7671321747275135	4.7671321747275135	4.7671321747275135	0	35.677054273228265	15.721669615759476	0	3241.65420705776	581.278968397022	0	0	0	0	-0.027838344376636463	-0.00022269125977604569	0	-2.5291682530108637	-0.008233225224814537
196	4.7671321747275135	4.7671321747275135	4.7671321747275135	0	35.677054273135184	15.72166961574301	0	3241.6542069663833	581.2789683889025	0	0	0	0	-0.02783834437737515	-0.00022269125986030267	0	-2.5291682535247393	-0.008233225244735269
197	4.7671321747275135	4.7671321747275135	4.7671321747275135	0	35.677054273038124	15.72166961572584	0	3241.654206871111	581.2789683804369	0	0	0	0	-0.02783834437814543	-0.00022269125994816855	0	-2.529168254060552	-0.008233225265507096
198	4.7671321747275135	4.7671321747275135	4.7671321747275135	0	35.67705427293709	15.721669615707969	0	3241.654206771942	581.2789683716253	0	0	0	0	-0.027838344378947298	-0.00022269126003964334	0	-2.5291682546183023	-0.008233225287130016
199	4.7671321747275135	4.7671321747275135	4.7671321747275135	0	35.67705427283207	15.721669615689391	0	3241.6542066688767	581.2789683624676	0	0	0	0	-0.027838344379780756	-0.00022269126013472703	0	-2.5291682551979906	-0.008233225309604032
200	4.7671321747275135	4.7671321747275135	4.7671321747275135	0	35.67705427278628	15.721669615681257	0	3241.654206625515	581.2789683586244	0	0	0	0	-0.027838344380146825	-0.00022269126017679473	0	-2.5291682554438726	-0.00823322531917666
201	4.7671321747275135	4.7671321747275135	4.7671321747275135	0	35.67705427277514	15.721669615679238	0	3241.654206616945	581.2789683578774	0	0	0	0	-0.02783834438023917	-0.00022269126018778152	0	-2.5291682554950556	-0.00823322532122064
202	4.7671321747275135	4.7671321747275135	4.7671321747275135	0	35.67705427276448	15.721669615677303	0	3241.654206608745	581.2789683571625	0	0	0	0	-0.027838344380327472	-0.00022269126019828164	0	-2.5291682555440276	-0.008233225323176217
203	4.7671321747275135	4.7671321747275135	4.7671321747275135	0	35.6770542727543	15.721669615675458	0	3241.654206600914	581.2789683564799	0	0	0	0	-0.027838344380411734	-0.000222691260208295	0	-2.5291682555907884	-0.008233225325043385
204	4.7671321747275135	4.7671321747275135	4.7671321747275135	0	35.677054272744606	15.7216696156737	0	3241.654206593453	581.2789683558296	0	0	0	0	-0.02783834438049195	-0.0002226912602178217	0	-2.5291682556353376	-0.008233225326822146
205	4.7671321747275135	4.7671321747275135	4.7671321747275135	0	35.6770542727354	15.72166961567203	0	3241.654206586362	581.2789683552115	0	0	0	0	-0.027838344380568127	-0.00022269126022686164	0	-2.5291682556776762	-0.0082332253285125
206	4.7671321747275135	4.7671321747275135	4.7671321747275135	0	35.67705427272667	15.721669615670447	0	3241.6542065796402	581.2789683546256	0	0	0	0	-0.027838344380640256	-0.00022269126023541488	0	-2.5291682557178037	-0.008233225330114446
207	4.7671321747275135	4.7671321747275135	4.7671321747275135	0	35.67705427271843	15.721669615668953	0	3241.6542065732883	581.2789683540719	0	0	0	0	-0.027838344380708344	-0.0002226912602434814	0	-2.52916825575572	-0.008233225331627986
208	4.7671321747275135	4.7671321747275135	4.7671321747275135	0	35.67705427271066	15.721669615667544	0	3241.6542065673057	581.2789683535505	0	0	0	0	-0.02783834438077239	-0.00022269126025106122	0	-2.5291682557914252	-0.008233225333053118
209	4.7671321747275135	4.7671321747275135	4.7671321747275135	0	35.67705427270339	15.721669615666224	0	3241.6542065616927	581.2789683530613	0	0	0	0	-0.02783834438083239	-0.00022269126025815431	0	-2.5291682558249193	-0.008233225334389842
210	4.7671321747275135	4.7671321747275135	4.7671321747275135	0	35.677054272696594	15.721669615664993	0	3241.6542065564495	581.2789683526044	0	0	0	0	-0.027838344380888353	-0.0002226912602647607	0	-2.5291682558562023	-0.008233225335638162
211	4.7671321747275135	4.7671321747275135	4.7671321747275135	0	35.677054272690285	15.721669615663847	0	3241.654206551576	581.2789683521795	0	0	0	0	-0.027838344380940266	-0.00022269126027088038	0	-2.529168255885274	-0.00823322533679807
212	4.7671321747275135	4.7671321747275135	4.7671321747275135	0	35.67705427268446	15.721669615662792	0	3241.654206547072	581.2789683517871	0	0	0	0	-0.02783834438098814	-0.00022269126027651333	0	-2.529168255912135	-0.008233225337869575
213	4.7671321747275135	4.7671321747275135	4.7671321747275135	0	35.67705427267911	15.721669615661822	0	3241.6542065429376	581.2789683514268	0	0	0	0	-0.02783834438103197	-0.00022269126028165957	0	-2.529168255936784	-0.00823322533885267
214	4.7671321747275135	4.7671321747275135	4.7671321747275135	0	35.67705427267425	15.721669615660941	0	3241.6542065391727	581.2789683510987	0	0	0	0	-0.02783834438107176	-0.0002226912602863191	0	-2.5291682559592226	-0.008233225339747359
215	4.7671321747275135	4.7671321747275135	4.7671321747275135	0	35.67705427266987	15.721669615660147	0	3241.654206535778	581.2789683508029	0	0	0	0	-0.027838344381107504	-0.00022269126029049192	0	-2.52916825597945	-0.008233225340553641
216	4.7671321747275135	4.7671321747275135	4.7671321747275135	0	35.67705427266598	15.72166961565944	0	3241.654206532752	581.2789683505393	0	0	0	0	-0.027838344381139205	-0.00022269126029417802	0	-2.529168255997466	-0.008233225341271515
217	4.7671321747275135	4.7671321747275135	4.7671321747275135	0	35.677054272662566	15.721669615658822	0	3241.6542065300964	581.278968350308	0	0	0	0	-0.027838344381166863	-0.00022269126029737742	0	-2.5291682560132713	-0.008233225341900982
218	4.7671321747275135	4.7671321747275135	4.7671321747275135	0	35.67705427265964	15.721669615658291	0	3241.65420652781	581.2789683501088	0	0	0	0	-0.027838344381190476	-0.0002226912603000901	0	-2.5291682560268653	-0.008233225342442042
219	4.7671321747275135	4.7671321747275135	4.7671321747275135	0	35.677054272657195	15.721669615657849	0	3241.6542065258936	581.2789683499419	0	0	0	0	-0.02783834438121005	-0.00022269126030231604	0	-2.5291682560382482	-0.008233225342894696
220	4.7671321747275135	4.7671321747275135	4.7671321747275135	0	35.67705427265523	15.721669615657493	0	3241.6542065243466	581.2789683498072	0	0	0	0	-0.02783834438122558	-0.0002226912603040553	0	-2.52916825604742	-0.00823322534325894
221	4.7671321747275135	4.7671321747275135	4.7671321747275135	0	35.677054272653756	15.721669615657225	0	3241.6542065231693	581.2789683497048	0	0	0	0	-0.027838344381237064	-0.0002226912603053078	0	-2.5291682560543807	-0.008233225343534779
222	4.7671321747275135	4.7671321747275135	4.7671321747275135	0	35.677054272652754	15.721669615657046	0	3241.654206522361	581.2789683496346	0	0	0	0	-0.02783834438124451	-0.0002226912603060736	0	-2.52916825605913	-0.008233225343722209
223	4.7671321747275135	4.7671321747275135	4.7671321747275135	0	35.67705427265224	15.721669615656953	0	3241.6542065219232	581.2789683495967	0	0	0	0	-0.02783834438124791	-0.0002226912603063527	0	-2.5291682560616686	-0.008233225343821234
224	4.7671321747275135	4.7671321747275135	4.7671321747275135	0	35.677054272652214	15.721669615656948	0	3241.6542065218546	581.2789683495909	0	0	0	0	-0.027838344381247264	-0.00022269126030614511	0	-2.529168256061996	-0.00823322534383185
225	4.7671321747275135	4.7671321747275135	4.7671321747275135	0	35.67705427265267	15.72166961565703	0	3241.6542065221556	581.2789683496173	0	0	0	0	-0.02783834438124258	-0.0002226912603054508	0	-2.529168256060112	-0.00823322534375406
226	4.7671321747275135	4.7671321747275135	4.7671321747275135	0	35.677054272653606	15.7216696156572	0	3241.6542065228264	581.2789683496761	0	0	0	0	-0.02783834438123385	-0.00022269126030426974	0	-2.529168256056017	-0.008233225343587862
227	4.7671321747275135	4.7671321747275135	4.7671321747275135	0	35.67705427265503	15.72166961565746	0	3241.654206523867	581.2789683497671	0	0	0	0	-0.02783834438122108	-0.00022269126030260197	0	-2.529168256049711	-0.008233225343333256
228	4.7671321747275135	4.7671321747275135	4.7671321747275135	0	35.67705427265693	15.721669615657804	0	3241.6542065252765	581.2789683498902	0	0	0	0	-0.027838344381204264	-0.0002226912603004475	0	-2.529168256041194	-0.008233225342990244
229	4.7671321747275135	4.7671321747275135	4.7671321747275135	0	35.67705427265932	15.721669615658238	0	3241.6542065270564	581.2789683500456	0	0	0	0	-0.027838344381183405	-0.00022269126029780633	0	-2.5291682560304656	-0.008233225342558824
230	4.7671321747275135	4.7671321747275135	4.7671321747275135	0	35.67705427266219	15.72166961565876	0	3241.6542065292056	581.2789683502333	0	0	0	0	-0.027838344381158505	-0.00022269126029467843	0	-2.529168256017526	-0.008233225342038998
231	4.7671321747275135	4.7671321747275135	4.7671321747275135	0	35.67705427266554	15.72166961565937	0	3241.6542065317244	581.2789683504532	0	0	0	0	-0.027838344381129563	-0.0002226912602910638	0	-2.5291682560023756	-0.008233225341430764
232	4.7671321747275135	4.7671321747275135	4.7671321747275135	0	35.67705427266938	15.721669615660065	0	3241.654206534613	581.2789683507052	0	0	0	0	-0.027838344381096575	-0.0002226912602869625	0	-2.529168255985014	-0.008233225340734122
233	4.7671321747275135	4.7671321747275135	4.7671321747275135	0	35.6770542726737	15.721669615660849	0	3241.654206537871	581.2789683509895	0	0	0	0	-0.027838344381059546	-0.00022269126028237444	0	-2.529168255965441	-0.008233225339949074
234	4.7671321747275135	4.7671321747275135	4.7671321747275135	0	35.677054272678504	15.721669615661721	0	3241.6542065414983	581.2789683513062	0	0	0	0	-0.02783834438101847	-0.00022269126027729967	0	-2.5291682559436572	-0.008233225339075619
235	4.7671321747275135	4.7671321747275135	4.7671321747275135	0	35.6770542726838	15.72166961566268	0	3241.654206545496	581.278968351655	0	0	0	0	-0.027838344380973358	-0.0002226912602717382	0	-2.5291682559196627	-0.008233225338113754
236	4.7671321747275135	4.7671321747275135	4.7671321747275135	0	35.67705427268957	15.721669615663727	0	3241.654206549863	581.2789683520359	0	0	0	0	-0.027838344380924196	-0.00022269126026569003	0	-2.5291682558934565	-0.008233225337063485
237	4.7671321747275135	4.7671321747275135	4.7671321747275135	0	35.67705427269582	15.721669615664862	0	3241.654206554599	581.2789683524492	0	0	0	0	-0.027838344380870995	-0.00022269126025915511	0	-2.5291682558650392	-0.008233225335924807
238	4.7671321747275135	4.7671321747275135	4.7671321747275135	0	35.677054272702556	15.721669615666084	0	3241.6542065597055	581.2789683528947	0	0	0	0	-0.02783834438081375	-0.00022269126025213352	0	-2.529168255834411	-0.008233225334697723
239	4.7671321747275135	4.7671321747275135	4.7671321747275135	0	35.677054272709775	15.721669615667395	0	3241.654206565181	581.2789683533724	0	0	0	0	-0.027838344380752462	-0.00022269126024462518	0	-2.5291682558015713	-0.008233225333382232
240	4.7671321747275135	4.7671321747275135	4.7671321747275135	0	35.67705427271748	15.721669615668793	0	3241.654206571027	581.2789683538823	0	0	0	0	-0.027838344380687132	-0.00022269126023663014	0	-2.5291682557665207	-0.008233225331978332
