0	4.7671321747275135	4.7671321747275135	4.7671321747275135	0	0	0	0	0	0	0	0	0	0	0	0	0	0	0
1	4.7671321747275135	4.7671321747275135	4.7671321747275135	0	0	0	0	0	0	0	0	0	0	0	0	0	0	0
2	4.7671321747275135	4.7671321747275135	4.7671321747275135	0	0	0	0	0	0	0	0	0	0	0	0	0	0	0
3	4.7671321747275135	4.7671321747275135	4.7671321747275135	0	0	0	0	0	0	0	0	0	0	0	0	0	0	0
4	4.7671321747275135	4.7671321747275135	4.7671321747275135	0	0	0	0	0	0	0	0	0	0	0	0	0	0	0
5	4.7671321747275135	4.7671321747275135	4.7671321747275135	0	0	0	0	0	0	0	0	0	0	0	0	0	0	0
6	4.7671321747275135	4.7671321747275135	4.7671321747275135	0	0	0	0	0	0	0	0	0	0	0	0	0	0	0
7	4.7671321747275135	4.7671321747275135	4.7671321747275135	0	0	0	0	0	0	0	0	0	0	0	0	0	0	0
8	4.7671321747275135	4.7671321747275135	4.7671321747275135	0	0	0	0	0	0	0	0	0	0	0	0	0	0	0
9	4.7671321747275135	4.7671321747275135	4.7671321747275135	0	0	0	0	0	0	0	0	0	0	0	0	0	0	0
10	4.7671321747275135	4.7671321747275135	4.7671321747275135	0	0	0	0	0	0	0	0	0	0	0	0	0	0	0
11	4.7671321747275135	4.7671321747275135	4.7671321747275135	0	0	0	0	0	0	0	0	0	0	0	0	0	0	0
12	4.767132174727516	4.767132174727515	4.7671321747275135	45.59033897321726	50.646211299638466	21.118874111947502	4076.1105050908295	3731.41261628167	643.0618188653939	0	0	0	0	-0.00017804449579798614	-0.0009977565398036547	0	-0.04700288992468483	-0.06892688589143252
13	4.7671321747275135	4.7671321747275135	4.7671321747275135	45.59161011814436	50.99028582770207	21.16577805822942	4717.332831365044	4519.0603728091355	765.4153942467516	0	0	0	0	-5481637536455521e-20	-0.0007780975342801333	0	-0.011726993216164716	-0.03483451535233989
14	4.7671321747275135	4.7671321747275135	4.7671321747275135	45.59161014885351	51.02318132843508	21.170174312968335	4794.99030239474	4621.240001209688	780.6023319928114	0	0	0	0	-420806204423566e-19	-0.0007569470102056086	0	-0.004981657511273416	-0.02894411911968875
15	4.7671321747275135	4.7671321747275135	4.7671321747275135	45.59161014885388	51.02712270051695	21.170708270741827	4804.369288898277	4634.34155572858	782.4781697471451	0	0	0	0	-402513183203971e-19	-0.0007543180307101955	0	-0.003844452287869744	-0.028030062247665296
16	4.7671321747275135	4.7671321747275135	4.7671321747275135	45.59161014885389	51.02760210684134	21.1707742239692	4805.489190512005	4635.999336443469	782.7073420671481	0	0	0	0	-39987442827265507e-21	-0.000753985206282346	0	-0.0036614019389890917	-0.027895068074464242
17	4.7671321747275135	4.7671321747275135	4.7671321747275135	45.59161014885388	51.0276586577061	21.170782123583155	4805.61925103196	4636.2035864294	782.7346180547389	0	0	0	0	-3995074766050673e-20	-0.0007539443135856774	0	-0.0036331746946006273	-0.027876016175755202
18	4.7671321747275135	4.7671321747275135	4.7671321747275135	45.59161014885388	51.0276646685556	21.17078297924284	4805.63241892016	4636.225721118471	782.7374629189305	0	0	0	0	-399462344009897e-19	-0.0007539397616868834	0	-0.0036293106800685216	-0.02787365119639312
19	4.7671321747275135	4.7671321747275135	4.7671321747275135	45.59161014885389	51.02766534245095	21.170783077608554	4805.633839182479	4636.22834994331	782.7377837436429	0	0	0	0	-3994561273454498e-20	-0.0007539392171510807	0	-0.0036287070328449456	-0.027873321484794402
20	4.7671321747275135	4.7671321747275135	4.7671321747275135	45.59161014885388	51.02766521727013	21.170783059784995	4805.633527077242	4636.227811996973	782.7377156026562	0	0	0	0	-39945724172765324e-21	-0.0007539393137666574	0	-0.003628801653248841	-0.02787338081652552
21	4.7671321747275135	4.7671321747275135	4.7671321747275135	45.59161014885388	51.02766512842262	21.17078304696883	4805.633336658769	4636.227480347641	782.7376738259436	0	0	0	0	-3994579513684692e-20	-0.0007539393830826349	0	-0.0036288623561703853	-0.027873418127552698
22	4.7671321747275135	4.7671321747275135	4.7671321747275135	45.59161014885388	51.02766508425981	21.170783040587818	4805.633243380834	4636.227316847248	782.7376532999879	0	0	0	0	-39945830534023457e-21	-0.0007539394176402648	0	-0.0036288929306863785	-0.027873436737554512
23	4.7671321747275135	4.7671321747275135	4.7671321747275135	45.59161014885388	51.0276650847817	21.17078304064196	4805.633247243438	4636.227321495793	782.7376540247889	0	0	0	0	-39945830364294934e-21	-0.0007539394174395471	0	-0.0036288933767968205	-0.027873436646530962
24	4.7671321747275135	4.7671321747275135	4.7671321747275135	45.59161014885388	51.0276651299883	21.17078304713126	4805.63334824658	4636.227494293277	782.7376760003466	0	0	0	0	-3994579462766136e-20	-0.000753939382480482	0	-0.003628863694501711	-0.02787341785448205
25	4.7671321747275135	4.7671321747275135	4.7671321747275135	45.59161014885389	51.027665140707896	21.170783048685088	4805.633369582907	4636.22753177083	782.737680700092	0	0	0	0	-3994578644437983e-20	-0.0007539393740850671	0	-0.0036288566747466936	-0.02787341357366517
26	4.7671321747275135	4.7671321747275135	4.7671321747275135	45.59161014885389	51.02766515020073	21.170783050061658	4805.633388379709	4636.22756482524	782.7376848426765	0	0	0	0	-39945779210362295e-21	-0.0007539393666466735	0	-0.003628850461994683	-0.02787340979037083
27	4.7671321747275135	4.7671321747275135	4.7671321747275135	45.59161014885389	51.027665158824355	21.17078305131226	4805.6334054444515	4636.227594837753	782.7376886037723	0	0	0	0	-3994577264027559e-20	-0.0007539393598888521	0	-0.003628844818850683	-0.027873406354415747
28	4.7671321747275135	4.7671321747275135	4.7671321747275135	45.59161014885388	51.02766516657876	21.170783052436896	4805.633420777136	4636.227621808367	782.7376919833796	0	0	0	0	-3994576673411971e-20	-0.0007539393538116029	0	-0.0036288397453146954	-0.02787340326579993
29	4.7671321747275135	4.7671321747275135	4.7671321747275135	45.59161014885388	51.02766517346395	21.170783053435567	4805.633434377762	4636.2276457370845	782.7376949814983	0	0	0	0	-3994576149189466e-20	-0.0007539393484149258	0	-0.0036288352413867187	-0.027873400524523372
30	4.7671321747275135	4.7671321747275135	4.7671321747275135	45.59161014885388	51.02766517947993	21.170783054308274	4805.633446246329	4636.227666623905	782.7376975981284	0	0	0	0	-3994575691360044e-20	-0.0007539393436988208	0	-0.003628831307066754	-0.027873398130586077
31	4.7671321747275135	4.7671321747275135	4.7671321747275135	45.59161014885388	51.0276651846267	21.170783055055015	4805.633456382837	4636.227684468827	782.73769983327	0	0	0	0	-3994575299923705e-20	-0.0007539393396632881	0	-0.0036288279423548004	-0.027873396083988047
32	4.7671321747275135	4.7671321747275135	4.7671321747275135	45.59161014885388	51.02766518890425	21.170783055675788	4805.633464787287	4636.227699271852	782.737701686923	0	0	0	0	-3994574974880449e-20	-0.0007539393363083275	0	-0.0036288251472508582	-0.02787339438472928
33	4.7671321747275135	4.7671321747275135	4.7671321747275135	45.59161014885388	51.0276651923126	21.170783056170595	4805.633471459678	4636.22771103298	782.7377031590873	0	0	0	0	-39945747162302756e-21	-0.000753939333633939	0	-0.003628822921754928	-0.027873393032809772
34	4.7671321747275135	4.7671321747275135	4.7671321747275135	45.59161014885388	51.02766519485172	21.170783056539438	4805.63347640001	4636.22771975221	782.7377042497632	0	0	0	0	-39945745239731855e-21	-0.0007539393316401226	0	-0.003628821265867009	-0.02787339202822953
35	4.7671321747275135	4.7671321747275135	4.7671321747275135	45.59161014885388	51.02766519652163	21.170783056782312	4805.633479608284	4636.227725429542	782.7377049589503	0	0	0	0	-39945743981091785e-21	-0.0007539393303268784	0	-0.0036288201795871017	-0.02787339137098855
36	4.7671321747275135	4.7671321747275135	4.7671321747275135	45.59161014885388	51.02766519732233	21.170783056899225	4805.633481084499	4636.227728064978	782.737705286649	0	0	0	0	-3994574338638254e-20	-0.0007539393296942064	0	-0.003628819662915206	-0.02787339106108683
37	4.7671321747275135	4.7671321747275135	4.7671321747275135	45.59161014885388	51.02766519725382	21.17078305689017	4805.633480828656	4636.2277276585155	782.737705232859	0	0	0	0	-39945743455604125e-21	-0.0007539393297421065	0	-0.0036288197158513215	-0.027873391098524374
38	4.7671321747275135	4.7671321747275135	4.7671321747275135	45.59161014885388	51.027665196316086	21.17078305675515	4805.633478840753	4636.227724210155	782.7377047975805	0	0	0	0	-3994574418875654e-20	-0.0007539393304705788	0	-0.003628820338395449	-0.02787339148330118
39	4.7671321747275135	4.7671321747275135	4.7671321747275135	45.59161014885388	51.02766519450915	21.17078305649416	4805.633475120792	4636.2277177198985	782.7377039808133	0	0	0	0	-3994574558583979e-20	-0.0007539393318796232	0	-0.0036288215305475876	-0.02787339221541725
40	4.7671321747275135	4.7671321747275135	4.7671321747275135	45.59161014885388	51.02766519183299	21.170783056107208	4805.633469668773	4636.227708187744	782.7377027825577	0	0	0	0	-3994574764685386e-20	-0.0007539393339692398	0	-0.0036288232923077377	-0.02787339329487258
41	4.7671321747275135	4.7671321747275135	4.7671321747275135	45.59161014885388	51.02766518828762	21.17078305559429	4805.633462484694	4636.227695613691	782.7377012028134	0	0	0	0	-39945750371798766e-21	-0.0007539393367394285	0	-0.0036288256236758996	-0.027873394721667177
42	4.7671321747275135	4.7671321747275135	4.7671321747275135	45.59161014885388	51.02766518387304	21.170783054955404	4805.633453568556	4636.227679997742	782.7376992415805	0	0	0	0	-399457537606745e-19	-0.0007539393401901893	0	-0.003628828524652073	-0.027873396495801034
43	4.7671321747275135	4.7671321747275135	4.7671321747275135	45.59161014885388	51.02766517858924	21.170783054190554	4805.633442920361	4636.227661339894	782.737696898859	0	0	0	0	-39945757813481066e-21	-0.0007539393443215223	0	-0.003628831995236258	-0.027873398617274153
44	4.7671321747275135	4.7671321747275135	4.7671321747275135	45.59161014885388	51.02766517243623	21.17078305329974	4805.633430540107	4636.22763964015	782.737694174649	0	0	0	0	-39945762530218456e-21	-0.0007539393491334275	0	-0.0036288360354284543	-0.027873401086086533
45	4.7671321747275135	4.7671321747275135	4.7671321747275135	45.59161014885388	51.027665169853506	21.170783052923852	4805.633425666044	4636.227631033799	782.7376930983447	0	0	0	0	-3994576443476938e-20	-0.0007539393511619057	0	-0.003628837668281781	-0.027873402078467422
46	4.7671321747275135	4.7671321747275135	4.7671321747275135	45.59161014885388	51.02766516888462	21.17078305278106	4805.633424129537	4636.227628260094	782.7376927554127	0	0	0	0	-39945765080865115e-21	-0.0007539393519307306	0	-0.0036288382234539976	-0.027873402410883288
47	4.7671321747275135	4.7671321747275135	4.7671321747275135	45.59161014885388	51.02766516798856	21.170783052649004	4805.633422708505	4636.22762569461	782.7376924382393	0	0	0	0	-39945765678546416e-21	-0.00075393935264184	0	-0.0036288387370724275	-0.027873402718395165
48	4.7671321747275135	4.7671321747275135	4.7671321747275135	45.59161014885389	51.027665167165345	21.17078305252768	4805.633421402947	4636.227623337347	782.7376921468243	0	0	0	0	-3994576622781329e-20	-0.0007539393532952339	0	-0.003628839209137072	-0.027873403001003053
49	4.7671321747275135	4.7671321747275135	4.7671321747275135	45.59161014885389	51.02766516641496	21.170783052417082	4805.633420212863	4636.2276211883045	782.7376918811681	0	0	0	0	-39945766728665744e-21	-0.0007539393538909123	0	-0.0036288396396479297	-0.02787340325870696
50	4.7671321747275135	4.7671321747275135	4.7671321747275135	45.59161014885389	51.02766516573743	21.170783052317223	4805.633419138254	4636.227619247484	782.7376916412703	0	0	0	0	-39945767181103765e-21	-0.000753939354428875	0	-0.0036288400286050015	-0.027873403491506875
51	4.7671321747275135	4.7671321747275135	4.7671321747275135	45.59161014885389	51.02766516513273	21.170783052228096	4805.633418179119	4636.227617514884	782.7376914271312	0	0	0	0	-3994576758512736e-20	-0.0007539393549091224	0	-0.003628840376008287	-0.027873403699402804
52	4.7671321747275135	4.7671321747275135	4.7671321747275135	45.59161014885389	51.02766516460087	21.1707830521497	4805.633417335458	4636.227615990504	782.7376912387506	0	0	0	0	-39945767940736525e-21	-0.0007539393553316542	0	-0.0036288406818577867	-0.027873403882394746
53	4.7671321747275135	4.7671321747275135	4.7671321747275135	45.59161014885389	51.02766516414185	21.170783052082037	4805.633416607272	4636.227614674346	782.7376910761286	0	0	0	0	-39945768247931265e-21	-0.0007539393556964706	0	-0.0036288409461535	-0.027873404040482698
54	4.7671321747275135	4.7671321747275135	4.7671321747275135	45.59161014885389	51.02766516375567	21.170783052025108	4805.63341599456	4636.227613566409	782.7376909392651	0	0	0	0	-39945768506711574e-21	-0.0007539393560035714	0	-0.0036288411688954274	-0.027873404173666665
55	4.7671321747275135	4.7671321747275135	4.7671321747275135	45.59161014885389	51.027665163442336	21.17078305197891	4805.633415497323	4636.227612666693	782.7376908281603	0	0	0	0	-3994576871707746e-20	-0.0007539393562529566	0	-0.0036288413500835683	-0.027873404281946644
56	4.7671321747275135	4.7671321747275135	4.7671321747275135	45.59161014885389	51.02766516320183	21.170783051943445	4805.63341511556	4636.227611975198	782.737690742814	0	0	0	0	-3994576887902892e-20	-0.0007539393564446264	0	-0.003628841489717923	-0.027873404365322638
57	4.7671321747275135	4.7671321747275135	4.7671321747275135	45.59161014885389	51.02766516303417	21.17078305191871	4805.633414849271	4636.227611491924	782.7376906832263	0	0	0	0	-39945768992565946e-21	-0.0007539393565785807	0	-0.003628841587798492	-0.02787340442379464
58	4.7671321747275135	4.7671321747275135	4.7671321747275135	45.59161014885389	51.02766516293935	21.17078305190471	4805.633414698456	4636.227611216871	782.7376906493972	0	0	0	0	-3994576905768854e-20	-0.0007539393566548194	0	-0.0036288416443252744	-0.02787340445736266
59	4.7671321747275135	4.7671321747275135	4.7671321747275135	45.59161014885389	51.027665162917366	21.170783051901445	4805.633414663116	4636.227611150039	782.7376906413267	0	0	0	0	-39945769074396715e-21	-0.0007539393566733427	0	-0.003628841659298271	-0.027873404466026687
60	4.7671321747275135	4.7671321747275135	4.7671321747275135	45.59161014885389	51.02766516296822	21.17078305190891	4805.633414743251	4636.227611291428	782.7376906590147	0	0	0	0	-3994576904269046e-20	-0.0007539393566341504	0	-0.0036288416327174815	-0.02787340444978673
61	4.7671321747275135	4.7671321747275135	4.7671321747275135	45.59161014885389	51.02766516309192	21.170783051927106	4805.6334149388595	4636.2276116410385	782.7376907024612	0	0	0	0	-3994576896256978e-20	-0.0007539393565372427	0	-0.0036288415645829054	-0.027873404408642787
62	4.7671321747275135	4.7671321747275135	4.7671321747275135	45.59161014885388	51.027665163288454	21.170783051956036	4805.633415249943	4636.227612198869	782.7376907716665	0	0	0	0	-3994576883403467e-20	-0.0007539393563826193	0	-0.0036288414548945437	-0.027873404342594853
63	4.7671321747275135	4.7671321747275135	4.7671321747275135	45.59161014885388	51.02766516355783	21.1707830519957	4805.633415676501	4636.227612964922	782.7376908666303	0	0	0	0	-3994576865708513e-20	-0.0007539393561702805	0	-0.0036288413036523956	-0.027873404251642933
64	4.7671321747275135	4.7671321747275135	4.7671321747275135	45.59161014885388	51.027665163900046	21.170783052046094	4805.633416218532	4636.227613939194	782.7376909873526	0	0	0	0	-39945768431721166e-21	-0.0007539393559002262	0	-0.0036288411108564614	-0.02787340413578703
65	4.7671321747275135	4.7671321747275135	4.7671321747275135	45.59161014885388	51.027665164315096	21.170783052107222	4805.633416876039	4636.227615121688	782.7376911338334	0	0	0	0	-3994576815794277e-20	-0.0007539393555724564	0	-0.003628840876506741	-0.02787340399502713
66	4.7671321747275135	4.7671321747275135	4.7671321747275135	45.59161014885388	51.02766516480299	21.170783052179083	4805.633417649019	4636.227616512404	782.737691306073	0	0	0	0	-3994576783574995e-20	-0.000753939355186971	0	-0.003628840600603234	-0.02787340382936325
67	4.7671321747275135	4.7671321747275135	4.7671321747275135	45.59161014885388	51.02766516536372	21.170783052261676	4805.633418537474	4636.22761811134	782.737691504071	0	0	0	0	-39945767465142704e-21	-0.0007539393547437702	0	-0.0036288402831459415	-0.027873403638795383
68	4.7671321747275135	4.7671321747275135	4.7671321747275135	45.591610148853874	51.0276651659973	21.170783052355002	4805.633419541404	4636.227619918497	782.7376917278276	0	0	0	0	-3994576704612103e-20	-0.0007539393542428537	0	-0.003628839924134863	-0.027873403423323527
69	4.7671321747275135	4.7671321747275135	4.7671321747275135	45.591610148853896	51.02766516650173	21.170783052430007	4805.633420232919	4636.227621178966	782.7376918829067	0	0	0	0	-3994576674150438e-20	-0.000753939353833094	0	-0.003628839667937673	-0.027873403269645058
70	4.7671321747275135	4.7671321747275135	4.7671321747275135	45.5916101488539	51.027665166694156	21.170783052458674	4805.633420503073	4636.2276216798855	782.7376919440053	0	0	0	0	-3994576661793547e-20	-0.0007539393536735771	0	-0.00362883956211469	-0.02787340320674117
71	4.7671321747275135	4.7671321747275135	4.7671321747275135	45.59161014885388	51.02766516660167	21.170783052444623	4805.633420453296	4636.22762159694	782.7376919333104	0	0	0	0	-39945766640804745e-21	-0.0007539393537481942	0	-0.0036288395741534926	-0.02787340321515356
72	4.7671321747275135	4.7671321747275135	4.7671321747275135	45.59161014885388	51.02766516660167	21.170783052444623	4805.633420453296	4636.22762159694	782.7376919333104	0	0	0	0	-39945766640804745e-21	-0.0007539393537481942	0	-0.0036288395741534926	-0.02787340321515356
73	4.7671321747275135	4.7671321747275135	4.7671321747275135	0.0012447813682912334	50.05650809140664	20.806442633909633	729.425661957932	4599.097949695965	777.0611603425468	0	0	0	0	-44240169523101906e-21	-0.000810197802757871	0	-0.00378229950205087	-0.028732526190019345
74	4.7671321747275135	4.7671321747275135	4.7671321747275135	0	44.990946592060034	18.935167694219626	88.28746272657602	4321.237320741337	735.0646092593391	0	0	0	0	-8170529242700997e-20	-0.0011620641013811194	0	-0.005539724986830911	-0.03613780523326616
75	4.7671321747275135	4.7671321747275135	4.7671321747275135	0	38.247099885194615	16.545861025397887	10.67700289429978	3732.626159260913	648.6423471280483	0	0	0	0	-0.00022790648062230446	-0.001857506409830693	0	-0.014205324231001765	-0.0572668909997364
76	4.7671321747275135	4.7671321747275135	4.7671321747275135	0	36.09501527945597	15.843354667605764	1.2856118634593514	3371.9450124832806	598.2239524779419	0	0	0	0	-0.00040117204982950493	-0.0022498419881310785	0	-0.029590824504473468	-0.07677793237284747
77	4.7671321747275135	4.7671321747275135	4.7671321747275135	0	35.737170717334365	15.737787929226286	0.15483829460993556	3268.036398617706	584.5326250639721	0	0	0	0	-0.0004789726543420249	-0.002358004377514347	0	-0.04027128521592262	-0.08512003423025588
78	4.7671321747275135	4.7671321747275135	4.7671321747275135	0	35.68539840737749	15.723764814463962	0.018483189270518615	3246.3204906421543	581.8273519154438	0	0	0	0	-0.0005001428328102608	-0.0023798903521475736	0	-0.04442470900148333	-0.08748879032638032
79	4.7671321747275135	4.7671321747275135	4.7671321747275135	0	35.67817879276098	15.721937403813092	0.002159495543091577	3242.410758144376	581.3640687605345	0	0	0	0	-0.0005047360091912272	-0.002383750953969939	0	-0.04560398635516395	-0.08802802420585168
80	4.7671321747275135	4.7671321747275135	4.7671321747275135	0	35.67719656052445	15.721701982130162	0.0002354205091819543	3241.766071476459	581.2910345233836	0	0	0	0	-0.0005056184788714106	-0.0023843815827254158	0	-0.04588293670688706	-0.08813551301887855
81	4.7671321747275135	4.7671321747275135	4.7671321747275135	0	35.67707076612977	15.721673203931088	228042069589734e-19	3241.669029161814	581.2805006088149	0	0	0	0	-0.0005057712389095092	-0.00238447633832807	0	-0.04594043322725255	-0.08815465033627497
82	4.7671321747275135	4.7671321747275135	4.7671321747275135	0	35.67705478645822	15.72166970893369	0	3241.6550301953016	581.2790422675089	0	0	0	0	-0.0005057964863904613	-0.002384490377054854	0	-0.04595143844809772	-0.08815787028259989
83	4.7671321747275135	4.7671321747275135	4.7671321747275135	0	35.677054270620445	15.721669614764801	0	3241.6541240119254	581.278960403529	0	0	0	0	-0.0005057988240232705	-0.0023844911995264946	0	-0.04595285621871418	-0.08815818705076367
84	4.7671321747275135	4.7671321747275135	4.7671321747275135	0	35.67705416472361	15.721669596195534	0	3241.65404527146	581.2789536755465	0	0	0	0	-0.0005057990998685668	-0.002384491362194167	0	-0.04595303742774977	-0.08815822134170012
85	4.7671321747275135	4.7671321747275135	4.7671321747275135	0	35.67705422623418	15.721669607424483	0	3241.654137439324	581.2789620915754	0	0	0	0	-0.000505798870757216	-0.002384491269420842	0	-0.04595290780058589	-0.08815819077147868
86	4.7671321747275135	4.7671321747275135	4.7671321747275135	0	35.67705427508389	15.721669616328183	0	3241.6542105135572	581.2789687614672	0	0	0	0	-0.0005057986887609966	-0.002384491195609846	0	-0.04595280472474202	-0.0881581664934186
87	4.7671321747275135	4.7671321747275135	4.7671321747275135	0	35.677054311272734	15.72166962290664	0	3241.6542644941596	581.278973685222	0	0	0	0	-0.0005057985538799083	-0.002384491140761179	0	-0.04595272820021819	-0.08815814850751981
88	4.7671321747275135	4.7671321747275135	4.7671321747275135	0	35.6770543348007	15.721669627159853	0	3241.654299381131	581.2789768628397	0	0	0	0	-0.0005057984661139514	-0.002384491104874841	0	-0.04595267822701436	-0.08815813681378236
89	4.7671321747275135	4.7671321747275135	4.7671321747275135	0	35.6770543456678	15.721669629087819	0	3241.6543151744713	581.2789782943205	0	0	0	0	-0.0005057984254631257	-0.0023844910879508314	0	-0.04595265480513057	-0.08815813141220623
90	4.7671321747275135	4.7671321747275135	4.7671321747275135	0	35.677054343874026	15.721669628690538	0	3241.654311874181	581.2789779796642	0	0	0	0	-0.0005057984319274312	-0.0023844910899891505	0	-0.04595265793456679	-0.08815813230279143
91	4.7671321747275135	4.7671321747275135	4.7671321747275135	0	35.677054329419384	15.721669625968014	0	3241.6542894802596	581.278975918871	0	0	0	0	-0.0005057984855068681	-0.0023844911109897993	0	-0.045952687615323035	-0.08815813948553795
92	4.7671321747275135	4.7671321747275135	4.7671321747275135	0	35.67705430230387	15.721669620920244	0	3241.654247992707	581.2789721119407	0	0	0	0	-0.0005057985862014361	-0.002384491150952776	0	-0.0459527438473993	-0.0881581529604458
93	4.7671321747275135	4.7671321747275135	4.7671321747275135	0	35.67705429122286	15.721669618892205	0	3241.6542315120273	581.278970605264	0	0	0	0	-0.0005057986269811892	-0.0023844911675800803	0	-0.04595276678542553	-0.0881581583981956
94	4.7671321747275135	4.7671321747275135	4.7671321747275135	0	35.67705428804912	15.721669618339591	0	3241.6542272071906	581.2789702162517	0	0	0	0	-0.0005057986382741212	-0.0023844911725764066	0	-0.04595277325541673	-0.0881581598871464
95	4.7671321747275135	4.7671321747275135	4.7671321747275135	0	35.67705428501479	15.721669617811243	0	3241.6542230924742	581.2789698444263	0	0	0	0	-0.000505798649069346	-0.0023844911773533493	0	-0.04595277944025398	-0.08815816131044707
96	4.7671321747275135	4.7671321747275135	4.7671321747275135	0	35.677054282119876	15.72166961730716	0	3241.6542191678786	581.2789694897883	0	0	0	0	-0.0005057986593668635	-0.0023844911819109085	0	-0.045952785339937276	-0.08815816266809763
97	4.7671321747275135	4.7671321747275135	4.7671321747275135	0	35.67705427936436	15.721669616827345	0	3241.6542154334034	581.2789691523375	0	0	0	0	-0.0005057986691666739	-0.002384491186249084	0	-0.04595279095446662	-0.08815816396009807
98	4.7671321747275135	4.7671321747275135	4.7671321747275135	0	35.677054276748265	15.721669616371795	0	3241.654211889049	581.2789688320738	0	0	0	0	-0.0005057986784687769	-0.0023844911903678763	0	-0.045952796283842	-0.08815816518644838
99	4.7671321747275135	4.7671321747275135	4.7671321747275135	0	35.67705427427158	15.721669615940511	0	3241.654208534815	581.2789685289974	0	0	0	0	-0.0005057986872731727	-0.002384491194267285	0	-0.04595280132806343	-0.08815816634714857
100	4.7671321747275135	4.7671321747275135	4.7671321747275135	0	35.67705427193431	15.721669615533495	0	3241.6542053707017	581.2789682431081	0	0	0	0	-0.0005057986955798613	-0.00238449119794731	0	-0.04595280608713091	-0.08815816744219865
101	4.7671321747275135	4.7671321747275135	4.7671321747275135	0	35.677054269736445	15.721669615150743	0	3241.654202396709	581.2789679744061	0	0	0	0	-0.0005057987033888426	-0.0023844912014079514	0	-0.04595281056104444	-0.0881581684715986
102	4.7671321747275135	4.7671321747275135	4.7671321747275135	0	35.677054267677995	15.72166961479226	0	3241.654199612837	581.2789677228914	0	0	0	0	-0.0005057987107001167	-0.0023844912046492093	0	-0.045952814749804005	-0.08815816943534843
103	4.7671321747275135	4.7671321747275135	4.7671321747275135	0	35.67705426575895	15.721669614458042	0	3241.6541970190856	581.2789674885637	0	0	0	0	-0.0005057987175136836	-0.0023844912076710838	0	-0.045952818653409624	-0.08815817033344815
104	4.7671321747275135	4.7671321747275135	4.7671321747275135	0	35.67705426397932	15.72166961414809	0	3241.6541946154543	581.2789672714233	0	0	0	0	-0.0005057987238295431	-0.002384491210473575	0	-0.04595282227186128	-0.08815817116589773
105	4.7671321747275135	4.7671321747275135	4.7671321747275135	0	35.6770542623391	15.721669613862405	0	3241.654192401944	581.27896707147	0	0	0	0	-0.0005057987296476955	-0.0023844912130566824	0	-0.04595282560515899	-0.08815817193269722
106	4.7671321747275135	4.7671321747275135	4.7671321747275135	0	35.6770542608383	15.721669613600985	0	3241.654190378554	581.2789668887041	0	0	0	0	-0.0005057987349681406	-0.002384491215420406	0	-0.045952828653302746	-0.08815817263384657
107	4.7671321747275135	4.7671321747275135	4.7671321747275135	0	35.6770542594769	15.721669613363833	0	3241.654188545285	581.2789667231252	0	0	0	0	-0.0005057987397908784	-0.0023844912175647465	0	-0.04595283141629254	-0.0881581732693458
108	4.7671321747275135	4.7671321747275135	4.7671321747275135	0	35.67705425825491	15.721669613150945	0	3241.654186902136	581.2789665747335	0	0	0	0	-0.000505798744115909	-0.0023844912194897036	0	-0.04595283389412839	-0.08815817383919491
109	4.7671321747275135	4.7671321747275135	4.7671321747275135	0	35.67705425717234	15.721669612962327	0	3241.6541854491084	581.2789664435292	0	0	0	0	-0.0005057987479432324	-0.002384491221195277	0	-0.045952836086810285	-0.0881581743433939
110	4.7671321747275135	4.7671321747275135	4.7671321747275135	0	35.67705425622917	15.721669612797973	0	3241.654184186201	581.278966329512	0	0	0	0	-0.0005057987512728485	-0.002384491222681467	0	-0.04595283799433822	-0.08815817478194277
111	4.7671321747275135	4.7671321747275135	4.7671321747275135	0	35.67705425542542	15.721669612657886	0	3241.654183113414	581.278966232682	0	0	0	0	-0.0005057987541047574	-0.002384491223948273	0	-0.045952839616712204	-0.08815817515484152
112	4.7671321747275135	4.7671321747275135	4.7671321747275135	0	35.67705425476108	15.721669612542064	0	3241.6541822307477	581.2789661530392	0	0	0	0	-0.000505798756438959	-0.002384491224995696	0	-0.045952840953932234	-0.08815817546209015
113	4.7671321747275135	4.7671321747275135	4.7671321747275135	0	35.67705425423615	15.721669612450508	0	3241.654181538202	581.2789660905836	0	0	0	0	-0.0005057987582754534	-0.002384491225823735	0	-0.04595284200599831	-0.08815817570368867
114	4.7671321747275135	4.7671321747275135	4.7671321747275135	0	35.67705425385063	15.72166961238322	0	3241.654181035777	581.2789660453152	0	0	0	0	-0.0005057987596142406	-0.002384491226432391	0	-0.04595284277291043	-0.08815817587963706
115	4.7671321747275135	4.7671321747275135	4.7671321747275135	0	35.67705425360452	15.721669612340198	0	3241.6541807234726	581.278966017234	0	0	0	0	-0.0005057987604553204	-0.002384491226821663	0	-0.04595284325466859	-0.08815817598993533
116	4.7671321747275135	4.7671321747275135	4.7671321747275135	0	35.67705425349782	15.721669612321442	0	3241.6541806012888	581.2789660063399	0	0	0	0	-0.000505798760798693	-0.0023844912269915517	0	-0.045952843451272804	-0.08815817603458348
117	4.7671321747275135	4.7671321747275135	4.7671321747275135	0	35.677054253530535	15.721669612326952	0	3241.6541806692253	581.2789660126332	0	0	0	0	-0.0005057987606443585	-0.002384491226942057	0	-0.04595284336272307	-0.0881581760135815
118	4.7671321747275135	4.7671321747275135	4.7671321747275135	0	35.677054253702664	15.72166961235673	0	3241.6541809272826	581.2789660361136	0	0	0	0	-0.0005057987599923166	-0.002384491226673179	0	-0.045952842989019374	-0.08815817592692941
119	4.7671321747275135	4.7671321747275135	4.7671321747275135	0	35.677054254014195	15.721669612410773	0	3241.65418137546	581.2789660767812	0	0	0	0	-0.0005057987588425675	-0.0023844912261849166	0	-0.04595284233016172	-0.08815817577462721
120	4.7671321747275135	4.7671321747275135	4.7671321747275135	0	35.67705425446515	15.721669612489082	0	3241.6541820137586	581.2789661346361	0	0	0	0	-0.0005057987571951112	-0.0023844912254772713	0	-0.04595284138615012	-0.08815817555667488
121	4.7671321747275135	4.7671321747275135	4.7671321747275135	0	35.6770542550555	15.721669612591658	0	3241.6541828421778	581.2789662096781	0	0	0	0	-0.0005057987550499476	-0.0023844912245502424	0	-0.04595284015698456	-0.08815817527307243
122	4.7671321747275135	4.7671321747275135	4.7671321747275135	0	35.67705425578527	15.7216696127185	0	3241.6541838607172	581.2789663019073	0	0	0	0	-0.0005057987524070768	-0.00238449122340383	0	-0.04595283864266505	-0.08815817492381986
123	4.7671321747275135	4.7671321747275135	4.7671321747275135	0	35.67705425665445	15.721669612869608	0	3241.6541850693775	581.2789664113237	0	0	0	0	-0.0005057987492664987	-0.002384491222038034	0	-0.04595283684319158	-0.08815817450891716
124	4.7671321747275135	4.7671321747275135	4.7671321747275135	0	35.677054257663045	15.721669613044984	0	3241.6541864681585	581.2789665379273	0	0	0	0	-0.0005057987456282134	-0.0023844912204528546	0	-0.04595283475856416	-0.08815817402836436
125	4.7671321747275135	4.7671321747275135	4.7671321747275135	0	35.67705425881105	15.721669613244625	0	3241.65418805706	581.2789666817182	0	0	0	0	-0.0005057987414922208	-0.0023844912186482916	0	-0.04595283238878279	-0.08815817348216143
126	4.7671321747275135	4.7671321747275135	4.7671321747275135	0	35.67705426009846	15.721669613468531	0	3241.6541898360815	581.2789668426963	0	0	0	0	-0.000505798736858521	-0.002384491216624345	0	-0.04595282973384746	-0.08815817287030837
127	4.7671321747275135	4.7671321747275135	4.7671321747275135	0	35.677054261525285	15.721669613716706	0	3241.6541918052244	581.2789670208615	0	0	0	0	-0.0005057987317271139	-0.002384491214381015	0	-0.04595282679375818	-0.0881581721928052
128	4.7671321747275135	4.7671321747275135	4.7671321747275135	0	35.67705426309152	15.721669613989146	0	3241.654193964487	581.2789672162139	0	0	0	0	-0.0005057987260979997	-0.0023844912119183014	0	-0.04595282356851494	-0.0881581714496519
129	4.7671321747275135	4.7671321747275135	4.7671321747275135	0	35.67705426479717	15.721669614285851	0	3241.654196313871	581.2789674287535	0	0	0	0	-0.0005057987199711781	-0.002384491209236204	0	-0.04595282005811775	-0.0881581706408485
130	4.7671321747275135	4.7671321747275135	4.7671321747275135	0	35.67705426664223	15.721669614606824	0	3241.6541988533754	581.2789676584804	0	0	0	0	-0.0005057987133466493	-0.0023844912063347235	0	-0.04595281626256661	-0.08815816976639496
131	4.7671321747275135	4.7671321747275135	4.7671321747275135	0	35.6770542686267	15.721669614952063	0	3241.6542015830005	581.2789679053944	0	0	0	0	-0.0005057987062244133	-0.0023844912032138597	0	-0.04595281218186151	-0.08815816882629131
132	4.7671321747275135	4.7671321747275135	4.7671321747275135	0	35.677054270750574	15.721669615321568	0	3241.654204502746	581.2789681694957	0	0	0	0	-0.00050579869860447	-0.002384491199873612	0	-0.04595280781600246	-0.08815816782053754
133	4.7671321747275135	4.7671321747275135	4.7671321747275135	0	35.67705427123298	15.721669615405899	0	3241.6542051134447	581.278968224521	0	0	0	0	-0.0005057986969728625	-0.0023844911991141612	0	-0.04595280688716228	-0.08815816760670979
134	4.7671321747275135	4.7671321747275135	4.7671321747275135	0	35.67705427138644	15.721669615433065	0	3241.6542052636273	581.2789682378574	0	0	0	0	-0.0005057986965371681	-0.002384491198871945	0	-0.04595280664448807	-0.08815816755097208
135	4.7671321747275135	4.7671321747275135	4.7671321747275135	0	35.677054271535916	15.721669615459525	0	3241.6542054099145	581.2789682508478	0	0	0	0	-0.0005057986961127625	-0.002384491198636001	0	-0.045952806408102245	-0.08815816749667868
136	4.7671321747275135	4.7671321747275135	4.7671321747275135	0	35.67705427168141	15.721669615485283	0	3241.6542055523055	581.2789682634921	0	0	0	0	-0.0005057986956996456	-0.0023844911984063303	0	-0.0459528061780048	-0.08815816744382961
137	4.7671321747275135	4.7671321747275135	4.7671321747275135	0	35.67705427182294	15.721669615510336	0	3241.654205690801	581.2789682757904	0	0	0	0	-0.0005057986952978174	-0.0023844911981829326	0	-0.045952805954195715	-0.08815816739242485
138	4.7671321747275135	4.7671321747275135	4.7671321747275135	0	35.677054271960486	15.721669615534685	0	3241.654205825401	581.2789682877426	0	0	0	0	-0.0005057986949072779	-0.0023844911979658077	0	-0.04595280573667502	-0.0881581673424644
139	4.7671321747275135	4.7671321747275135	4.7671321747275135	0	35.67705427209406	15.721669615558332	0	3241.6542059561048	581.2789682993489	0	0	0	0	-0.0005057986945280271	-0.0023844911977549555	0	-0.04595280552544269	-0.08815816729394828
140	4.7671321747275135	4.7671321747275135	4.7671321747275135	0	35.67705427222366	15.721669615581275	0	3241.6542060829133	581.2789683106091	0	0	0	0	-0.000505798694160065	-0.0023844911975503765	0	-0.045952805320498745	-0.08815816724687647
141	4.7671321747275135	4.7671321747275135	4.7671321747275135	0	35.67705427234928	15.721669615603513	0	3241.6542062058256	581.2789683215233	0	0	0	0	-0.0005057986938033918	-0.0023844911973520703	0	-0.04595280512184317	-0.08815816720124897
142	4.7671321747275135	4.7671321747275135	4.7671321747275135	0	35.677054272470926	15.721669615625048	0	3241.6542063248426	581.2789683320914	0	0	0	0	-0.0005057986934580072	-0.0023844911971600373	0	-0.04595280492947597	-0.0881581671570658
143	4.7671321747275135	4.7671321747275135	4.7671321747275135	0	35.6770542725886	15.721669615645881	0	3241.6542064399637	581.2789683423135	0	0	0	0	-0.0005057986931239113	-0.002384491196974277	0	-0.04595280474339714	-0.08815816711432695
144	4.7671321747275135	4.7671321747275135	4.7671321747275135	0	35.67705427270229	15.72166961566601	0	3241.654206551189	581.2789683521896	0	0	0	0	-0.000505798692801104	-0.0023844911967947895	0	-0.045952804563606696	-0.0881581670730324
145	4.7671321747275135	4.7671321747275135	4.7671321747275135	0	35.67705427281201	15.721669615685434	0	3241.6542066585184	581.2789683617198	0	0	0	0	-0.0005057986924895857	-0.0023844911966215752	0	-0.04595280439010463	-0.08815816703318217
146	4.7671321747275135	4.7671321747275135	4.7671321747275135	0	35.67705427291775	15.721669615704155	0	3241.6542067619525	581.2789683709037	0	0	0	0	-0.0005057986921893559	-0.0023844911964546337	0	-0.04595280422289093	-0.08815816699477627
147	4.7671321747275135	4.7671321747275135	4.7671321747275135	0	35.677054273019515	15.72166961572217	0	3241.6542068614904	581.2789683797417	0	0	0	0	-0.0005057986919004149	-0.002384491196293965	0	-0.045952804061965606	-0.08815816695781467
148	4.7671321747275135	4.7671321747275135	4.7671321747275135	0	35.67705427311731	15.721669615739485	0	3241.654206957133	581.2789683882338	0	0	0	0	-0.0005057986916227625	-0.0023844911961395693	0	-0.045952803907328664	-0.0881581669222974
149	4.7671321747275135	4.7671321747275135	4.7671321747275135	0	35.67705427321112	15.721669615756095	0	3241.6542070488795	581.2789683963797	0	0	0	0	-0.000505798691356399	-0.0023844911959914465	0	-0.045952803758980094	-0.08815816688822445
150	4.7671321747275135	4.7671321747275135	4.7671321747275135	0	35.67705427330095	15.721669615772	0	3241.6542071367307	581.2789684041796	0	0	0	0	-0.0005057986911013242	-0.0023844911958495964	0	-0.0459528036169199	-0.0881581668555958
151	4.7671321747275135	4.7671321747275135	4.7671321747275135	0	35.677054273386815	15.721669615787203	0	3241.6542072206857	581.2789684116336	0	0	0	0	-0.000505798690857538	-0.0023844911957140195	0	-0.04595280348114808	-0.08815816682441148
152	4.7671321747275135	4.7671321747275135	4.7671321747275135	0	35.6770542734687	15.721669615801703	0	3241.6542073007454	581.2789684187414	0	0	0	0	-0.0005057986906250406	-0.002384491195584716	0	-0.045952803351664635	-0.08815816679467148
153	4.7671321747275135	4.7671321747275135	4.7671321747275135	0	35.67705427354661	15.721669615815498	0	3241.654207376909	581.2789684255033	0	0	0	0	-0.0005057986904038319	-0.0023844911954616845	0	-0.04595280322846957	-0.08815816676637578
154	4.7671321747275135	4.7671321747275135	4.7671321747275135	0	35.67705427362054	15.72166961582859	0	3241.654207449177	581.2789684319191	0	0	0	0	-0.0005057986901939119	-0.0023844911953449263	0	-0.04595280311156288	-0.08815816673952441
155	4.7671321747275135	4.7671321747275135	4.7671321747275135	0	35.6770542736905	15.721669615840979	0	3241.6542075175494	581.278968437989	0	0	0	0	-0.0005057986899952805	-0.002384491195234441	0	-0.04595280300094456	-0.08815816671411736
156	4.7671321747275135	4.7671321747275135	4.7671321747275135	0	35.67705427375648	15.721669615852662	0	3241.6542075820257	581.2789684437126	0	0	0	0	-0.000505798689807938	-0.0023844911951302287	0	-0.04595280289661462	-0.08815816669015461
157	4.7671321747275135	4.7671321747275135	4.7671321747275135	0	35.677054273818484	15.721669615863643	0	3241.6542076426067	581.2789684490905	0	0	0	0	-0.0005057986896318842	-0.0023844911950322892	0	-0.045952802798573056	-0.08815816666763619
158	4.7671321747275135	4.7671321747275135	4.7671321747275135	0	35.677054273876514	15.721669615873921	0	3241.654207699292	581.2789684541222	0	0	0	0	-0.000505798689467119	-0.002384491194940623	0	-0.04595280270681986	-0.08815816664656208
159	4.7671321747275135	4.7671321747275135	4.7671321747275135	0	35.67705427393057	15.721669615883494	0	3241.654207752081	581.2789684588079	0	0	0	0	-0.0005057986893136426	-0.0023844911948552295	0	-0.045952802621355045	-0.0881581666269323
160	4.7671321747275135	4.7671321747275135	4.7671321747275135	0	35.677054273980644	15.721669615892363	0	3241.6542078009747	581.2789684631475	0	0	0	0	-0.000505798689171455	-0.0023844911947761087	0	-0.04595280254217861	-0.08815816660874683
161	4.7671321747275135	4.7671321747275135	4.7671321747275135	0	35.67705427402675	15.721669615900531	0	3241.6542078459725	581.2789684671411	0	0	0	0	-0.0005057986890405561	-0.0023844911947032608	0	-0.045952802469290545	-0.08815816659200566
162	4.7671321747275135	4.7671321747275135	4.7671321747275135	0	35.67705427406887	15.721669615907993	0	3241.654207887075	581.2789684707888	0	0	0	0	-0.0005057986889209458	-0.002384491194636686	0	-0.04595280240269086	-0.08815816657670883
163	4.7671321747275135	4.7671321747275135	4.7671321747275135	0	35.67705427410702	15.721669615914752	0	3241.6542079242813	581.2789684740903	0	0	0	0	-0.0005057986888126242	-0.0023844911945763844	0	-0.04595280234237954	-0.08815816656285631
164	4.7671321747275135	4.7671321747275135	4.7671321747275135	0	35.6770542741412	15.721669615920808	0	3241.6542079575916	581.2789684770459	0	0	0	0	-0.0005057986887155914	-0.002384491194522355	0	-0.04595280228835661	-0.0881581665504481
165	4.7671321747275135	4.7671321747275135	4.7671321747275135	0	35.6770542741714	15.721669615926158	0	3241.654207987007	581.2789684796553	0	0	0	0	-0.0005057986886298474	-0.002384491194474599	0	-0.045952802240622044	-0.08815816653948422
166	4.7671321747275135	4.7671321747275135	4.7671321747275135	0	35.677054274197616	15.721669615930807	0	3241.654208012526	581.2789684819188	0	0	0	0	-0.000505798688555392	-0.002384491194433116	0	-0.045952802199175864	-0.08815816652996465
167	4.7671321747275135	4.7671321747275135	4.7671321747275135	0	35.67705427421986	15.721669615934752	0	3241.6542080341496	581.2789684838363	0	0	0	0	-0.0005057986884922254	-0.0023844911943979056	0	-0.04595280216401805	-0.08815816652188939
168	4.7671321747275135	4.7671321747275135	4.7671321747275135	0	35.67705427423813	15.721669615937993	0	3241.654208051877	581.2789684854077	0	0	0	0	-0.0005057986884403474	-0.0023844911943689687	0	-0.045952802135148615	-0.08815816651525846
169	4.7671321747275135	4.7671321747275135	4.7671321747275135	0	35.67705427425242	15.72166961594053	0	3241.654208065709	581.2789684866332	0	0	0	0	-0.0005057986883997582	-0.002384491194346304	0	-0.04595280211256756	-0.08815816651007183
170	4.7671321747275135	4.7671321747275135	4.7671321747275135	0	35.67705427426274	15.721669615942362	0	3241.6542080756453	581.2789684875125	0	0	0	0	-0.0005057986883704577	-0.0023844911943299127	0	-0.04595280209627487	-0.08815816650632953
171	4.7671321747275135	4.7671321747275135	4.7671321747275135	0	35.67705427426908	15.721669615943494	0	3241.654208081686	581.2789684880458	0	0	0	0	-0.0005057986883524459	-0.002384491194319794	0	-0.04595280208627057	-0.08815816650403155
172	4.7671321747275135	4.7671321747275135	4.7671321747275135	0	35.67705427427145	15.72166961594392	0	3241.654208083831	581.2789684882332	0	0	0	0	-0.0005057986883457229	-0.0023844911943159486	0	-0.04595280208255463	-0.08815816650317787
173	4.7671321747275135	4.7671321747275135	4.7671321747275135	0	35.677054274269835	15.721669615943641	0	3241.65420808208	581.2789684880745	0	0	0	0	-0.0005057986883502885	-0.002384491194318376	0	-0.04595280208512707	-0.08815816650376852
174	4.7671321747275135	4.7671321747275135	4.7671321747275135	0	35.67705427426425	15.72166961594266	0	3241.6542080764334	581.2789684875697	0	0	0	0	-0.0005057986883661429	-0.002384491194327076	0	-0.045952802093987895	-0.08815816650580349
175	4.7671321747275135	4.7671321747275135	4.7671321747275135	0	35.67705427425469	15.721669615940977	0	3241.654208066891	581.278968486719	0	0	0	0	-0.000505798688393286	-0.0023844911943420493	0	-0.04595280210913709	-0.08815816650928276
176	4.7671321747275135	4.7671321747275135	4.7671321747275135	0	35.677054274241144	15.721669615938588	0	3241.6542080534527	581.2789684855222	0	0	0	0	-0.0005057986884317178	-0.0023844911943632953	0	-0.045952802130574656	-0.08815816651420637
177	4.7671321747275135	4.7671321747275135	4.7671321747275135	0	35.67705427422363	15.721669615935497	0	3241.6542080361187	581.2789684839794	0	0	0	0	-0.0005057986884814383	-0.002384491194390814	0	-0.0459528021583006	-0.08815816652057427
178	4.7671321747275135	4.7671321747275135	4.7671321747275135	0	35.67705427420214	15.7216696159317	0	3241.6542080148893	581.2789684820905	0	0	0	0	-0.0005057986885424476	-0.002384491194424606	0	-0.04595280219231492	-0.08815816652838651
179	4.7671321747275135	4.7671321747275135	4.7671321747275135	0	35.677054274176676	15.721669615927201	0	3241.654207989764	581.2789684798556	0	0	0	0	-0.0005057986886147455	-0.002384491194464671	0	-0.04595280223261762	-0.08815816653764307
180	4.7671321747275135	4.7671321747275135	4.7671321747275135	0	35.67705427414723	15.721669615922	0	3241.654207960743	581.2789684772747	0	0	0	0	-0.0005057986886983322	-0.0023844911945110087	0	-0.04595280227920869	-0.08815816654834392
181	4.7671321747275135	4.7671321747275135	4.7671321747275135	0	35.677054274113814	15.721669615916092	0	3241.654207927826	581.2789684743478	0	0	0	0	-0.0005057986887932076	-0.0023844911945636194	0	-0.04595280233208814	-0.08815816656048911
182	4.7671321747275135	4.7671321747275135	4.7671321747275135	0	35.67705427407642	15.721669615909482	0	3241.654207891014	581.2789684710749	0	0	0	0	-0.0005057986888993717	-0.002384491194622503	0	-0.045952802391255966	-0.0881581665740786
183	4.7671321747275135	4.7671321747275135	4.7671321747275135	0	35.677054274035044	15.721669615902169	0	3241.6542078503053	581.2789684674559	0	0	0	0	-0.0005057986890168245	-0.0023844911946876595	0	-0.04595280245671216	-0.08815816658911242
184	4.7671321747275135	4.7671321747275135	4.7671321747275135	0	35.6770542739897	15.721669615894152	0	3241.6542078057014	581.2789684634909	0	0	0	0	-0.000505798689145566	-0.002384491194759089	0	-0.04595280252845674	-0.08815816660559056
185	4.7671321747275135	4.7671321747275135	4.7671321747275135	0	35.67705427394038	15.72166961588543	0	3241.6542077572017	581.2789684591799	0	0	0	0	-0.0005057986892855964	-0.002384491194836791	0	-0.045952802606489686	-0.088158166623513
186	4.7671321747275135	4.7671321747275135	4.7671321747275135	0	35.67705427388708	15.721669615876007	0	3241.654207704806	581.2789684545228	0	0	0	0	-0.0005057986894369153	-0.0023844911949207665	0	-0.045952802690811013	-0.08815816664287977
187	4.7671321747275135	4.7671321747275135	4.7671321747275135	0	35.6770542738298	15.721669615865878	0	3241.6542076485152	581.2789684495197	0	0	0	0	-0.0005057986895995231	-0.0023844911950110146	0	-0.045952802781420714	-0.08815816666369085
188	4.7671321747275135	4.7671321747275135	4.7671321747275135	0	35.677054273768555	15.721669615855046	0	3241.654207588328	581.2789684441706	0	0	0	0	-0.0005057986897734195	-0.002384491195107536	0	-0.04595280287831879	-0.08815816668594625
189	4.7671321747275135	4.7671321747275135	4.7671321747275135	0	35.67705427370333	15.72166961584351	0	3241.6542075242455	581.2789684384754	0	0	0	0	-0.0005057986899586046	-0.00238449119521033	0	-0.04595280298150524	-0.08815816670964598
190	4.7671321747275135	4.7671321747275135	4.7671321747275135	0	35.67705427363412	15.72166961583127	0	3241.654207456267	581.2789684324342	0	0	0	0	-0.0005057986901550785	-0.002384491195319397	0	-0.045952803090980064	-0.08815816673479
191	4.7671321747275135	4.7671321747275135	4.7671321747275135	0	35.67705427356094	15.721669615818328	0	3241.654207384393	581.278968426047	0	0	0	0	-0.0005057986903628411	-0.002384491195434737	0	-0.04595280320674327	-0.08815816676137836
192	4.7671321747275135	4.7671321747275135	4.7671321747275135	0	35.67705427348379	15.721669615804682	0	3241.654207308623	581.2789684193137	0	0	0	0	-0.0005057986905818924	-0.0023844911955563496	0	-0.045952803328794846	-0.08815816678941102
193	4.7671321747275135	4.7671321747275135	4.7671321747275135	0	35.67705427340266	15.721669615790333	0	3241.6542072289576	581.2789684122345	0	0	0	0	-0.0005057986908122324	-0.002384491195684235	0	-0.0459528034571348	-0.08815816681888801
194	4.7671321747275135	4.7671321747275135	4.7671321747275135	0	35.67705427331755	15.721669615775278	0	3241.6542071453964	581.2789684048092	0	0	0	0	-0.0005057986910538612	-0.002384491195818394	0	-0.04595280359176313	-0.08815816684980932
195	4.7671321747275135	4.7671321747275135	4.7671321747275135	0	35.67705427322847	15.721669615759522	0	3241.6542070579394	581.2789683970379	0	0	0	0	-0.0005057986913067785	-0.0023844911959588254	0	-0.045952803732679834	-0.08815816688217493
196	4.7671321747275135	4.7671321747275135	4.7671321747275135	0	35.67705427313541	15.72166961574306	0	3241.6542069665866	581.2789683889206	0	0	0	0	-0.0005057986915709847	-0.0023844911961055297	0	-0.045952803879884915	-0.08815816691598487
197	4.7671321747275135	4.7671321747275135	4.7671321747275135	0	35.67705427303837	15.721669615725895	0	3241.654206871338	581.2789683804572	0	0	0	0	-0.0005057986918464796	-0.002384491196258507	0	-0.04595280403337837	-0.08815816695123911
198	4.7671321747275135	4.7671321747275135	4.7671321747275135	0	35.67705427293736	15.721669615708027	0	3241.654206772194	581.2789683716478	0	0	0	0	-0.0005057986921332633	-0.0023844911964177574	0	-0.0459528041931602	-0.08815816698793769
199	4.7671321747275135	4.7671321747275135	4.7671321747275135	0	35.67705427283238	15.721669615689455	0	3241.6542066691536	581.2789683624924	0	0	0	0	-0.0005057986924313356	-0.0023844911965832808	0	-0.04595280435923041	-0.08815816702608058
200	4.7671321747275135	4.7671321747275135	4.7671321747275135	0	35.67705427278633	15.721669615681277	0	3241.6542066255365	581.2789683586263	0	0	0	0	-0.0005057986925594155	-0.0023844911966558052	0	-0.04595280443008466	-0.08815816704238727
201	4.7671321747275135	4.7671321747275135	4.7671321747275135	0	35.67705427277518	15.721669615679254	0	3241.6542066169654	581.2789683578792	0	0	0	0	-0.000505798692587074	-0.002384491196673277	0	-0.04595280444473356	-0.08815816704580176
202	4.7671321747275135	4.7671321747275135	4.7671321747275135	0	35.677054272764515	15.721669615677317	0	3241.654206608764	581.2789683571643	0	0	0	0	-0.0005057986926135429	-0.0023844911966900036	0	-0.045952804458752106	-0.08815816704906972
203	4.7671321747275135	4.7671321747275135	4.7671321747275135	0	35.67705427275433	15.72166961567547	0	3241.6542066009324	581.2789683564816	0	0	0	0	-0.0005057986926388223	-0.0023844911967059856	0	-0.045952804472140285	-0.08815816705219114
204	4.7671321747275135	4.7671321747275135	4.7671321747275135	0	35.67705427274464	15.72166961567371	0	3241.6542065934705	581.2789683558312	0	0	0	0	-0.0005057986926629123	-0.0023844911967212225	0	-0.045952804484898115	-0.08815816705516602
205	4.7671321747275135	4.7671321747275135	4.7671321747275135	0	35.677054272735425	15.721669615672038	0	3241.654206586378	581.278968355213	0	0	0	0	-0.0005057986926858127	-0.002384491196735715	0	-0.04595280449702559	-0.08815816705799438
206	4.7671321747275135	4.7671321747275135	4.7671321747275135	0	35.67705427272669	15.721669615670454	0	3241.6542065796557	581.2789683546271	0	0	0	0	-0.0005057986927075236	-0.0023844911967494616	0	-0.045952804508522696	-0.08815816706067621
207	4.7671321747275135	4.7671321747275135	4.7671321747275135	0	35.67705427271844	15.721669615668956	0	3241.6542065733024	581.2789683540733	0	0	0	0	-0.0005057986927280451	-0.0023844911967624643	0	-0.04595280451938945	-0.08815816706321149
208	4.7671321747275135	4.7671321747275135	4.7671321747275135	0	35.67705427271068	15.721669615667548	0	3241.6542065673193	581.2789683535517	0	0	0	0	-0.000505798692747377	-0.0023844911967747214	0	-0.04595280452962584	-0.08815816706560024
209	4.7671321747275135	4.7671321747275135	4.7671321747275135	0	35.6770542727034	15.721669615666226	0	3241.6542065617055	581.2789683530625	0	0	0	0	-0.0005057986927655195	-0.002384491196786234	0	-0.04595280453923188	-0.08815816706784248
210	4.7671321747275135	4.7671321747275135	4.7671321747275135	0	35.6770542726966	15.721669615664993	0	3241.6542065564613	581.2789683526054	0	0	0	0	-0.0005057986927824725	-0.0023844911967970013	0	-0.04595280454820756	-0.08815816706993816
211	4.7671321747275135	4.7671321747275135	4.7671321747275135	0	35.67705427269029	15.721669615663847	0	3241.654206551587	581.2789683521806	0	0	0	0	-0.000505798692798236	-0.002384491196807024	0	-0.04595280455655288	-0.08815816707188731
212	4.7671321747275135	4.7671321747275135	4.7671321747275135	0	35.67705427268446	15.721669615662789	0	3241.654206547082	581.278968351788	0	0	0	0	-0.00050579869281281	-0.002384491196816302	0	-0.04595280456426785	-0.08815816707368994
213	4.7671321747275135	4.7671321747275135	4.7671321747275135	0	35.67705427267911	15.721669615661819	0	3241.654206542947	581.2789683514277	0	0	0	0	-0.0005057986928261944	-0.002384491196824835	0	-0.04595280457135245	-0.08815816707534603
214	4.7671321747275135	4.7671321747275135	4.7671321747275135	0	35.67705427267425	15.721669615660936	0	3241.654206539182	581.2789683510995	0	0	0	0	-0.0005057986928383894	-0.0023844911968326226	0	-0.045952804577806705	-0.08815816707685559
215	4.7671321747275135	4.7671321747275135	4.7671321747275135	0	35.677054272669864	15.72166961566014	0	3241.6542065357858	581.2789683508037	0	0	0	0	-0.000505798692849395	-0.0023844911968396655	0	-0.045952804583630595	-0.08815816707821861
216	4.7671321747275135	4.7671321747275135	4.7671321747275135	0	35.67705427266597	15.721669615659433	0	3241.6542065327594	581.27896835054	0	0	0	0	-0.0005057986928592109	-0.002384491196845964	0	-0.04595280458882413	-0.08815816707943509
217	4.7671321747275135	4.7671321747275135	4.7671321747275135	0	35.67705427266256	15.721669615658815	0	3241.6542065301032	581.2789683503086	0	0	0	0	-0.0005057986928678373	-0.002384491196851517	0	-0.045952804593387304	-0.08815816708050504
218	4.7671321747275135	4.7671321747275135	4.7671321747275135	0	35.677054272659625	15.721669615658282	0	3241.6542065278163	581.2789683501094	0	0	0	0	-0.0005057986928752744	-0.0023844911968563254	0	-0.04595280459732012	-0.08815816708142847
219	4.7671321747275135	4.7671321747275135	4.7671321747275135	0	35.67705427265718	15.721669615657838	0	3241.654206525899	581.2789683499424	0	0	0	0	-0.0005057986928815219	-0.002384491196860389	0	-0.04595280460062258	-0.08815816708220535
220	4.7671321747275135	4.7671321747275135	4.7671321747275135	0	35.67705427265522	15.721669615657483	0	3241.654206524351	581.2789683498077	0	0	0	0	-0.0005057986928865799	-0.0023844911968637075	0	-0.045952804603294685	-0.0881581670828357
221	4.7671321747275135	4.7671321747275135	4.7671321747275135	0	35.677054272653734	15.721669615657214	0	3241.6542065231733	581.2789683497051	0	0	0	0	-0.0005057986928904484	-0.002384491196866281	0	-0.04595280460533643	-0.08815816708331953
222	4.7671321747275135	4.7671321747275135	4.7671321747275135	0	35.67705427265274	15.721669615657033	0	3241.6542065223653	581.2789683496349	0	0	0	0	-0.0005057986928931274	-0.00238449119686811	0	-0.04595280460674781	-0.08815816708365681
223	4.7671321747275135	4.7671321747275135	4.7671321747275135	0	35.67705427265223	15.72166961565694	0	3241.6542065219264	581.2789683495969	0	0	0	0	-0.0005057986928946169	-0.0023844911968691936	0	-0.04595280460752884	-0.08815816708384756
224	4.7671321747275135	4.7671321747275135	4.7671321747275135	0	35.6770542726522	15.721669615656936	0	3241.6542065218573	581.2789683495911	0	0	0	0	-0.000505798692894917	-0.0023844911968695323	0	-0.04595280460767951	-0.08815816708389179
225	4.7671321747275135	4.7671321747275135	4.7671321747275135	0	35.677054272652654	15.721669615657017	0	3241.654206522158	581.2789683496175	0	0	0	0	-0.0005057986928940275	-0.0023844911968691263	0	-0.045952804607199825	-0.08815816708378947
226	4.7671321747275135	4.7671321747275135	4.7671321747275135	0	35.67705427265359	15.721669615657188	0	3241.654206522828	581.2789683496761	0	0	0	0	-0.0005057986928919486	-0.0023844911968679758	0	-0.04595280460608978	-0.08815816708354063
227	4.7671321747275135	4.7671321747275135	4.7671321747275135	0	35.67705427265501	15.721669615657445	0	3241.654206523868	581.2789683497671	0	0	0	0	-0.00050579869288868	-0.0023844911968660797	0	-0.045952804604349376	-0.08815816708314525
228	4.7671321747275135	4.7671321747275135	4.7671321747275135	0	35.67705427265692	15.721669615657792	0	3241.654206525278	581.2789683498902	0	0	0	0	-0.0005057986928842221	-0.002384491196863439	0	-0.04595280460197862	-0.08815816708260334
229	4.7671321747275135	4.7671321747275135	4.7671321747275135	0	35.677054272659305	15.721669615658225	0	3241.654206527057	581.2789683500455	0	0	0	0	-0.0005057986928785747	-0.0023844911968600533	0	-0.0459528045989775	-0.08815816708191489
230	4.7671321747275135	4.7671321747275135	4.7671321747275135	0	35.677054272662176	15.721669615658746	0	3241.654206529206	581.2789683502332	0	0	0	0	-0.0005057986928717378	-0.002384491196855923	0	-0.04595280459534602	-0.0881581670810799
231	4.7671321747275135	4.7671321747275135	4.7671321747275135	0	35.67705427266553	15.721669615659355	0	3241.6542065317244	581.2789683504529	0	0	0	0	-0.0005057986928637113	-0.0023844911968510475	0	-0.04595280459108419	-0.0881581670800984
232	4.7671321747275135	4.7671321747275135	4.7671321747275135	0	35.677054272669366	15.721669615660051	0	3241.6542065346125	581.278968350705	0	0	0	0	-0.0005057986928544954	-0.0023844911968454274	0	-0.045952804586192	-0.08815816707897034
233	4.7671321747275135	4.7671321747275135	4.7671321747275135	0	35.677054272673686	15.721669615660836	0	3241.6542065378703	581.2789683509893	0	0	0	0	-0.0005057986928440899	-0.002384491196839062	0	-0.04595280458066945	-0.08815816707769576
234	4.7671321747275135	4.7671321747275135	4.7671321747275135	0	35.67705427267849	15.721669615661709	0	3241.654206541498	581.2789683513058	0	0	0	0	-0.0005057986928324949	-0.0023844911968319516	0	-0.045952804574516545	-0.08815816707627465
235	4.7671321747275135	4.7671321747275135	4.7671321747275135	0	35.67705427268378	15.721669615662668	0	3241.654206545495	581.2789683516546	0	0	0	0	-0.0005057986928197106	-0.002384491196824097	0	-0.04595280456773328	-0.088158167074707
236	4.7671321747275135	4.7671321747275135	4.7671321747275135	0	35.67705427268955	15.721669615663716	0	3241.654206549862	581.2789683520356	0	0	0	0	-0.0005057986928057366	-0.002384491196815497	0	-0.04595280456031966	-0.08815816707299282
237	4.7671321747275135	4.7671321747275135	4.7671321747275135	0	35.677054272695806	15.721669615664851	0	3241.654206554598	581.2789683524488	0	0	0	0	-0.0005057986927905732	-0.002384491196806152	0	-0.045952804552275676	-0.0881581670711321
238	4.7671321747275135	4.7671321747275135	4.7671321747275135	0	35.67705427270255	15.721669615666075	0	3241.654206559704	581.2789683528943	0	0	0	0	-0.0005057986927742203	-0.0023844911967960624	0	-0.04595280454360134	-0.08815816706912485
239	4.7671321747275135	4.7671321747275135	4.7671321747275135	0	35.67705427270977	15.721669615667386	0	3241.65420656518	581.278968353372	0	0	0	0	-0.0005057986927566779	-0.0023844911967852277	0	-0.04595280453429664	-0.08815816706697106
240	4.7671321747275135	4.7671321747275135	4.7671321747275135	0	35.67705427271748	15.721669615668784	0	3241.6542065710255	581.2789683538819	0	0	0	0	-0.000505798692737946	-0.002384491196773648	0	-0.04595280452436159	-0.08815816706467075
