0	4.7671321747275135	4.7671321747275135	4.7671321747275135	0	0	0	0	0	0	0	0	0	0	0	0	0	0	0
1	4.7671321747275135	4.7671321747275135	4.7671321747275135	0	0	0	0	0	0	0	0	0	0	0	0	0	0	0
2	4.7671321747275135	4.7671321747275135	4.7671321747275135	0	0	0	0	0	0	0	0	0	0	0	0	0	0	0
3	4.7671321747275135	4.7671321747275135	4.7671321747275135	0	0	0	0	0	0	0	0	0	0	0	0	0	0	0
4	4.7671321747275135	4.7671321747275135	4.7671321747275135	0	0	0	0	0	0	0	0	0	0	0	0	0	0	0
5	4.7671321747275135	4.7671321747275135	4.7671321747275135	0	0	0	0	0	0	0	0	0	0	0	0	0	0	0
6	4.7671321747275135	4.7671321747275135	4.7671321747275135	0	0	0	0	0	0	0	0	0	0	0	0	0	0	0
7	4.7671321747275135	4.7671321747275135	4.7671321747275135	0	0	0	0	0	0	0	0	0	0	0	0	0	0	0
8	4.7671321747275135	4.7671321747275135	4.7671321747275135	0	0	0	0	0	0	0	0	0	0	0	0	0	0	0
9	4.7671321747275135	4.7671321747275135	4.7671321747275135	0	0	0	0	0	0	0	0	0	0	0	0	0	0	0
10	4.7671321747275135	4.7671321747275135	4.7671321747275135	0	0	0	0	0	0	0	0	0	0	0	0	0	0	0
11	4.7671321747275135	4.7671321747275135	4.7671321747275135	0	0	0	0	0	0	0	0	0	0	0	0	0	0	0
12	4.767132174727514	4.767132174727514	4.7671321747275135	45.59033897325042	50.646211300389105	21.118874112075872	4076.1105052294693	3731.4126164203913	643.0618188895039	0	0	0	0	-0.00018472900860810965	-0.0009061018395077199	0	-0.0763954245648849	-0.06974832699813158
13	4.7671321747275135	4.7671321747275135	4.7671321747275135	45.59161011814436	50.99028582752361	21.165778058204253	4717.332831308856	4519.060372741081	765.4153942360202	0	0	0	0	-5290213371960966e-20	-0.0007459869556713524	0	-0.015178174712067182	-0.03356955643943475
14	4.7671321747275135	4.7671321747275135	4.7671321747275135	45.59161014885351	51.0231813281573	21.170174312930122	4794.990301994479	4621.240000690347	780.6023319149293	0	0	0	0	-4055128088658866e-20	-0.000730714402128112	0	-0.005265942222708506	-0.027900306991583704
15	4.7671321747275135	4.7671321747275135	4.7671321747275135	45.59161014885388	51.02712270059338	21.170708270752293	4804.3692890494285	4634.34155593608	782.4781697771726	0	0	0	0	-38872144682392514e-21	-0.0007289067850498028	0	-0.0037649347611963613	-0.02707267891030967
16	4.7671321747275135	4.7671321747275135	4.7671321747275135	45.59161014885389	51.027602106773074	21.17077422395967	4805.489190386649	4635.999336260693	782.7073420416533	0	0	0	0	-3864114365348561e-20	-0.0007286897972608015	0	-0.003543360317509056	-0.026956537833739223
17	4.7671321747275135	4.7671321747275135	4.7671321747275135	45.59161014885388	51.027658657728175	21.170782123586218	4805.61925108805	4636.203586516908	782.734618066468	0	0	0	0	-3861043377682195e-20	-0.0007286645562341055	0	-0.0035116552992665337	-0.026940904033279416
18	4.7671321747275135	4.7671321747275135	4.7671321747275135	45.59161014885388	51.027664668553136	21.17078297924249	4805.632418919016	4636.22572111861	782.737462918801	0	0	0	0	-3860683339405358e-20	-0.000728661913810891	0	-0.0035076193767209166	-0.026939058405510447
19	4.7671321747275135	4.7671321747275135	4.7671321747275135	45.59161014885389	51.027665342454945	21.170783077609155	4805.633839185086	4636.228349945736	782.7377837440941	0	0	0	0	-3860636605634951e-20	-0.0007286616245924395	0	-0.0035070355821831952	-0.026938816226758946
20	4.7671321747275135	4.7671321747275135	4.7671321747275135	45.59161014885388	51.02766521726754	21.17078305978462	4805.6335270718255	4636.227811986883	782.7377156014297	0	0	0	0	-3860645460637535e-20	-0.0007286616789143849	0	-0.0035071354427023806	-0.02693886251784397
21	4.7671321747275135	4.7671321747275135	4.7671321747275135	45.59161014885388	51.0276651284188	21.170783046968268	4805.633336650759	4636.227480334484	782.737673824232	0	0	0	0	-3860651068990339e-20	-0.0007286617174631584	0	-0.0035071986567661805	-0.026938891364765287
22	4.7671321747275135	4.7671321747275135	4.7671321747275135	45.59161014885388	51.027665084257094	21.17078304058741	4805.633243375235	4636.227316838909	782.7376532988408	0	0	0	0	-38606538533890885e-21	-0.0007286617366154525	0	-0.003507230275406435	-0.026938905678407492
23	4.7671321747275135	4.7671321747275135	4.7671321747275135	45.59161014885388	51.0276650847824	21.170783040642043	4805.633247245253	4636.227321500156	782.737654025256	0	0	0	0	-3860653813833783e-20	-0.0007286617363712672	0	-0.0035072302986231436	-0.026938905458770587
24	4.7671321747275135	4.7671321747275135	4.7671321747275135	45.59161014885388	51.02766512999472	21.170783047132172	4805.633348260812	4636.227494318226	782.7376760034778	0	0	0	0	-38606509503244224e-21	-0.0007286617167306026	0	-0.0035071987264163073	-0.02693889070585457
25	4.7671321747275135	4.7671321747275135	4.7671321747275135	45.59161014885389	51.02766514070848	21.170783048685166	4805.633369583934	4636.227531773048	782.7376807003423	0	0	0	0	-38606503067220886e-21	-0.0007286617120773858	0	-0.0035071914732150893	-0.026938887419416566
26	4.7671321747275135	4.7671321747275135	4.7671321747275135	45.59161014885389	51.02766515020161	21.170783050061782	4805.6333883813795	4636.227564828434	782.7376848430597	0	0	0	0	-3860649737837404e-20	-0.0007286617079544058	0	-0.0035071850570897968	-0.026938884515713482
27	4.7671321747275135	4.7671321747275135	4.7671321747275135	45.59161014885389	51.027665158825464	21.170783051312426	4805.6334054466515	4636.227594841735	782.737688604264	0	0	0	0	-38606492212105285e-21	-0.0007286617042090699	0	-0.0035071792299843775	-0.026938881878890732
28	4.7671321747275135	4.7671321747275135	4.7671321747275135	45.59161014885388	51.02766516658006	21.170783052437095	4805.63342077975	4636.227621812949	782.7376919839552	0	0	0	0	-3860648756841462e-20	-0.0007286617008413781	0	-0.0035071739918988314	-0.026938879508948316
29	4.7671321747275135	4.7671321747275135	4.7671321747275135	45.59161014885388	51.02766517346538	21.170783053435787	4805.633434380674	4636.2276457420785	782.7376949821332	0	0	0	0	-3860648344730206e-20	-0.0007286616978513305	0	-0.0035071693428331586	-0.026938877405886238
30	4.7671321747275135	4.7671321747275135	4.7671321747275135	45.59161014885388	51.02766517948143	21.170783054308508	4805.633446249424	4636.227666629123	782.7376975987981	0	0	0	0	-3860647984876759e-20	-0.0007286616952389269	0	-0.003507165282787359	-0.026938875569704496
31	4.7671321747275135	4.7671321747275135	4.7671321747275135	45.59161014885388	51.02766518462822	21.170783055055253	4805.633456386001	4636.227684474082	782.7376998339499	0	0	0	0	-38606476772811216e-21	-0.0007286616930041674	0	-0.0035071618117614328	-0.02693887400040309
32	4.7671321747275135	4.7671321747275135	4.7671321747275135	45.59161014885388	51.027665188905736	21.170783055676022	4805.633464790403	4636.227699276956	782.7377016875886	0	0	0	0	-3860647421943294e-20	-0.0007286616911470522	0	-0.0035071589297553797	-0.026938872697982015
33	4.7671321747275135	4.7671321747275135	4.7671321747275135	45.59161014885388	51.02766519231399	21.17078305617082	4805.633471462632	4636.2277110377445	782.7377031597141	0	0	0	0	-38606472188632754e-21	-0.0007286616896675809	0	-0.0035071566367692	-0.026938871662441282
34	4.7671321747275135	4.7671321747275135	4.7671321747275135	45.59161014885388	51.02766519485297	21.17078305653964	4805.633476402687	4636.227719756447	782.7377042503265	0	0	0	0	-3860647068041066e-20	-0.0007286616885657538	0	-0.0035071549328028933	-0.02693887089378088
35	4.7671321747275135	4.7671321747275135	4.7671321747275135	45.59161014885388	51.02766519652269	21.17078305678249	4805.6334796105675	4636.227725433065	782.7377049594257	0	0	0	0	-38606469694766665e-21	-0.0007286616878415708	0	-0.00350715381785646	-0.026938870392000817
36	4.7671321747275135	4.7671321747275135	4.7671321747275135	45.59161014885388	51.02766519732314	21.170783056899364	4805.6334810862745	4636.227728067598	782.7377052870117	0	0	0	0	-38606469231700766e-21	-0.000728661687495032	0	-0.0035071532919299	-0.02693887015710109
37	4.7671321747275135	4.7671321747275135	4.7671321747275135	45.59161014885388	51.027665197254315	21.17078305689026	4805.633480829808	4636.227727660045	782.7377052330847	0	0	0	0	-3860646929121296e-20	-0.0007286616875261372	0	-0.0035071533550232134	-0.026938870189081695
38	4.7671321747275135	4.7671321747275135	4.7671321747275135	45.59161014885388	51.02766519631623	21.170783056755187	4805.633478841167	4636.227724210407	782.7377047976446	0	0	0	0	-3860646987330325e-20	-0.0007286616879348865	0	-0.0035071540071363997	-0.026938870487942638
39	4.7671321747275135	4.7671321747275135	4.7671321747275135	45.59161014885388	51.02766519450887	21.170783056494137	4805.633475120352	4636.227717718683	782.7377039806912	0	0	0	0	-3860647097797164e-20	-0.0007286616887212799	0	-0.0035071552482694593	-0.026938871053683918
40	4.7671321747275135	4.7671321747275135	4.7671321747275135	45.59161014885388	51.02766519183225	21.170783056107112	4805.633469667364	4636.227708184875	782.7377027822248	0	0	0	0	-3860647260521812e-20	-0.0007286616898853175	0	-0.0035071570784223926	-0.026938871886305532
41	4.7671321747275135	4.7671321747275135	4.7671321747275135	45.59161014885388	51.027665188286356	21.170783055594114	4805.633462482201	4636.227695608981	782.7377012022451	0	0	0	0	-38606474755042695e-21	-0.0007286616914269991	0	-0.0035071594975951987	-0.026938872985807483
42	4.7671321747275135	4.7671321747275135	4.7671321747275135	45.59161014885388	51.0276651838712	21.17078305495514	4805.633453564865	4636.227679991002	782.7376992407525	0	0	0	0	-38606477427445366e-21	-0.0007286616933463249	0	-0.003507162505787878	-0.02693887435218977
43	4.7671321747275135	4.7671321747275135	4.7671321747275135	45.59161014885388	51.02766517858677	21.170783054190192	4805.633442915355	4636.227661330938	782.7376968977466	0	0	0	0	-3860648062242613e-20	-0.0007286616956432948	0	-0.003507166103000431	-0.02693887598545239
44	4.7671321747275135	4.7671321747275135	4.7671321747275135	45.59161014885388	51.027665172433075	21.17078305329927	4805.63343053367	4636.227639628788	782.7376941732276	0	0	0	0	-3860648433998499e-20	-0.0007286616983179088	0	-0.003507170289232857	-0.02693887788559535
45	4.7671321747275135	4.7671321747275135	4.7671321747275135	45.59161014885388	51.02766516985316	21.170783052923788	4805.633425665459	4636.22763103269	782.7376930982105	0	0	0	0	-3860648583326132e-20	-0.000728661699437341	0	-0.0035071719679885594	-0.026938878643822006
46	4.7671321747275135	4.7671321747275135	4.7671321747275135	45.59161014885388	51.02766516888425	21.170783052780997	4805.633424128941	4636.227628258981	782.7376927552771	0	0	0	0	-3860648633492186e-20	-0.0007286616998560326	0	-0.0035071725292111096	-0.026938878893792238
47	4.7671321747275135	4.7671321747275135	4.7671321747275135	45.59161014885388	51.02766516798819	21.170783052648943	4805.633422707904	4636.227625693502	782.7376924381034	0	0	0	0	-3860648679896006e-20	-0.0007286617002432196	0	-0.003507173048383042	-0.026938879125015528
48	4.7671321747275135	4.7671321747275135	4.7671321747275135	45.59161014885389	51.02766516716497	21.170783052527618	4805.633421402345	4636.227623336252	782.7376921466895	0	0	0	0	-38606487225375926e-21	-0.0007286617005989016	0	-0.0035071735255043563	-0.026938879337491874
49	4.7671321747275135	4.7671321747275135	4.7671321747275135	45.59161014885389	51.02766516641459	21.17078305241703	4805.633420212267	4636.227621187231	782.7376918810351	0	0	0	0	-3860648761416946e-20	-0.0007286617009230788	0	-0.0035071739605750524	-0.026938879531221278
50	4.7671321747275135	4.7671321747275135	4.7671321747275135	45.59161014885389	51.02766516573706	21.17078305231717	4805.633419137668	4636.227619246441	782.7376916411405	0	0	0	0	-3860648796534066e-20	-0.0007286617012157512	0	-0.0035071743535951302	-0.026938879706203737
51	4.7671321747275135	4.7671321747275135	4.7671321747275135	45.59161014885389	51.027665165132376	21.170783052228046	4805.63341817855	4636.2276175138795	782.7376914270055	0	0	0	0	-38606488278889526e-21	-0.0007286617014769188	0	-0.00350717470456459	-0.026938879862439254
52	4.7671321747275135	4.7671321747275135	4.7671321747275135	45.59161014885389	51.02766516460053	21.170783052149652	4805.63341733491	4636.227615989547	782.7376912386302	0	0	0	0	-3860648855481606e-20	-0.0007286617017065815	0	-0.0035071750134834313	-0.026938879999927827
53	4.7671321747275135	4.7671321747275135	4.7671321747275135	45.59161014885389	51.027665164141524	21.170783052081994	4805.63341660675	4636.227614673444	782.7376910760146	0	0	0	0	-3860648879312025e-20	-0.0007286617019047394	0	-0.0035071752803516546	-0.026938880118669455
54	4.7671321747275135	4.7671321747275135	4.7671321747275135	45.59161014885389	51.02766516375536	21.17078305202507	4805.633415994071	4636.227613565571	782.7376909391587	0	0	0	0	-3860648899380211e-20	-0.0007286617020713925	0	-0.0035071755051692597	-0.02693888021866414
55	4.7671321747275135	4.7671321747275135	4.7671321747275135	45.59161014885389	51.027665163442045	21.170783051978873	4805.63341549687	4636.227612665927	782.7376908280625	0	0	0	0	-3860648915686164e-20	-0.0007286617022065407	0	-0.0035071756879362466	-0.026938880299911882
56	4.7671321747275135	4.7671321747275135	4.7671321747275135	45.59161014885389	51.02766516320157	21.170783051943413	4805.63341511515	4636.227611974512	782.7376907427259	0	0	0	0	-38606489282298836e-21	-0.0007286617023101841	0	-0.0035071758286526152	-0.02693888036241268
57	4.7671321747275135	4.7671321747275135	4.7671321747275135	45.59161014885389	51.02766516303394	21.170783051918686	4805.633414848909	4636.227611491327	782.737690683149	0	0	0	0	-38606489370113696e-21	-0.0007286617023823227	0	-0.0035071759273183657	-0.02693888040616654
58	4.7671321747275135	4.7671321747275135	4.7671321747275135	45.59161014885389	51.027665162939144	21.170783051904692	4805.633414698147	4636.227611216371	782.7376906493319	0	0	0	0	-3860648942030622e-20	-0.0007286617024229565	0	-0.0035071759839334984	-0.02693888043117345
59	4.7671321747275135	4.7671321747275135	4.7671321747275135	45.59161014885389	51.0276651629172	21.17078305190143	4805.633414662866	4636.227611149645	782.7376906412743	0	0	0	0	-38606489432876405e-21	-0.0007286617024320854	0	-0.0035071759984980125	-0.026938880437433418
60	4.7671321747275135	4.7671321747275135	4.7671321747275135	45.59161014885389	51.0276651629681	21.170783051908902	4805.633414743063	4636.227611291148	782.7376906589765	0	0	0	0	-3860648940782426e-20	-0.0007286617024097095	0	-0.0035071759710119084	-0.026938880424946444
61	4.7671321747275135	4.7671321747275135	4.7671321747275135	45.59161014885389	51.02766516309183	21.170783051927106	4805.633414938742	4636.22761164088	782.7376907024384	0	0	0	0	-38606489345149785e-21	-0.0007286617023558288	0	-0.0035071759014751866	-0.026938880393712526
62	4.7671321747275135	4.7671321747275135	4.7671321747275135	45.59161014885388	51.02766516328842	21.170783051956043	4805.633415249899	4636.2276121988425	782.7376907716599	0	0	0	0	-38606489244852966e-21	-0.0007286617022704432	0	-0.003507175789887846	-0.026938880343731667
63	4.7671321747275135	4.7671321747275135	4.7671321747275135	45.59161014885388	51.02766516355784	21.170783051995713	4805.633415676536	4636.227612965034	782.7376908666411	0	0	0	0	-38606489106933824e-21	-0.0007286617021535529	0	-0.0035071756362498874	-0.026938880275003862
64	4.7671321747275135	4.7671321747275135	4.7671321747275135	45.59161014885388	51.02766516390011	21.170783052046115	4805.633416218653	4636.227613939454	782.7376909873819	0	0	0	0	-3860648893139234e-20	-0.0007286617020051576	0	-0.003507175440561311	-0.026938880187529112
65	4.7671321747275135	4.7671321747275135	4.7671321747275135	45.59161014885388	51.02766516431522	21.17078305210725	4805.63341687625	4636.227615122104	782.7376911338825	0	0	0	0	-3860648871822852e-20	-0.0007286617018252575	0	-0.003507175202822116	-0.02693888008130742
66	4.7671321747275135	4.7671321747275135	4.7671321747275135	45.59161014885388	51.027665164803174	21.170783052179118	4805.6334176493265	4636.227616512983	782.7376913061428	0	0	0	0	-3860648846744237e-20	-0.0007286617016138527	0	-0.003507174923032303	-0.026938879956338785
67	4.7671321747275135	4.7671321747275135	4.7671321747275135	45.59161014885388	51.02766516536397	21.17078305226172	4805.633418537883	4636.227618112092	782.7376915041627	0	0	0	0	-3860648817903389e-20	-0.000728661701370943	0	-0.0035071746011918715	-0.026938879812623207
68	4.7671321747275135	4.7671321747275135	4.7671321747275135	45.591610148853874	51.02766516599761	21.170783052355052	4805.633419541918	4636.22761991943	782.7376917279423	0	0	0	0	-3860648785300307e-20	-0.0007286617010965285	0	-0.0035071742373008223	-0.026938879650160685
69	4.7671321747275135	4.7671321747275135	4.7671321747275135	45.591610148853896	51.02766516650188	21.170783052430032	4805.633420233112	4636.227621179324	782.7376918829503	0	0	0	0	-3860648761564158e-20	-0.0007286617008923349	0	-0.0035071739798327793	-0.02693887953586129
70	4.7671321747275135	4.7671321747275135	4.7671321747275135	45.5916101488539	51.02766516669421	21.170783052458678	4805.633420503145	4636.227621680021	782.7376919440219	0	0	0	0	-38606487520603697e-21	-0.0007286617008111917	0	-0.0035071738748614517	-0.02693887948970245
71	4.7671321747275135	4.7671321747275135	4.7671321747275135	45.59161014885388	51.027665166601665	21.170783052444616	4805.633420453311	4636.227621596966	782.7376919333136	0	0	0	0	-3860648754145286e-20	-0.0007286617008333228	0	-0.0035071738886213147	-0.02693887949634353
72	4.7671321747275135	4.7671321747275135	4.7671321747275135	45.59161014885388	51.027665166601665	21.170783052444616	4805.633420453311	4636.227621596966	782.7376919333136	0	0	0	0	-3860648754145286e-20	-0.0007286617008333228	0	-0.0035071738886213147	-0.02693887949634353
73	4.7671321747275135	4.7671321747275135	4.7671321747275135	0.001244781368317604	50.05650809140504	20.806442633909032	729.4256619580339	4599.097949695957	777.0611603425453	0	0	0	0	-942636480106898e-19	-0.0034486607581583257	0	-0.005300859645697475	-0.07038917694779127
74	4.7671321747275135	4.7671321747275135	4.7671321747275135	0	44.99094659202884	18.935167694206875	88.28746273707635	4321.237320717796	735.0646092557819	0	0	0	0	-0.0006231673751299135	-0.010978136149541585	0	-0.03079735742527091	-0.29013384024660166
75	4.7671321747275135	4.7671321747275135	4.7671321747275135	0	38.24709988403222	16.545861025062603	10.677002896629947	3732.6261592417136	648.6423471257152	0	0	0	0	-0.0013167540777790096	-0.005517881967833887	0	-0.09896865467847071	-0.3014908223964792
76	4.7671321747275135	4.7671321747275135	4.7671321747275135	0	36.09501527968473	15.843354667717776	1.285611864817446	3371.945012537546	598.2239524856666	0	0	0	0	-0.0006080462951424164	-0.0008871631453976419	0	-0.08222429734506691	-0.09949324360566342
77	4.7671321747275135	4.7671321747275135	4.7671321747275135	0	35.737170717398506	15.737787929236665	0.15483829463478782	3268.0363986216935	584.5326250644232	0	0	0	0	-0.00013909835626732257	-0.00011307466158360932	0	-0.030358391829279678	-0.020678812261945095
78	4.7671321747275135	4.7671321747275135	4.7671321747275135	0	35.68539840721643	15.723764814427795	0.01848318899284511	3246.320490607059	581.8273519109161	0	0	0	0	-24625592011556472e-21	-13988784323382656e-21	0	-0.007646079517429273	-0.0035636104620678528
79	4.7671321747275135	4.7671321747275135	4.7671321747275135	0	35.678178793101395	15.721937403895446	0.0021594962360036683	3242.410758296295	581.3640687788278	0	0	0	0	-3864575329530366e-21	-1707606015888206e-21	0	-0.0015694494695663954	-0.0005536372440757672
80	4.7671321747275135	4.7671321747275135	4.7671321747275135	0	35.67719656071638	15.721701982174835	0.0002354208590927275	3241.7660715863044	581.2910345359791	0	0	0	0	0	0	0	-0.0002774377911644097	-7779352809947247e-20
81	4.7671321747275135	4.7671321747275135	4.7671321747275135	0	35.67707076614842	15.72167320393538	22804234249968883e-21	3241.6690291681803	581.280500609597	0	0	0	0	0	0	0	-4266006940672092e-20	-971978598347892e-20
82	4.7671321747275135	4.7671321747275135	4.7671321747275135	0	35.67705478649565	15.721669708941537	0	3241.655030226237	581.279042270747	0	0	0	0	0	0	0	-3382554158225772e-21	0
83	4.7671321747275135	4.7671321747275135	4.7671321747275135	0	35.677054270612715	15.721669614763378	0	3241.6541240019924	581.2789604025512	0	0	0	0	0	0	0	0	0
84	4.7671321747275135	4.7671321747275135	4.7671321747275135	0	35.67705416471678	15.721669596194197	0	3241.654045266948	581.2789536750402	0	0	0	0	0	0	0	0	0
85	4.7671321747275135	4.7671321747275135	4.7671321747275135	0	35.677054226233444	15.721669607424346	0	3241.6541374399994	581.2789620915997	0	0	0	0	0	0	0	0	0
86	4.7671321747275135	4.7671321747275135	4.7671321747275135	0	35.67705427508755	15.721669616328919	0	3241.654210517759	581.2789687618583	0	0	0	0	0	0	0	0	0
87	4.7671321747275135	4.7671321747275135	4.7671321747275135	0	35.67705431127909	15.721669622907916	0	3241.6542645002264	581.278973685816	0	0	0	0	0	0	0	0	0
88	4.7671321747275135	4.7671321747275135	4.7671321747275135	0	35.67705433480808	15.721669627161335	0	3241.6542993874014	581.2789768634726	0	0	0	0	0	0	0	0	0
89	4.7671321747275135	4.7671321747275135	4.7671321747275135	0	35.67705434567451	15.721669629089176	0	3241.654315179284	581.2789782948283	0	0	0	0	0	0	0	0	0
90	4.7671321747275135	4.7671321747275135	4.7671321747275135	0	35.67705434387839	15.72166962869144	0	3241.654311875874	581.2789779798832	0	0	0	0	0	0	0	0	0
91	4.7671321747275135	4.7671321747275135	4.7671321747275135	0	35.677054329419704	15.72166962596813	0	3241.6542894771724	581.278975918637	0	0	0	0	0	0	0	0	0
92	4.7671321747275135	4.7671321747275135	4.7671321747275135	0	35.677054302298465	15.72166962091924	0	3241.654247983178	581.2789721110898	0	0	0	0	0	0	0	0	0
93	4.7671321747275135	4.7671321747275135	4.7671321747275135	0	35.677054291223314	15.721669618892284	0	3241.6542315123406	581.2789706053071	0	0	0	0	0	0	0	0	0
94	4.7671321747275135	4.7671321747275135	4.7671321747275135	0	35.67705428804928	15.721669618339616	0	3241.6542272071515	581.2789702162602	0	0	0	0	0	0	0	0	0
95	4.7671321747275135	4.7671321747275135	4.7671321747275135	0	35.67705428501466	15.72166961781122	0	3241.6542230921077	581.2789698444028	0	0	0	0	0	0	0	0	0
96	4.7671321747275135	4.7671321747275135	4.7671321747275135	0	35.677054282119485	15.721669617307091	0	3241.6542191672097	581.2789694897351	0	0	0	0	0	0	0	0	0
97	4.7671321747275135	4.7671321747275135	4.7671321747275135	0	35.677054279363745	15.721669616827233	0	3241.6542154324575	581.278969152257	0	0	0	0	0	0	0	0	0
98	4.7671321747275135	4.7671321747275135	4.7671321747275135	0	35.67705427674743	15.721669616371646	0	3241.6542118878506	581.2789688319683	0	0	0	0	0	0	0	0	0
99	4.7671321747275135	4.7671321747275135	4.7671321747275135	0	35.677054274270546	15.721669615940327	0	3241.6542085333895	581.2789685288693	0	0	0	0	0	0	0	0	0
100	4.7671321747275135	4.7671321747275135	4.7671321747275135	0	35.677054271933095	15.721669615533278	0	3241.6542053690737	581.2789682429599	0	0	0	0	0	0	0	0	0
101	4.7671321747275135	4.7671321747275135	4.7671321747275135	0	35.67705426973507	15.7216696151505	0	3241.6542023949037	581.2789679742401	0	0	0	0	0	0	0	0	0
102	4.7671321747275135	4.7671321747275135	4.7671321747275135	0	35.67705426767648	15.721669614791992	0	3241.6541996108795	581.2789677227098	0	0	0	0	0	0	0	0	0
103	4.7671321747275135	4.7671321747275135	4.7671321747275135	0	35.67705426575732	15.721669614457753	0	3241.6541970170006	581.2789674883692	0	0	0	0	0	0	0	0	0
104	4.7671321747275135	4.7671321747275135	4.7671321747275135	0	35.677054263977595	15.721669614147784	0	3241.654194613267	581.278967271218	0	0	0	0	0	0	0	0	0
105	4.7671321747275135	4.7671321747275135	4.7671321747275135	0	35.67705426233729	15.721669613862085	0	3241.6541923996797	581.2789670712565	0	0	0	0	0	0	0	0	0
106	4.7671321747275135	4.7671321747275135	4.7671321747275135	0	35.67705426083643	15.721669613600655	0	3241.6541903762372	581.2789668884845	0	0	0	0	0	0	0	0	0
107	4.7671321747275135	4.7671321747275135	4.7671321747275135	0	35.67705425947499	15.721669613363497	0	3241.654188542941	581.2789667229022	0	0	0	0	0	0	0	0	0
108	4.7671321747275135	4.7671321747275135	4.7671321747275135	0	35.677054258252994	15.721669613150606	0	3241.65418689979	581.2789665745094	0	0	0	0	0	0	0	0	0
109	4.7671321747275135	4.7671321747275135	4.7671321747275135	0	35.67705425717042	15.721669612961987	0	3241.6541854467846	581.2789664433062	0	0	0	0	0	0	0	0	0
110	4.7671321747275135	4.7671321747275135	4.7671321747275135	0	35.67705425622728	15.721669612797637	0	3241.654184183925	581.2789663292925	0	0	0	0	0	0	0	0	0
111	4.7671321747275135	4.7671321747275135	4.7671321747275135	0	35.67705425542357	15.721669612657557	0	3241.654183111211	581.2789662324685	0	0	0	0	0	0	0	0	0
112	4.7671321747275135	4.7671321747275135	4.7671321747275135	0	35.67705425475929	15.721669612541747	0	3241.654182228642	581.2789661528341	0	0	0	0	0	0	0	0	0
113	4.7671321747275135	4.7671321747275135	4.7671321747275135	0	35.67705425423444	15.721669612450206	0	3241.6541815362193	581.2789660903892	0	0	0	0	0	0	0	0	0
114	4.7671321747275135	4.7671321747275135	4.7671321747275135	0	35.67705425384902	15.721669612382938	0	3241.6541810339418	581.2789660451339	0	0	0	0	0	0	0	0	0
115	4.7671321747275135	4.7671321747275135	4.7671321747275135	0	35.67705425360304	15.721669612339936	0	3241.65418072181	581.2789660170681	0	0	0	0	0	0	0	0	0
116	4.7671321747275135	4.7671321747275135	4.7671321747275135	0	35.677054253496486	15.721669612321206	0	3241.6541805998236	581.278966006192	0	0	0	0	0	0	0	0	0
117	4.7671321747275135	4.7671321747275135	4.7671321747275135	0	35.677054253529356	15.721669612326744	0	3241.654180667983	581.2789660125054	0	0	0	0	0	0	0	0	0
118	4.7671321747275135	4.7671321747275135	4.7671321747275135	0	35.67705425370167	15.721669612356553	0	3241.654180926288	581.2789660360085	0	0	0	0	0	0	0	0	0
119	4.7671321747275135	4.7671321747275135	4.7671321747275135	0	35.677054254013406	15.721669612410633	0	3241.6541813747385	581.2789660767011	0	0	0	0	0	0	0	0	0
120	4.7671321747275135	4.7671321747275135	4.7671321747275135	0	35.67705425446457	15.72166961248898	0	3241.654182013335	581.2789661345832	0	0	0	0	0	0	0	0	0
121	4.7671321747275135	4.7671321747275135	4.7671321747275135	0	35.677054255055175	15.7216696125916	0	3241.6541828420764	581.278966209655	0	0	0	0	0	0	0	0	0
122	4.7671321747275135	4.7671321747275135	4.7671321747275135	0	35.67705425578521	15.721669612718488	0	3241.6541838609637	581.2789663019163	0	0	0	0	0	0	0	0	0
123	4.7671321747275135	4.7671321747275135	4.7671321747275135	0	35.67705425665467	15.721669612869647	0	3241.6541850699964	581.2789664113673	0	0	0	0	0	0	0	0	0
124	4.7671321747275135	4.7671321747275135	4.7671321747275135	0	35.67705425766356	15.721669613045075	0	3241.654186469175	581.2789665380077	0	0	0	0	0	0	0	0	0
125	4.7671321747275135	4.7671321747275135	4.7671321747275135	0	35.67705425881189	15.721669613244773	0	3241.654188058499	581.2789666818378	0	0	0	0	0	0	0	0	0
126	4.7671321747275135	4.7671321747275135	4.7671321747275135	0	35.677054260099645	15.721669613468741	0	3241.6541898379687	581.2789668428575	0	0	0	0	0	0	0	0	0
127	4.7671321747275135	4.7671321747275135	4.7671321747275135	0	35.677054261526834	15.721669613716978	0	3241.654191807584	581.2789670210667	0	0	0	0	0	0	0	0	0
128	4.7671321747275135	4.7671321747275135	4.7671321747275135	0	35.67705426309345	15.721669613989485	0	3241.654193967345	581.2789672164655	0	0	0	0	0	0	0	0	0
129	4.7671321747275135	4.7671321747275135	4.7671321747275135	0	35.6770542647995	15.721669614286263	0	3241.6541963172513	581.2789674290539	0	0	0	0	0	0	0	0	0
130	4.7671321747275135	4.7671321747275135	4.7671321747275135	0	35.67705426664498	15.72166961460731	0	3241.6541988573035	581.2789676588319	0	0	0	0	0	0	0	0	0
131	4.7671321747275135	4.7671321747275135	4.7671321747275135	0	35.677054268629895	15.721669614952628	0	3241.6542015875007	581.2789679057994	0	0	0	0	0	0	0	0	0
132	4.7671321747275135	4.7671321747275135	4.7671321747275135	0	35.67705427075424	15.721669615322215	0	3241.654204507844	581.2789681699566	0	0	0	0	0	0	0	0	0
133	4.7671321747275135	4.7671321747275135	4.7671321747275135	0	35.67705427123312	15.721669615405933	0	3241.6542051135775	581.2789682245326	0	0	0	0	0	0	0	0	0
134	4.7671321747275135	4.7671321747275135	4.7671321747275135	0	35.67705427138658	15.721669615433099	0	3241.6542052637674	581.2789682378697	0	0	0	0	0	0	0	0	0
135	4.7671321747275135	4.7671321747275135	4.7671321747275135	0	35.677054271536065	15.721669615459561	0	3241.654205410061	581.2789682508607	0	0	0	0	0	0	0	0	0
136	4.7671321747275135	4.7671321747275135	4.7671321747275135	0	35.67705427168157	15.72166961548532	0	3241.6542055524587	581.2789682635056	0	0	0	0	0	0	0	0	0
137	4.7671321747275135	4.7671321747275135	4.7671321747275135	0	35.6770542718231	15.721669615510374	0	3241.65420569096	581.2789682758045	0	0	0	0	0	0	0	0	0
138	4.7671321747275135	4.7671321747275135	4.7671321747275135	0	35.67705427196066	15.721669615534724	0	3241.6542058255654	581.2789682877573	0	0	0	0	0	0	0	0	0
139	4.7671321747275135	4.7671321747275135	4.7671321747275135	0	35.67705427209424	15.721669615558373	0	3241.654205956275	581.278968299364	0	0	0	0	0	0	0	0	0
140	4.7671321747275135	4.7671321747275135	4.7671321747275135	0	35.67705427222384	15.721669615581316	0	3241.654206083088	581.2789683106247	0	0	0	0	0	0	0	0	0
141	4.7671321747275135	4.7671321747275135	4.7671321747275135	0	35.677054272349466	15.721669615603556	0	3241.6542062060053	581.2789683215393	0	0	0	0	0	0	0	0	0
142	4.7671321747275135	4.7671321747275135	4.7671321747275135	0	35.67705427247112	15.72166961562509	0	3241.6542063250263	581.2789683321079	0	0	0	0	0	0	0	0	0
143	4.7671321747275135	4.7671321747275135	4.7671321747275135	0	35.67705427258879	15.721669615645924	0	3241.6542064401515	581.2789683423304	0	0	0	0	0	0	0	0	0
144	4.7671321747275135	4.7671321747275135	4.7671321747275135	0	35.677054272702485	15.721669615666052	0	3241.65420655138	581.2789683522068	0	0	0	0	0	0	0	0	0
145	4.7671321747275135	4.7671321747275135	4.7671321747275135	0	35.67705427281221	15.721669615685478	0	3241.654206658713	581.2789683617372	0	0	0	0	0	0	0	0	0
146	4.7671321747275135	4.7671321747275135	4.7671321747275135	0	35.67705427291795	15.721669615704199	0	3241.6542067621494	581.2789683709215	0	0	0	0	0	0	0	0	0
147	4.7671321747275135	4.7671321747275135	4.7671321747275135	0	35.67705427301972	15.721669615722217	0	3241.65420686169	581.2789683797597	0	0	0	0	0	0	0	0	0
148	4.7671321747275135	4.7671321747275135	4.7671321747275135	0	35.67705427311751	15.72166961573953	0	3241.6542069573347	581.2789683882519	0	0	0	0	0	0	0	0	0
149	4.7671321747275135	4.7671321747275135	4.7671321747275135	0	35.677054273211326	15.72166961575614	0	3241.6542070490827	581.278968396398	0	0	0	0	0	0	0	0	0
150	4.7671321747275135	4.7671321747275135	4.7671321747275135	0	35.67705427330117	15.721669615772047	0	3241.654207136935	581.2789684041982	0	0	0	0	0	0	0	0	0
151	4.7671321747275135	4.7671321747275135	4.7671321747275135	0	35.67705427338703	15.721669615787249	0	3241.6542072208913	581.2789684116522	0	0	0	0	0	0	0	0	0
152	4.7671321747275135	4.7671321747275135	4.7671321747275135	0	35.67705427346891	15.721669615801748	0	3241.6542073009514	581.2789684187601	0	0	0	0	0	0	0	0	0
153	4.7671321747275135	4.7671321747275135	4.7671321747275135	0	35.67705427354682	15.721669615815543	0	3241.654207377115	581.278968425522	0	0	0	0	0	0	0	0	0
154	4.7671321747275135	4.7671321747275135	4.7671321747275135	0	35.677054273620755	15.721669615828635	0	3241.654207449383	581.2789684319378	0	0	0	0	0	0	0	0	0
155	4.7671321747275135	4.7671321747275135	4.7671321747275135	0	35.677054273690715	15.721669615841023	0	3241.654207517755	581.2789684380075	0	0	0	0	0	0	0	0	0
156	4.7671321747275135	4.7671321747275135	4.7671321747275135	0	35.677054273756696	15.721669615852706	0	3241.654207582231	581.2789684437312	0	0	0	0	0	0	0	0	0
157	4.7671321747275135	4.7671321747275135	4.7671321747275135	0	35.6770542738187	15.721669615863686	0	3241.65420764281	581.2789684491089	0	0	0	0	0	0	0	0	0
158	4.7671321747275135	4.7671321747275135	4.7671321747275135	0	35.67705427387673	15.721669615873964	0	3241.654207699494	581.2789684541405	0	0	0	0	0	0	0	0	0
159	4.7671321747275135	4.7671321747275135	4.7671321747275135	0	35.67705427393078	15.721669615883537	0	3241.654207752281	581.278968458826	0	0	0	0	0	0	0	0	0
160	4.7671321747275135	4.7671321747275135	4.7671321747275135	0	35.67705427398085	15.721669615892404	0	3241.654207801172	581.2789684631654	0	0	0	0	0	0	0	0	0
161	4.7671321747275135	4.7671321747275135	4.7671321747275135	0	35.67705427402695	15.72166961590057	0	3241.6542078461675	581.2789684671587	0	0	0	0	0	0	0	0	0
162	4.7671321747275135	4.7671321747275135	4.7671321747275135	0	35.67705427406907	15.721669615908032	0	3241.6542078872667	581.278968470806	0	0	0	0	0	0	0	0	0
163	4.7671321747275135	4.7671321747275135	4.7671321747275135	0	35.67705427410722	15.72166961591479	0	3241.6542079244696	581.2789684741074	0	0	0	0	0	0	0	0	0
164	4.7671321747275135	4.7671321747275135	4.7671321747275135	0	35.67705427414138	15.721669615920844	0	3241.654207957776	581.2789684770626	0	0	0	0	0	0	0	0	0
165	4.7671321747275135	4.7671321747275135	4.7671321747275135	0	35.67705427417158	15.721669615926194	0	3241.654207987187	581.2789684796717	0	0	0	0	0	0	0	0	0
166	4.7671321747275135	4.7671321747275135	4.7671321747275135	0	35.67705427419779	15.721669615930841	0	3241.654208012702	581.2789684819347	0	0	0	0	0	0	0	0	0
167	4.7671321747275135	4.7671321747275135	4.7671321747275135	0	35.67705427422003	15.721669615934784	0	3241.65420803432	581.2789684838518	0	0	0	0	0	0	0	0	0
168	4.7671321747275135	4.7671321747275135	4.7671321747275135	0	35.6770542742383	15.721669615938024	0	3241.6542080520426	581.2789684854228	0	0	0	0	0	0	0	0	0
169	4.7671321747275135	4.7671321747275135	4.7671321747275135	0	35.67705427425259	15.72166961594056	0	3241.654208065869	581.2789684866476	0	0	0	0	0	0	0	0	0
170	4.7671321747275135	4.7671321747275135	4.7671321747275135	0	35.6770542742629	15.72166961594239	0	3241.6542080757995	581.2789684875265	0	0	0	0	0	0	0	0	0
171	4.7671321747275135	4.7671321747275135	4.7671321747275135	0	35.67705427426923	15.721669615943519	0	3241.6542080818335	581.2789684880593	0	0	0	0	0	0	0	0	0
172	4.7671321747275135	4.7671321747275135	4.7671321747275135	0	35.67705427427159	15.721669615943943	0	3241.6542080839718	581.2789684882459	0	0	0	0	0	0	0	0	0
173	4.7671321747275135	4.7671321747275135	4.7671321747275135	0	35.67705427426997	15.721669615943664	0	3241.6542080822137	581.2789684880865	0	0	0	0	0	0	0	0	0
174	4.7671321747275135	4.7671321747275135	4.7671321747275135	0	35.67705427426438	15.721669615942682	0	3241.6542080765594	581.2789684875812	0	0	0	0	0	0	0	0	0
175	4.7671321747275135	4.7671321747275135	4.7671321747275135	0	35.67705427425481	15.721669615940995	0	3241.654208067009	581.2789684867297	0	0	0	0	0	0	0	0	0
176	4.7671321747275135	4.7671321747275135	4.7671321747275135	0	35.67705427424126	15.721669615938605	0	3241.654208053563	581.2789684855321	0	0	0	0	0	0	0	0	0
177	4.7671321747275135	4.7671321747275135	4.7671321747275135	0	35.677054274223735	15.721669615935511	0	3241.6542080362206	581.2789684839886	0	0	0	0	0	0	0	0	0
178	4.7671321747275135	4.7671321747275135	4.7671321747275135	0	35.677054274202234	15.721669615931713	0	3241.654208014982	581.2789684820989	0	0	0	0	0	0	0	0	0
179	4.7671321747275135	4.7671321747275135	4.7671321747275135	0	35.67705427417676	15.721669615927212	0	3241.6542079898472	581.2789684798632	0	0	0	0	0	0	0	0	0
180	4.7671321747275135	4.7671321747275135	4.7671321747275135	0	35.6770542741473	15.721669615922005	0	3241.6542079608166	581.2789684772814	0	0	0	0	0	0	0	0	0
181	4.7671321747275135	4.7671321747275135	4.7671321747275135	0	35.67705427411388	15.721669615916097	0	3241.6542079278897	581.2789684743535	0	0	0	0	0	0	0	0	0
182	4.7671321747275135	4.7671321747275135	4.7671321747275135	0	35.67705427407647	15.721669615909484	0	3241.654207891067	581.2789684710797	0	0	0	0	0	0	0	0	0
183	4.7671321747275135	4.7671321747275135	4.7671321747275135	0	35.677054274035086	15.721669615902167	0	3241.654207850348	581.2789684674597	0	0	0	0	0	0	0	0	0
184	4.7671321747275135	4.7671321747275135	4.7671321747275135	0	35.67705427398973	15.721669615894147	0	3241.6542078057328	581.2789684634937	0	0	0	0	0	0	0	0	0
185	4.7671321747275135	4.7671321747275135	4.7671321747275135	0	35.67705427394039	15.721669615885423	0	3241.6542077572217	581.2789684591816	0	0	0	0	0	0	0	0	0
186	4.7671321747275135	4.7671321747275135	4.7671321747275135	0	35.67705427388708	15.721669615875996	0	3241.6542077048143	581.2789684545234	0	0	0	0	0	0	0	0	0
187	4.7671321747275135	4.7671321747275135	4.7671321747275135	0	35.677054273829796	15.721669615865864	0	3241.6542076485107	581.2789684495192	0	0	0	0	0	0	0	0	0
188	4.7671321747275135	4.7671321747275135	4.7671321747275135	0	35.67705427376853	15.72166961585503	0	3241.6542075883112	581.2789684441689	0	0	0	0	0	0	0	0	0
189	4.7671321747275135	4.7671321747275135	4.7671321747275135	0	35.67705427370329	15.72166961584349	0	3241.6542075242155	581.2789684384726	0	0	0	0	0	0	0	0	0
190	4.7671321747275135	4.7671321747275135	4.7671321747275135	0	35.67705427363407	15.721669615831248	0	3241.654207456224	581.2789684324301	0	0	0	0	0	0	0	0	0
191	4.7671321747275135	4.7671321747275135	4.7671321747275135	0	35.67705427356088	15.721669615818302	0	3241.654207384336	581.2789684260417	0	0	0	0	0	0	0	0	0
192	4.7671321747275135	4.7671321747275135	4.7671321747275135	0	35.67705427348371	15.721669615804652	0	3241.654207308552	581.2789684193071	0	0	0	0	0	0	0	0	0
193	4.7671321747275135	4.7671321747275135	4.7671321747275135	0	35.67705427340256	15.721669615790297	0	3241.654207228872	581.2789684122266	0	0	0	0	0	0	0	0	0
194	4.7671321747275135	4.7671321747275135	4.7671321747275135	0	35.67705427331744	15.721669615775241	0	3241.654207145296	581.2789684047999	0	0	0	0	0	0	0	0	0
195	4.7671321747275135	4.7671321747275135	4.7671321747275135	0	35.67705427322834	15.72166961575948	0	3241.654207057824	581.2789683970273	0	0	0	0	0	0	0	0	0
196	4.7671321747275135	4.7671321747275135	4.7671321747275135	0	35.67705427313527	15.721669615743014	0	3241.6542069664556	581.2789683889084	0	0	0	0	0	0	0	0	0
197	4.7671321747275135	4.7671321747275135	4.7671321747275135	0	35.677054273038216	15.721669615725846	0	3241.654206871191	581.2789683804436	0	0	0	0	0	0	0	0	0
198	4.7671321747275135	4.7671321747275135	4.7671321747275135	0	35.677054272937184	15.721669615707974	0	3241.6542067720306	581.2789683716328	0	0	0	0	0	0	0	0	0
199	4.7671321747275135	4.7671321747275135	4.7671321747275135	0	35.67705427283218	15.721669615689397	0	3241.654206668974	581.2789683624758	0	0	0	0	0	0	0	0	0
200	4.7671321747275135	4.7671321747275135	4.7671321747275135	0	35.6770542727863	15.721669615681249	0	3241.654206625522	581.2789683586245	0	0	0	0	0	0	0	0	0
201	4.7671321747275135	4.7671321747275135	4.7671321747275135	0	35.67705427277515	15.72166961567923	0	3241.654206616952	581.2789683578776	0	0	0	0	0	0	0	0	0
202	4.7671321747275135	4.7671321747275135	4.7671321747275135	0	35.677054272764494	15.7216696156773	0	3241.6542066087513	581.2789683571629	0	0	0	0	0	0	0	0	0
203	4.7671321747275135	4.7671321747275135	4.7671321747275135	0	35.67705427275431	15.721669615675456	0	3241.6542066009206	581.2789683564803	0	0	0	0	0	0	0	0	0
204	4.7671321747275135	4.7671321747275135	4.7671321747275135	0	35.67705427274462	15.7216696156737	0	3241.6542065934595	581.27896835583	0	0	0	0	0	0	0	0	0
205	4.7671321747275135	4.7671321747275135	4.7671321747275135	0	35.67705427273541	15.721669615672031	0	3241.654206586368	581.278968355212	0	0	0	0	0	0	0	0	0
206	4.7671321747275135	4.7671321747275135	4.7671321747275135	0	35.67705427272668	15.72166961567045	0	3241.654206579646	581.278968354626	0	0	0	0	0	0	0	0	0
207	4.7671321747275135	4.7671321747275135	4.7671321747275135	0	35.677054272718436	15.721669615668958	0	3241.654206573294	581.2789683540725	0	0	0	0	0	0	0	0	0
208	4.7671321747275135	4.7671321747275135	4.7671321747275135	0	35.67705427271068	15.721669615667551	0	3241.654206567311	581.278968353551	0	0	0	0	0	0	0	0	0
209	4.7671321747275135	4.7671321747275135	4.7671321747275135	0	35.677054272703394	15.721669615666233	0	3241.654206561698	581.2789683530619	0	0	0	0	0	0	0	0	0
210	4.7671321747275135	4.7671321747275135	4.7671321747275135	0	35.6770542726966	15.721669615665002	0	3241.6542065564545	581.2789683526049	0	0	0	0	0	0	0	0	0
211	4.7671321747275135	4.7671321747275135	4.7671321747275135	0	35.67705427269029	15.72166961566386	0	3241.654206551581	581.2789683521803	0	0	0	0	0	0	0	0	0
212	4.7671321747275135	4.7671321747275135	4.7671321747275135	0	35.67705427268446	15.721669615662803	0	3241.6542065470767	581.2789683517877	0	0	0	0	0	0	0	0	0
213	4.7671321747275135	4.7671321747275135	4.7671321747275135	0	35.677054272679115	15.721669615661835	0	3241.654206542942	581.2789683514275	0	0	0	0	0	0	0	0	0
214	4.7671321747275135	4.7671321747275135	4.7671321747275135	0	35.677054272674255	15.721669615660954	0	3241.6542065391773	581.2789683510995	0	0	0	0	0	0	0	0	0
215	4.7671321747275135	4.7671321747275135	4.7671321747275135	0	35.67705427266988	15.721669615660161	0	3241.6542065357817	581.2789683508037	0	0	0	0	0	0	0	0	0
216	4.7671321747275135	4.7671321747275135	4.7671321747275135	0	35.677054272665984	15.721669615659456	0	3241.6542065327562	581.27896835054	0	0	0	0	0	0	0	0	0
217	4.7671321747275135	4.7671321747275135	4.7671321747275135	0	35.677054272662566	15.721669615658838	0	3241.6542065301	581.2789683503087	0	0	0	0	0	0	0	0	0
218	4.7671321747275135	4.7671321747275135	4.7671321747275135	0	35.67705427265964	15.721669615658307	0	3241.6542065278136	581.2789683501096	0	0	0	0	0	0	0	0	0
219	4.7671321747275135	4.7671321747275135	4.7671321747275135	0	35.677054272657195	15.721669615657865	0	3241.654206525897	581.2789683499427	0	0	0	0	0	0	0	0	0
220	4.7671321747275135	4.7671321747275135	4.7671321747275135	0	35.67705427265523	15.72166961565751	0	3241.6542065243493	581.278968349808	0	0	0	0	0	0	0	0	0
221	4.7671321747275135	4.7671321747275135	4.7671321747275135	0	35.677054272653756	15.721669615657241	0	3241.654206523172	581.2789683497056	0	0	0	0	0	0	0	0	0
222	4.7671321747275135	4.7671321747275135	4.7671321747275135	0	35.67705427265276	15.72166961565706	0	3241.654206522364	581.2789683496353	0	0	0	0	0	0	0	0	0
223	4.7671321747275135	4.7671321747275135	4.7671321747275135	0	35.67705427265225	15.721669615656968	0	3241.6542065219255	581.2789683495973	0	0	0	0	0	0	0	0	0
224	4.7671321747275135	4.7671321747275135	4.7671321747275135	0	35.67705427265222	15.721669615656962	0	3241.654206521857	581.2789683495915	0	0	0	0	0	0	0	0	0
225	4.7671321747275135	4.7671321747275135	4.7671321747275135	0	35.677054272652676	15.721669615657044	0	3241.654206522158	581.278968349618	0	0	0	0	0	0	0	0	0
226	4.7671321747275135	4.7671321747275135	4.7671321747275135	0	35.677054272653606	15.721669615657214	0	3241.6542065228286	581.2789683496767	0	0	0	0	0	0	0	0	0
227	4.7671321747275135	4.7671321747275135	4.7671321747275135	0	35.67705427265503	15.721669615657472	0	3241.6542065238687	581.2789683497676	0	0	0	0	0	0	0	0	0
228	4.7671321747275135	4.7671321747275135	4.7671321747275135	0	35.67705427265693	15.721669615657817	0	3241.6542065252784	581.2789683498908	0	0	0	0	0	0	0	0	0
229	4.7671321747275135	4.7671321747275135	4.7671321747275135	0	35.67705427265932	15.721669615658248	0	3241.654206527058	581.2789683500462	0	0	0	0	0	0	0	0	0
230	4.7671321747275135	4.7671321747275135	4.7671321747275135	0	35.67705427266219	15.721669615658769	0	3241.654206529207	581.2789683502338	0	0	0	0	0	0	0	0	0
231	4.7671321747275135	4.7671321747275135	4.7671321747275135	0	35.67705427266555	15.721669615659376	0	3241.6542065317253	581.2789683504535	0	0	0	0	0	0	0	0	0
232	4.7671321747275135	4.7671321747275135	4.7671321747275135	0	35.67705427266939	15.72166961566007	0	3241.654206534614	581.2789683507056	0	0	0	0	0	0	0	0	0
233	4.7671321747275135	4.7671321747275135	4.7671321747275135	0	35.67705427267371	15.721669615660854	0	3241.6542065378717	581.2789683509899	0	0	0	0	0	0	0	0	0
234	4.7671321747275135	4.7671321747275135	4.7671321747275135	0	35.67705427267851	15.721669615661723	0	3241.654206541499	581.2789683513063	0	0	0	0	0	0	0	0	0
235	4.7671321747275135	4.7671321747275135	4.7671321747275135	0	35.6770542726838	15.72166961566268	0	3241.6542065454964	581.2789683516551	0	0	0	0	0	0	0	0	0
236	4.7671321747275135	4.7671321747275135	4.7671321747275135	0	35.67705427268957	15.721669615663727	0	3241.654206549863	581.278968352036	0	0	0	0	0	0	0	0	0
237	4.7671321747275135	4.7671321747275135	4.7671321747275135	0	35.67705427269582	15.721669615664858	0	3241.6542065545996	581.2789683524492	0	0	0	0	0	0	0	0	0
238	4.7671321747275135	4.7671321747275135	4.7671321747275135	0	35.677054272702556	15.721669615666078	0	3241.6542065597055	581.2789683528946	0	0	0	0	0	0	0	0	0
239	4.7671321747275135	4.7671321747275135	4.7671321747275135	0	35.67705427270978	15.721669615667386	0	3241.654206565181	581.2789683533722	0	0	0	0	0	0	0	0	0
240	4.7671321747275135	4.7671321747275135	4.7671321747275135	0	35.677054272717484	15.721669615668782	0	3241.6542065710264	581.2789683538821	0	0	0	0	0	0	0	0	0
