0	4.7671321747275135	4.7671321747275135	4.7671321747275135	0	0	0	0	0	0	0	0	0	0	0	0	0	0	0
1	4.7671321747275135	4.7671321747275135	4.7671321747275135	0	0	0	0	0	0	0	0	0	0	0	0	0	0	0
2	4.7671321747275135	4.7671321747275135	4.7671321747275135	0	0	0	0	0	0	0	0	0	0	0	0	0	0	0
3	4.7671321747275135	4.7671321747275135	4.7671321747275135	0	0	0	0	0	0	0	0	0	0	0	0	0	0	0
4	4.7671321747275135	4.7671321747275135	4.7671321747275135	0	0	0	0	0	0	0	0	0	0	0	0	0	0	0
5	4.7671321747275135	4.7671321747275135	4.7671321747275135	0	0	0	0	0	0	0	0	0	0	0	0	0	0	0
6	4.7671321747275135	4.7671321747275135	4.7671321747275135	0	0	0	0	0	0	0	0	0	0	0	0	0	0	0
7	4.7671321747275135	4.7671321747275135	4.7671321747275135	0	0	0	0	0	0	0	0	0	0	0	0	0	0	0
8	4.7671321747275135	4.7671321747275135	4.7671321747275135	0	0	0	0	0	0	0	0	0	0	0	0	0	0	0
9	4.7671321747275135	4.7671321747275135	4.7671321747275135	0	0	0	0	0	0	0	0	0	0	0	0	0	0	0
10	4.7671321747275135	4.7671321747275135	4.7671321747275135	0	0	0	0	0	0	0	0	0	0	0	0	0	0	0
11	4.7671321747275135	4.7671321747275135	4.7671321747275135	0	0	0	0	0	0	0	0	0	0	0	0	0	0	0
12	4.767132174727513	4.7671321747275135	4.7671321747275135	45.59033897321367	50.64621129954717	21.118874111932108	4076.1105050759847	3731.412616268067	643.0618188630114	0	0	0	0	14442380098664521e-21	1978705479422468e-21	0.03420178301584068	0.033141916633152246	0.005551807124018316
13	4.7671321747275135	4.7671321747275135	4.7671321747275135	45.59161011814436	50.99028582772515	21.16577805823267	4717.332831372633	4519.0603728184515	765.4153942482217	0	0	0	0	1173710119440914e-20	15582060726836938e-22	0.03958214422094123	0.03911470127109265	0.006494271211751721
14	4.7671321747275135	4.7671321747275135	4.7671321747275135	45.59161014885351	51.023181328470834	21.170174312973256	4794.990302446304	4621.240001276609	780.6023320028471	0	0	0	0	11470477808325652e-21	1517512049290777e-21	0.04023375167051855	0.03984059028741112	0.006608126022562148
15	4.7671321747275135	4.7671321747275135	4.7671321747275135	45.59161014885388	51.02712270050712	21.17070827074048	4804.369288878842	4634.3415557019025	782.4781697432846	0	0	0	0	11437959700231166e-21	15124476402759948e-22	0.04031244876616874	0.03992842017293005	0.006621835948375635
16	4.7671321747275135	4.7671321747275135	4.7671321747275135	45.59161014885389	51.02760210685018	21.170774223970433	4805.489190528217	4635.999336467106	782.7073420704455	0	0	0	0	11433911423932503e-21	1511803017478839e-21	0.04032184562455319	0.03993891279460988	0.006623466637570531
17	4.7671321747275135	4.7671321747275135	4.7671321747275135	45.59161014885388	51.02765865770326	21.17078212358276	4805.619251024716	4636.203586418101	782.7346180532245	0	0	0	0	11433428185625429e-21	15117243647835776e-22	0.040322936934720714	0.039940130183555154	0.006623655048233975
18	4.7671321747275135	4.7671321747275135	4.7671321747275135	45.59161014885388	51.0276646685559	21.17078297924287	4805.6324189203115	4636.225721118452	782.7374629189476	0	0	0	0	11433373500971325e-21	15117152733021749e-22	0.04032304742374376	0.039940253028943024	0.006623673979384409
19	4.7671321747275135	4.7671321747275135	4.7671321747275135	45.59161014885389	51.027665342450454	21.170783077608487	4805.633839182145	4636.2283499430005	782.7377837435853	0	0	0	0	11433367155236044e-21	15117141849871113e-22	0.0403230593408831	0.03994026618734396	0.006623675994851251
20	4.7671321747275135	4.7671321747275135	4.7671321747275135	45.59161014885388	51.027665217270474	21.170783059785055	4805.633527077946	4636.227811998285	782.7377156028158	0	0	0	0	11433368037162361e-21	15117143357875296e-22	0.040323056722075555	0.0399402632680308	0.006623675546467084
21	4.7671321747275135	4.7671321747275135	4.7671321747275135	45.59161014885388	51.02766512842311	21.170783046968896	4805.633336659807	4636.227480349347	782.7376738261657	0	0	0	0	11433368865590516e-21	1511714476248298e-21	0.04032305512430626	0.03994026149008425	0.006623675273422391
22	4.7671321747275135	4.7671321747275135	4.7671321747275135	45.59161014885388	51.02766508426015	21.170783040587853	4805.633243381559	4636.227316848326	782.7376533001362	0	0	0	0	11433369285879054e-21	15117145474694295e-22	0.0403230543416232	0.03994026062069577	0.0066236751398620645
23	4.7671321747275135	4.7671321747275135	4.7671321747275135	45.59161014885388	51.027665084781596	21.170783040641926	4805.6332472432005	4636.227321495221	782.7376540247274	0	0	0	0	11433369298027975e-21	1511714549450924e-21	0.04032305437402636	0.039940260659865376	0.006623675145786106
24	4.7671321747275135	4.7671321747275135	4.7671321747275135	45.59161014885388	51.02766512998746	21.17078304713111	4805.633348244731	4636.227494290032	782.737675999939	0	0	0	0	11433368902037278e-21	15117144821927814e-22	0.040323055221515754	0.03994026160759306	0.0066236752911945146
25	4.7671321747275135	4.7671321747275135	4.7671321747275135	45.59161014885389	51.02766514070782	21.170783048685056	4805.6333695827725	4636.227531770539	782.7376807000588	0	0	0	0	11433368791372287e-21	15117144635202075e-22	0.040323055400558194	0.039940261805941527	0.006623675321706676
26	4.7671321747275135	4.7671321747275135	4.7671321747275135	45.59161014885389	51.02766515020061	21.17078305006163	4805.6333883794905	4636.227564824822	782.7376848426263	0	0	0	0	11433368692748424e-21	1511714446883886e-21	0.04032305555827696	0.03994026198058636	0.006623675348576377
27	4.7671321747275135	4.7671321747275135	4.7671321747275135	45.59161014885389	51.027665158824206	21.170783051312238	4805.633405444164	4636.2275948372335	782.7376886037084	0	0	0	0	11433368603083768e-21	15117144317598076e-22	0.040323055701462635	0.03994026213912424	0.006623675372968913
28	4.7671321747275135	4.7671321747275135	4.7671321747275135	45.59161014885388	51.027665166578586	21.170783052436878	4805.633420776794	4636.227621807771	782.737691983305	0	0	0	0	1143336852237832e-20	15117144181479723e-22	0.0403230558301152	0.039940262281555165	0.006623675394884284
29	4.7671321747275135	4.7671321747275135	4.7671321747275135	45.59161014885388	51.02766517346377	21.170783053435553	4805.6334343773815	4636.227645736436	782.7376949814163	0	0	0	0	11433368450632079e-21	15117144060483798e-22	0.040323055944234666	0.03994026240787914	0.006623675414322491
30	4.7671321747275135	4.7671321747275135	4.7671321747275135	45.59161014885388	51.02766517947974	21.170783054308263	4805.6334462459245	4636.227666623227	782.737697598042	0	0	0	0	11433368387845045e-21	15117143954610302e-22	0.040323056043821026	0.03994026251809616	0.006623675431283534
31	4.7671321747275135	4.7671321747275135	4.7671321747275135	45.59161014885388	51.02766518462651	21.170783055055008	4805.633456382424	4636.227684468146	782.7376998331824	0	0	0	0	11433368334017218e-21	15117143863859238e-22	0.04032305612887428	0.039940262612206234	0.006623675445767412
32	4.7671321747275135	4.7671321747275135	4.7671321747275135	45.59161014885388	51.027665188904066	21.170783055675784	4805.63346478688	4636.227699271191	782.7377016868373	0	0	0	0	11433368289148599e-21	15117143788230604e-22	0.04032305619939444	0.039940262690209345	0.006623675457774126
33	4.7671321747275135	4.7671321747275135	4.7671321747275135	45.59161014885388	51.02766519231242	21.170783056170595	4805.633471459292	4636.227711032363	782.7377031590069	0	0	0	0	11433368253239186e-21	15117143727724397e-22	0.0403230562553815	0.039940262752105514	0.006623675467303675
34	4.7671321747275135	4.7671321747275135	4.7671321747275135	45.59161014885388	51.027665194851565	21.170783056539445	4805.633476399661	4636.227719751662	782.737704249691	0	0	0	0	1143336822628898e-20	15117143682340624e-22	0.04032305629683545	0.03994026279789473	0.00662367547435606
35	4.7671321747275135	4.7671321747275135	4.7671321747275135	45.59161014885388	51.0276651965215	21.170783056782323	4805.6334796079855	4636.2277254290875	782.7377049588896	0	0	0	0	11433368208297982e-21	1511714365207928e-21	0.040323056323756296	0.03994026282757698	0.006623675478931281
36	4.7671321747275135	4.7671321747275135	4.7671321747275135	45.59161014885388	51.027665197322236	21.17078305689924	4805.633481084267	4636.22772806464	782.7377052866028	0	0	0	0	11433368199266192e-21	15117143636940363e-22	0.04032305633614404	0.03994026284115229	0.006623675481029336
37	4.7671321747275135	4.7671321747275135	4.7671321747275135	45.59161014885388	51.02766519725376	21.17078305689019	4805.633480828505	4636.22772765832	782.7377052328306	0	0	0	0	11433368199193608e-21	15117143636923878e-22	0.040323056333998686	0.03994026283862064	0.006623675480650228
38	4.7671321747275135	4.7671321747275135	4.7671321747275135	45.59161014885388	51.02766519631608	21.170783056755173	4805.633478840699	4636.227724210126	782.737704797573	0	0	0	0	11433368208080232e-21	15117143652029823e-22	0.04032305631732023	0.039940262819982045	0.006623675477793955
39	4.7671321747275135	4.7671321747275135	4.7671321747275135	45.59161014885388	51.02766519450919	21.17078305649419	4805.63347512085	4636.227717720059	782.73770398083	0	0	0	0	11433368225926063e-21	151171436822582e-20	0.04032305628610867	0.0399402627852365	0.006623675472460518
40	4.7671321747275135	4.7671321747275135	4.7671321747275135	45.59161014885388	51.027665191833094	21.170783056107243	4805.633469668956	4636.227708188119	782.7377027826016	0	0	0	0	114333682527311e-19	15117143727609004e-22	0.040323056240364	0.039940262734383995	0.006623675464649916
41	4.7671321747275135	4.7671321747275135	4.7671321747275135	45.59161014885388	51.02766518828779	21.17078305559433	4805.63346248502	4636.227695614306	782.7377012028876	0	0	0	0	11433368288495346e-21	1511714378808224e-21	0.040323056180086234	0.039940262667424536	0.006623675454362149
42	4.7671321747275135	4.7671321747275135	4.7671321747275135	45.59161014885388	51.02766518387328	21.17078305495545	4805.633453569039	4636.22767999862	782.7376992416883	0	0	0	0	11433368333218798e-21	15117143863677903e-22	0.04032305610527537	0.03994026258435813	0.006623675441597219
43	4.7671321747275135	4.7671321747275135	4.7671321747275135	45.59161014885388	51.02766517858957	21.170783054190604	4805.633442921016	4636.22766134106	782.7376968990036	0	0	0	0	11433368386901457e-21	15117143954395998e-22	0.04032305601593139	0.03994026248518477	0.006623675426355124
44	4.7671321747275135	4.7671321747275135	4.7671321747275135	45.59161014885388	51.02766517243665	21.170783053299793	4805.633430540948	4636.227639641628	782.7376941748333	0	0	0	0	11433368449543325e-21	15117144060236524e-22	0.04032305591205432	0.03994026236990446	0.006623675408635865
45	4.7671321747275135	4.7671321747275135	4.7671321747275135	45.59161014885388	51.02766516985356	21.170783052923856	4805.633425666125	4636.227631033944	782.7376930983619	0	0	0	0	11433368477965907e-21	1511714410778047e-21	0.0403230558711508	0.039940262324802994	0.0066236754016816704
46	4.7671321747275135	4.7671321747275135	4.7671321747275135	45.59161014885388	51.02766516888466	21.17078305278107	4805.633424129617	4636.227628260239	782.7376927554301	0	0	0	0	11433368490552286e-21	15117144128439163e-22	0.04032305585825783	0.03994026231086859	0.006623675399511932
47	4.7671321747275135	4.7671321747275135	4.7671321747275135	45.59161014885388	51.0276651679886	21.17078305264901	4805.6334227085845	4636.227625694753	782.7376924382568	0	0	0	0	11433368502193897e-21	15117144147557713e-22	0.04032305584633375	0.03994026229798258	0.006623675397505386
48	4.7671321747275135	4.7671321747275135	4.7671321747275135	45.59161014885389	51.027665167165374	21.17078305252769	4805.633421403025	4636.227623337488	782.7376921468419	0	0	0	0	11433368512890739e-21	15117144165136116e-22	0.040323055835378555	0.03994026228614496	0.006623675395662032
49	4.7671321747275135	4.7671321747275135	4.7671321747275135	45.59161014885389	51.027665166415	21.170783052417097	4805.633420212939	4636.227621188442	782.7376918811855	0	0	0	0	11433368522642814e-21	15117144181174376e-22	0.040323055825392244	0.039940262275355735	0.0066236753939818704
50	4.7671321747275135	4.7671321747275135	4.7671321747275135	45.59161014885389	51.02766516573745	21.170783052317237	4805.633419138328	4636.2276192476165	782.7376916412874	0	0	0	0	11433368531450122e-21	15117144195672488e-22	0.040323055816374825	0.039940262265614895	0.006623675392464902
51	4.7671321747275135	4.7671321747275135	4.7671321747275135	45.59161014885389	51.02766516513275	21.17078305222811	4805.633418179189	4636.227617515011	782.7376914271478	0	0	0	0	1143336853931266e-20	15117144208630455e-22	0.040323055808326284	0.03994026225692245	0.006623675391111124
52	4.7671321747275135	4.7671321747275135	4.7671321747275135	45.59161014885389	51.02766516460089	21.170783052149716	4805.633417335525	4636.227615990626	782.7376912387665	0	0	0	0	1143336854623043e-20	15117144220048275e-22	0.040323055801246635	0.039940262249278394	0.00662367538992054
53	4.7671321747275135	4.7671321747275135	4.7671321747275135	45.59161014885389	51.027665164141865	21.17078305208205	4805.633416607335	4636.227614674461	782.7376910761437	0	0	0	0	11433368552203434e-21	15117144229925952e-22	0.04032305579513588	0.03994026224268273	0.006623675388893148
54	4.7671321747275135	4.7671321747275135	4.7671321747275135	45.59161014885389	51.027665163755685	21.170783052025122	4805.633415994618	4636.227613566515	782.7376909392793	0	0	0	0	11433368557231668e-21	15117144238263482e-22	0.040323055789994	0.039940262237135454	0.006623675388028947
55	4.7671321747275135	4.7671321747275135	4.7671321747275135	45.59161014885389	51.027665163442336	21.170783051978923	4805.633415497376	4636.227612666789	782.7376908281734	0	0	0	0	11433368561315135e-21	15117144245060866e-22	0.04032305578582101	0.039940262232636574	0.0066236753873279396
56	4.7671321747275135	4.7671321747275135	4.7671321747275135	45.59161014885389	51.02766516320184	21.170783051943456	4805.633415115607	4636.227611975284	782.7376907428259	0	0	0	0	11433368564453832e-21	15117144250318107e-22	0.04032305578261691	0.039940262229186084	0.006623675386790124
57	4.7671321747275135	4.7671321747275135	4.7671321747275135	45.59161014885389	51.02766516303417	21.170783051918722	4805.6334148493115	4636.227611491999	782.7376906832367	0	0	0	0	11433368566647763e-21	151171442540352e-20	0.04032305578038169	0.039940262226783985	0.006623675386415501
58	4.7671321747275135	4.7671321747275135	4.7671321747275135	45.59161014885389	51.02766516293935	21.17078305190472	4805.63341469849	4636.227611216934	782.737690649406	0	0	0	0	11433368567896925e-21	15117144256212148e-22	0.040323055779115366	0.039940262225430276	0.00662367538620407
59	4.7671321747275135	4.7671321747275135	4.7671321747275135	45.59161014885389	51.027665162917366	21.170783051901452	4805.6334146631425	4636.227611150089	782.7376906413338	0	0	0	0	1143336856820132e-20	15117144256848952e-22	0.04032305577881792	0.03994026222512496	0.006623675386155832
60	4.7671321747275135	4.7671321747275135	4.7671321747275135	45.59161014885389	51.02766516296822	21.170783051908916	4805.633414743269	4636.227611291463	782.7376906590198	0	0	0	0	11433368567560946e-21	15117144255945608e-22	0.04032305577948937	0.03994026222586803	0.006623675386270785
61	4.7671321747275135	4.7671321747275135	4.7671321747275135	45.59161014885389	51.02766516309192	21.17078305192711	4805.6334149388695	4636.227611641058	782.7376907024644	0	0	0	0	11433368565975805e-21	1511714425350212e-21	0.0403230557811297	0.03994026222765949	0.006623675386548932
62	4.7671321747275135	4.7671321747275135	4.7671321747275135	45.59161014885388	51.027665163288454	21.17078305195604	4805.633415249943	4636.2276121988725	782.7376907716673	0	0	0	0	11433368563445893e-21	15117144249518485e-22	0.040323055783738924	0.039940262230499346	0.0066236753869902696
63	4.7671321747275135	4.7671321747275135	4.7671321747275135	45.59161014885388	51.02766516355783	21.1707830519957	4805.6334156764915	4636.227612964907	782.7376908666287	0	0	0	0	11433368559971217e-21	15117144243994706e-22	0.04032305578731703	0.03994026223438759	0.0066236753875948
64	4.7671321747275135	4.7671321747275135	4.7671321747275135	45.59161014885388	51.027665163900046	21.17078305204609	4805.633416218513	4636.2276139391615	782.7376909873485	0	0	0	0	1143336855555177e-20	15117144236930781e-22	0.04032305579186402	0.03994026223932423	0.0066236753883625234
65	4.7671321747275135	4.7671321747275135	4.7671321747275135	45.59161014885388	51.027665164315096	21.170783052107215	4805.633416876008	4636.2276151216365	782.7376911338267	0	0	0	0	11433368550187556e-21	1511714422832671e-21	0.040323055797379895	0.039940262245309256	0.0066236753892934385
66	4.7671321747275135	4.7671321747275135	4.7671321747275135	45.59161014885388	51.02766516480299	21.170783052179072	4805.633417648977	4636.227616512331	782.7376913060633	0	0	0	0	11433368543878573e-21	15117144218182493e-22	0.040323055803864666	0.03994026225234268	0.006623675390387546
67	4.7671321747275135	4.7671321747275135	4.7671321747275135	45.59161014885388	51.02766516536373	21.170783052261662	4805.633418537421	4636.227618111246	782.7376915040584	0	0	0	0	11433368536624824e-21	1511714420649813e-21	0.040323055811318315	0.039940262260424485	0.006623675391644845
68	4.7671321747275135	4.7671321747275135	4.7671321747275135	45.591610148853874	51.0276651659973	21.17078305235498	4805.633419541337	4636.227619918381	782.7376917278118	0	0	0	0	11433368528426306e-21	15117144193273623e-22	0.040323055819740855	0.03994026226955469	0.006623675393065337
69	4.7671321747275135	4.7671321747275135	4.7671321747275135	45.591610148853896	51.0276651665017	21.170783052430007	4805.6334202328935	4636.22762117892	782.7376918829007	0	0	0	0	11433368520615152e-21	15117144177924442e-22	0.04032305582554871	0.03994026227571241	0.0066236753940278085
70	4.7671321747275135	4.7671321747275135	4.7671321747275135	45.5916101488539	51.02766516669412	21.17078305245868	4805.633420503063	4636.227621679867	782.7376919440032	0	0	0	0	11433368517648255e-21	15117144172218044e-22	0.04032305582782525	0.03994026227806224	0.006623675394399533
71	4.7671321747275135	4.7671321747275135	4.7671321747275135	45.59161014885388	51.027665166601665	21.170783052444616	4805.633420453295	4636.227621596938	782.7376919333101	0	0	0	0	11433368519861656e-21	1511714417817979e-21	0.040323055827419685	0.03994026227758758	0.006623675394331863
72	4.7671321747275135	4.7671321747275135	4.7671321747275135	45.59161014885388	51.027665166601665	21.170783052444616	4805.633420453295	4636.227621596938	782.7376919333101	0	0	0	0	11433368519861656e-21	1511714417817979e-21	0.040323055827419685	0.03994026227758758	0.006623675394331863
73	4.7671321747275135	4.7671321747275135	4.7671321747275135	0.0012447813682920786	50.05650809140646	20.806442633909562	729.4256619578572	4599.097949695959	777.0611603425459	0	0	0	0	19488017976097177e-21	4314240234631663e-21	0.006120456788047834	0.039942945069018986	0.0066207447980973656
74	4.7671321747275135	4.7671321747275135	4.7671321747275135	0	44.990946592060325	18.935167694219732	88.28746272656193	4321.237320741336	735.064609259339	0	0	0	0	45213560434364785e-21	1235460364667891e-20	0.0007408014671351244	0.03933677300900706	0.006499007653361994
75	4.7671321747275135	4.7671321747275135	4.7671321747275135	0	38.24709988519547	16.54586102539811	10.677002894295486	3732.626159260906	648.6423471280467	0	0	0	0	3994592623639832e-20	7697214206401526e-21	895884779608934e-19	0.03523548257482097	0.005811995316745557
76	4.7671321747275135	4.7671321747275135	4.7671321747275135	0	36.09501527945323	15.843354667604771	1.2856118634469311	3371.9450124830005	598.2239524778996	0	0	0	0	30432217749228095e-21	3406389780105115e-21	10787297824564937e-21	0.03137424641922291	0.005206471667758219
77	4.7671321747275135	4.7671321747275135	4.7671321747275135	0	35.737170717333846	15.737787929226158	0.1548382946087268	3268.0363986176158	584.5326250639599	0	0	0	0	287720406238642e-19	2715187664862658e-21	1299215452255791e-21	0.030118052308528917	0.005019899112809511
78	4.7671321747275135	4.7671321747275135	4.7671321747275135	0	35.685398407377825	15.723764814464028	0.018483189270657598	3246.3204906421674	581.8273519154455	0	0	0	0	28565889293641674e-21	26332709143319327e-22	0	0.029849775308777367	0.004981992238420836
79	4.7671321747275135	4.7671321747275135	4.7671321747275135	0	35.67817879275871	15.721937403812536	0.0021594955383477236	3242.4107581433495	581.3640687604105	0	0	0	0	28542622691197124e-21	2624263624045997e-21	0	0.02980194098237118	0.004975531628119634
80	4.7671321747275135	4.7671321747275135	4.7671321747275135	0	35.67719656052243	15.72170198212955	0.00023542050570564166	3241.7660714753815	581.2910345232593	0	0	0	0	28539933272372255e-21	26232429609009476e-22	0	0.029794218171331547	0.004974530935076743
81	4.7671321747275135	4.7671321747275135	4.7671321747275135	0	35.677070766129475	15.721673203931195	2280420650739949e-20	3241.6690291616915	581.2805006088022	0	0	0	0	2853994390085932e-20	26232381253638814e-22	0	0.029793101987291817	0.004974392329874459
82	4.7671321747275135	4.7671321747275135	4.7671321747275135	0	35.67705478645778	15.7216697089334	0	3241.6550301948296	581.2790422674561	0	0	0	0	28539973924460406e-21	2623244850576761e-21	0	0.02979295489181369	0.004974374929518696
83	4.7671321747275135	4.7671321747275135	4.7671321747275135	0	35.67705427062091	15.721669614764904	0	3241.654124012078	581.2789604035397	0	0	0	0	2853997589967157e-20	2623245285741806e-21	0	0.029792948523638313	0.004974374342605018
84	4.7671321747275135	4.7671321747275135	4.7671321747275135	0	35.67705416472314	15.721669596195708	0	3241.654045271491	581.2789536755549	0	0	0	0	2853997790917815e-20	2623245726801146e-21	0	0.029792948108318812	0.004974374307455842
85	4.7671321747275135	4.7671321747275135	4.7671321747275135	0	35.67705422623402	15.721669607424525	0	3241.6541374392755	581.2789620915732	0	0	0	0	28539977541084326e-21	2623245646985309e-21	0	0.029792948793000693	0.004974374371302658
86	4.7671321747275135	4.7671321747275135	4.7671321747275135	0	35.67705427508397	15.721669616328128	0	3241.654210513461	581.2789687614583	0	0	0	0	28539977243708294e-21	2623245582450719e-21	0	0.02979294933478281	0.004974374421803586
87	4.7671321747275135	4.7671321747275135	4.7671321747275135	0	35.67705431127299	15.721669622906518	0	3241.654264494047	581.2789736852097	0	0	0	0	28539977017050057e-21	26232455331973765e-22	0	0.029792949733665166	0.0049743744589586265
88	4.7671321747275135	4.7671321747275135	4.7671321747275135	0	35.67705433480108	15.721669627159692	0	3241.6542993810344	581.2789768628279	0	0	0	0	28539976861109607e-21	2623245499225282e-21	0	0.029792949989647762	0.004974374482767781
89	4.7671321747275135	4.7671321747275135	4.7671321747275135	0	35.67705434566824	15.721669629087653	0	3241.6543151744227	581.2789782943125	0	0	0	0	2853997677588695e-20	2623245480534435e-21	0	0.029792950102730593	0.004974374493231048
90	4.7671321747275135	4.7671321747275135	4.7671321747275135	0	35.67705434387447	15.7216696286904	0	3241.6543118742125	581.2789779796639	0	0	0	0	28539976761382082e-21	26232454771248355e-22	0	0.029792950072913663	0.004974374490348428
91	4.7671321747275135	4.7671321747275135	4.7671321747275135	0	35.67705432941977	15.721669625967932	0	3241.654289480403	581.2789759188817	0	0	0	0	28539976817595007e-21	26232454889964834e-22	0	0.029792949900196968	0.0049743744741199206
92	4.7671321747275135	4.7671321747275135	4.7671321747275135	0	35.67705430230414	15.72166962092025	0	3241.6542479929944	581.2789721119661	0	0	0	0	28539976944525723e-21	2623245516149379e-21	0	0.02979294958458051	0.004974374444545527
93	4.7671321747275135	4.7671321747275135	4.7671321747275135	0	35.67705429122289	15.721669618892202	0	3241.6542315120373	581.2789706052646	0	0	0	0	28539977010461794e-21	2623245530399803e-21	0	0.029792949461543077	0.004974374433056775
94	4.7671321747275135	4.7671321747275135	4.7671321747275135	0	35.67705428804915	15.721669618339588	0	3241.6542272072074	581.2789702162528	0	0	0	0	28539977041045785e-21	26232455370980297e-22	0	0.029792949431326286	0.004974374430268164
95	4.7671321747275135	4.7671321747275135	4.7671321747275135	0	35.677054285014826	15.72166961781124	0	3241.6542230924974	581.2789698444282	0	0	0	0	28539977070301615e-21	26232455435053393e-22	0	0.029792949402448293	0.004974374427603163
96	4.7671321747275135	4.7671321747275135	4.7671321747275135	0	35.677054282119904	15.72166961730716	0	3241.6542191679073	581.2789694897907	0	0	0	0	28539977098229294e-21	26232455496217307e-22	0	0.0297929493749091	0.004974374425061772
97	4.7671321747275135	4.7671321747275135	4.7671321747275135	0	35.677054279364405	15.721669616827345	0	3241.654215433437	581.2789691523404	0	0	0	0	28539977124828816e-21	26232455554472053e-22	0	0.0297929493487087	0.00497437442264399
98	4.7671321747275135	4.7671321747275135	4.7671321747275135	0	35.67705427674831	15.721669616371797	0	3241.654211889087	581.2789688320772	0	0	0	0	2853997715010018e-20	26232455609817622e-22	0	0.0297929493238471	0.0049743744203498185
99	4.7671321747275135	4.7671321747275135	4.7671321747275135	0	35.677054274271626	15.721669615940513	0	3241.654208534857	581.2789685290012	0	0	0	0	2853997717404339e-20	26232455662254014e-22	0	0.0297929493003243	0.004974374418179256
100	4.7671321747275135	4.7671321747275135	4.7671321747275135	0	35.67705427193435	15.721669615533497	0	3241.654205370747	581.2789682431123	0	0	0	0	28539977196658443e-21	2623245571178123e-21	0	0.029792949278140295	0.004974374416132304
101	4.7671321747275135	4.7671321747275135	4.7671321747275135	0	35.67705426973649	15.721669615150747	0	3241.6542023967572	581.2789679744106	0	0	0	0	2853997721794534e-20	2623245575839927e-21	0	0.029792949257295087	0.004974374414208961
102	4.7671321747275135	4.7671321747275135	4.7671321747275135	0	35.67705426767804	15.721669614792264	0	3241.654199612887	581.278967722896	0	0	0	0	28539977237904082e-21	26232455802108137e-22	0	0.02979294923778868	0.004974374412409228
103	4.7671321747275135	4.7671321747275135	4.7671321747275135	0	35.677054265759	15.721669614458046	0	3241.6541970191374	581.2789674885686	0	0	0	0	2853997725653467e-20	2623245584290783e-21	0	0.029792949219621067	0.004974374410733104
104	4.7671321747275135	4.7671321747275135	4.7671321747275135	0	35.677054263979365	15.721669614148094	0	3241.6541946155075	581.2789672714283	0	0	0	0	28539977273837097e-21	26232455880798345e-22	0	0.029792949202792254	0.004974374409180591
105	4.7671321747275135	4.7671321747275135	4.7671321747275135	0	35.67705426233914	15.72166961386241	0	3241.6541924019975	581.2789670714752	0	0	0	0	28539977289811372e-21	26232455915779687e-22	0	0.02979294918730224	0.004974374407751686
106	4.7671321747275135	4.7671321747275135	4.7671321747275135	0	35.67705426083833	15.72166961360099	0	3241.6541903786074	581.2789668887092	0	0	0	0	2853997730445749e-20	26232455947851853e-22	0	0.02979294917315102	0.0049743744064463915
107	4.7671321747275135	4.7671321747275135	4.7671321747275135	0	35.67705425947694	15.721669613363838	0	3241.6541885453375	581.2789667231303	0	0	0	0	28539977317775454e-21	2623245597701484e-21	0	0.0297929491603386	0.0049743744052647065
108	4.7671321747275135	4.7671321747275135	4.7671321747275135	0	35.67705425825495	15.721669613150953	0	3241.654186902188	581.2789665747387	0	0	0	0	2853997732976526e-20	26232456003268657e-22	0	0.029792949148864975	0.004974374404206631
109	4.7671321747275135	4.7671321747275135	4.7671321747275135	0	35.67705425717237	15.721669612962332	0	3241.654185449158	581.2789664435342	0	0	0	0	2853997734042691e-20	26232456026613296e-22	0	0.02979294913873015	0.004974374403272165
110	4.7671321747275135	4.7671321747275135	4.7671321747275135	0	35.677054256229205	15.721669612797978	0	3241.654184186248	581.2789663295167	0	0	0	0	28539977349760404e-21	2623245604704876e-21	0	0.029792949129934125	0.004974374402461309
111	4.7671321747275135	4.7671321747275135	4.7671321747275135	0	35.677054255425446	15.721669612657891	0	3241.6541831134587	581.2789662326865	0	0	0	0	28539977357765743e-21	26232456064575047e-22	0	0.029792949122476896	0.004974374401774063
112	4.7671321747275135	4.7671321747275135	4.7671321747275135	0	35.6770542547611	15.721669612542069	0	3241.6541822307886	581.2789661530434	0	0	0	0	28539977364442927e-21	26232456079192163e-22	0	0.029792949116358464	0.004974374401210426
113	4.7671321747275135	4.7671321747275135	4.7671321747275135	0	35.67705425423617	15.721669612450516	0	3241.654181538239	581.2789660905875	0	0	0	0	28539977369791954e-21	262324560909001e-20	0	0.02979294911157883	0.004974374400770399
114	4.7671321747275135	4.7671321747275135	4.7671321747275135	0	35.67705425385065	15.721669612383225	0	3241.6541810358094	581.2789660453186	0	0	0	0	28539977373812822e-21	2623245609969886e-21	0	0.029792949108137994	0.004974374400453982
115	4.7671321747275135	4.7671321747275135	4.7671321747275135	0	35.67705425360453	15.721669612340204	0	3241.6541807235	581.2789660172369	0	0	0	0	2853997737650554e-20	2623245610558845e-21	0	0.029792949106035953	0.004974374400261174
116	4.7671321747275135	4.7671321747275135	4.7671321747275135	0	35.67705425349783	15.721669612321447	0	3241.65418060131	581.2789660063424	0	0	0	0	28539977377870097e-21	26232456108568863e-22	0	0.029792949105272713	0.004974374400191976
117	4.7671321747275135	4.7671321747275135	4.7671321747275135	0	35.677054253530535	15.721669612326957	0	3241.6541806692403	581.2789660126351	0	0	0	0	28539977377906502e-21	262324561086401e-20	0	0.02979294910584827	0.004974374400246387
118	4.7671321747275135	4.7671321747275135	4.7671321747275135	0	35.67705425370266	15.721669612356733	0	3241.654180927291	581.2789660361149	0	0	0	0	2853997737661475e-20	2623245610580216e-21	0	0.029792949107762624	0.004974374400424408
119	4.7671321747275135	4.7671321747275135	4.7671321747275135	0	35.67705425401419	15.721669612410777	0	3241.654181375461	581.2789660767819	0	0	0	0	2853997737399484e-20	26232456100055047e-22	0	0.029792949111015776	0.004974374400726039
120	4.7671321747275135	4.7671321747275135	4.7671321747275135	0	35.677054254465126	15.721669612489084	0	3241.6541820137513	581.278966134636	0	0	0	0	28539977370046775e-21	26232456091398755e-22	0	0.029792949115607727	0.00497437440115128
121	4.7671321747275135	4.7671321747275135	4.7671321747275135	0	35.67705425505548	15.72166961259166	0	3241.654182842162	581.2789662096772	0	0	0	0	28539977364770556e-21	2623245607983329e-21	0	0.029792949121538476	0.00497437440170013
122	4.7671321747275135	4.7671321747275135	4.7671321747275135	0	35.67705425578524	15.7216696127185	0	3241.6541838606922	581.2789663019056	0	0	0	0	2853997735816618e-20	26232456065358654e-22	0	0.02979294912880802	0.00497437440237259
123	4.7671321747275135	4.7671321747275135	4.7671321747275135	0	35.677054256654415	15.721669612869608	0	3241.654185069343	581.2789664113211	0	0	0	0	28539977350233648e-21	26232456047974836e-22	0	0.029792949137416362	0.004974374403168659
124	4.7671321747275135	4.7671321747275135	4.7671321747275135	0	35.677054257662995	15.721669613044982	0	3241.6541864681135	581.2789665379238	0	0	0	0	2853997734097296e-20	26232456027681845e-22	0	0.029792949147363506	0.0049743744040883385
125	4.7671321747275135	4.7671321747275135	4.7671321747275135	0	35.67705425881099	15.721669613244622	0	3241.654188057004	581.2789666817137	0	0	0	0	28539977330384115e-21	2623245600447968e-21	0	0.029792949158649443	0.004974374405131627
126	4.7671321747275135	4.7671321747275135	4.7671321747275135	0	35.677054260098394	15.721669613468528	0	3241.6541898360147	581.2789668426906	0	0	0	0	28539977318467117e-21	2623245597836834e-21	0	0.02979294917127418	0.004974374406298525
127	4.7671321747275135	4.7671321747275135	4.7671321747275135	0	35.67705426152521	15.721669613716701	0	3241.654191805145	581.2789670208547	0	0	0	0	2853997730522196e-20	26232455949347823e-22	0	0.029792949185237713	0.004974374407589034
128	4.7671321747275135	4.7671321747275135	4.7671321747275135	0	35.677054263091435	15.721669613989139	0	3241.6541939643957	581.278967216206	0	0	0	0	2853997729064865e-20	26232455917418133e-22	0	0.029792949200540046	0.004974374409003152
129	4.7671321747275135	4.7671321747275135	4.7671321747275135	0	35.67705426479707	15.721669614285844	0	3241.654196313766	581.2789674287444	0	0	0	0	28539977274747183e-21	26232455882579265e-22	0	0.029792949217181175	0.004974374410540879
130	4.7671321747275135	4.7671321747275135	4.7671321747275135	0	35.677054266642116	15.721669614606816	0	3241.6541988532567	581.27896765847	0	0	0	0	2853997725751756e-20	2623245584483122e-21	0	0.0297929492351611	0.004974374412202216
131	4.7671321747275135	4.7671321747275135	4.7671321747275135	0	35.67705426862658	15.721669614952052	0	3241.6542015828672	581.2789679053827	0	0	0	0	2853997723895978e-20	26232455804174004e-22	0	0.02979294925447983	0.004974374413987162
132	4.7671321747275135	4.7671321747275135	4.7671321747275135	0	35.67705427075044	15.721669615321558	0	3241.654204502598	581.2789681694826	0	0	0	0	28539977219073845e-21	2623245576060761e-21	0	0.02979294927513735	0.004974374415895719
133	4.7671321747275135	4.7671321747275135	4.7671321747275135	0	35.67705427123295	15.721669615405904	0	3241.654205113438	581.2789682245206	0	0	0	0	28539977213848865e-21	2623245574922106e-21	0	0.029792949279304995	0.00497437441627906
134	4.7671321747275135	4.7671321747275135	4.7671321747275135	0	35.67705427138641	15.721669615433068	0	3241.654205263621	581.2789682378569	0	0	0	0	28539977211593172e-21	26232455744349083e-22	0	0.029792949280189183	0.004974374416358774
135	4.7671321747275135	4.7671321747275135	4.7671321747275135	0	35.67705427153589	15.721669615459529	0	3241.654205409908	581.2789682508474	0	0	0	0	28539977209395867e-21	2623245573960291e-21	0	0.029792949281050356	0.0049743744164364116
136	4.7671321747275135	4.7671321747275135	4.7671321747275135	0	35.6770542716814	15.721669615485286	0	3241.6542055522996	581.2789682634917	0	0	0	0	28539977207256946e-21	26232455734982555e-22	0	0.029792949281888515	0.004974374416511973
137	4.7671321747275135	4.7671321747275135	4.7671321747275135	0	35.677054271822925	15.721669615510338	0	3241.654205690795	581.27896827579	0	0	0	0	28539977205176416e-21	2623245573048801e-21	0	0.029792949282703658	0.004974374416585457
138	4.7671321747275135	4.7671321747275135	4.7671321747275135	0	35.67705427196048	15.721669615534688	0	3241.6542058253954	581.2789682877423	0	0	0	0	2853997720315427e-20	26232455726119274e-22	0	0.02979294928349579	0.004974374416656866
139	4.7671321747275135	4.7671321747275135	4.7671321747275135	0	35.677054272094054	15.721669615558335	0	3241.6542059560998	581.2789682993485	0	0	0	0	28539977201190513e-21	2623245572187635e-21	0	0.029792949284264906	0.0049743744167262
140	4.7671321747275135	4.7671321747275135	4.7671321747275135	0	35.67705427222366	15.721669615581277	0	3241.6542060829083	581.2789683106088	0	0	0	0	28539977199285143e-21	26232455717759236e-22	0	0.029792949285011007	0.004974374416793457
141	4.7671321747275135	4.7671321747275135	4.7671321747275135	0	35.67705427234928	15.721669615603515	0	3241.654206205821	581.2789683215229	0	0	0	0	2853997719743816e-20	26232455713767937e-22	0	0.0297929492857341	0.004974374416858637
142	4.7671321747275135	4.7671321747275135	4.7671321747275135	0	35.67705427247093	15.721669615625052	0	3241.654206324838	581.2789683320912	0	0	0	0	28539977195649562e-21	26232455709902443e-22	0	0.02979294928643417	0.004974374416921742
143	4.7671321747275135	4.7671321747275135	4.7671321747275135	0	35.677054272588606	15.721669615645883	0	3241.6542064399596	581.2789683423133	0	0	0	0	28539977193919355e-21	26232455706162762e-22	0	0.029792949287111233	0.0049743744169827705
144	4.7671321747275135	4.7671321747275135	4.7671321747275135	0	35.6770542727023	15.721669615666011	0	3241.654206551185	581.2789683521894	0	0	0	0	28539977192247532e-21	26232455702548892e-22	0	0.02979294928776528	0.004974374417041723
145	4.7671321747275135	4.7671321747275135	4.7671321747275135	0	35.67705427281202	15.721669615685435	0	3241.654206658515	581.2789683617194	0	0	0	0	28539977190634097e-21	2623245569906083e-21	0	0.029792949288396313	0.0049743744170986
146	4.7671321747275135	4.7671321747275135	4.7671321747275135	0	35.677054272917765	15.721669615704155	0	3241.654206761949	581.2789683709035	0	0	0	0	2853997718907905e-20	26232455695698585e-22	0	0.02979294928900433	0.0049743744171534
147	4.7671321747275135	4.7671321747275135	4.7671321747275135	0	35.677054273019536	15.721669615722172	0	3241.654206861487	581.2789683797415	0	0	0	0	28539977187582387e-21	2623245569246215e-21	0	0.029792949289589334	0.004974374417206124
148	4.7671321747275135	4.7671321747275135	4.7671321747275135	0	35.67705427311733	15.721669615739486	0	3241.65420695713	581.2789683882336	0	0	0	0	28539977186144115e-21	2623245568935152e-21	0	0.029792949290151326	0.004974374417256772
149	4.7671321747275135	4.7671321747275135	4.7671321747275135	0	35.67705427321114	15.721669615756095	0	3241.6542070488767	581.2789683963795	0	0	0	0	28539977184764227e-21	26232455686366705e-22	0	0.0297929492906903	0.004974374417305344
150	4.7671321747275135	4.7671321747275135	4.7671321747275135	0	35.67705427330098	15.721669615772	0	3241.654207136728	581.2789684041794	0	0	0	0	28539977183442727e-21	262324556835077e-20	0	0.029792949291206267	0.00497437441735184
151	4.7671321747275135	4.7671321747275135	4.7671321747275135	0	35.677054273386844	15.721669615787205	0	3241.6542072206835	581.2789684116334	0	0	0	0	2853997718217961e-20	26232455680774504e-22	0	0.029792949291699213	0.00497437441739626
152	4.7671321747275135	4.7671321747275135	4.7671321747275135	0	35.677054273468734	15.721669615801703	0	3241.654207300743	581.2789684187412	0	0	0	0	28539977180974886e-21	2623245567816712e-21	0	0.02979294929216915	0.004974374417438603
153	4.7671321747275135	4.7671321747275135	4.7671321747275135	0	35.677054273546645	15.721669615815498	0	3241.654207376907	581.2789684255031	0	0	0	0	28539977179828545e-21	2623245567568555e-21	0	0.02979294929261607	0.004974374417478871
154	4.7671321747275135	4.7671321747275135	4.7671321747275135	0	35.67705427362058	15.72166961582859	0	3241.6542074491754	581.278968431919	0	0	0	0	28539977178740596e-21	26232455673329788e-22	0	0.029792949293039973	0.004974374417517063
155	4.7671321747275135	4.7671321747275135	4.7671321747275135	0	35.67705427369054	15.721669615840977	0	3241.654207517548	581.2789684379887	0	0	0	0	2853997717771103e-20	26232455671099838e-22	0	0.029792949293440868	0.004974374417553178
156	4.7671321747275135	4.7671321747275135	4.7671321747275135	0	35.677054273756525	15.721669615852662	0	3241.6542075820244	581.2789684437125	0	0	0	0	2853997717673985e-20	262324556689957e-20	0	0.029792949293818746	0.0049743744175872176
157	4.7671321747275135	4.7671321747275135	4.7671321747275135	0	35.67705427381853	15.721669615863643	0	3241.6542076426053	581.2789684490903	0	0	0	0	2853997717582706e-20	26232455667017368e-22	0	0.02979294929417361	0.004974374417619181
158	4.7671321747275135	4.7671321747275135	4.7671321747275135	0	35.67705427387656	15.72166961587392	0	3241.654207699291	581.278968454122	0	0	0	0	28539977174972655e-21	26232455665164847e-22	0	0.02979294929450546	0.004974374417649067
159	4.7671321747275135	4.7671321747275135	4.7671321747275135	0	35.677054273930615	15.721669615883492	0	3241.6542077520803	581.2789684588076	0	0	0	0	2853997717417664e-20	2623245566343814e-21	0	0.029792949294814297	0.0049743744176768785
160	4.7671321747275135	4.7671321747275135	4.7671321747275135	0	35.677054273980694	15.721669615892363	0	3241.6542078009743	581.2789684631473	0	0	0	0	2853997717343901e-20	26232455661837245e-22	0	0.02979294929510012	0.004974374417702613
161	4.7671321747275135	4.7671321747275135	4.7671321747275135	0	35.677054274026794	15.72166961590053	0	3241.654207845972	581.278968467141	0	0	0	0	28539977172759767e-21	2623245566036216e-21	0	0.029792949295362928	0.004974374417726272
162	4.7671321747275135	4.7671321747275135	4.7671321747275135	0	35.67705427406892	15.721669615907992	0	3241.6542078870743	581.2789684707886	0	0	0	0	2853997717213891e-20	26232455659012885e-22	0	0.029792949295602722	0.004974374417747855
163	4.7671321747275135	4.7671321747275135	4.7671321747275135	0	35.67705427410707	15.72166961591475	0	3241.654207924281	581.2789684740902	0	0	0	0	28539977171576442e-21	2623245565778942e-21	0	0.029792949295819503	0.004974374417767362
164	4.7671321747275135	4.7671321747275135	4.7671321747275135	0	35.67705427414124	15.721669615920806	0	3241.654207957592	581.2789684770457	0	0	0	0	2853997717107236e-20	26232455656691765e-22	0	0.02979294929601327	0.004974374417784792
165	4.7671321747275135	4.7671321747275135	4.7671321747275135	0	35.67705427417144	15.721669615926157	0	3241.654207987007	581.2789684796552	0	0	0	0	28539977170626664e-21	26232455655719926e-22	0	0.02979294929618402	0.004974374417800146
166	4.7671321747275135	4.7671321747275135	4.7671321747275135	0	35.677054274197666	15.721669615930805	0	3241.6542080125264	581.2789684819187	0	0	0	0	28539977170239357e-21	26232455654873893e-22	0	0.02979294929633176	0.004974374417813425
167	4.7671321747275135	4.7671321747275135	4.7671321747275135	0	35.677054274219905	15.721669615934749	0	3241.65420803415	581.2789684838363	0	0	0	0	28539977169910437e-21	26232455654153673e-22	0	0.029792949296456483	0.0049743744178246275
168	4.7671321747275135	4.7671321747275135	4.7671321747275135	0	35.67705427423817	15.72166961593799	0	3241.654208051878	581.2789684854076	0	0	0	0	285399771696399e-19	26232455653559264e-22	0	0.029792949296558194	0.004974374417833753
169	4.7671321747275135	4.7671321747275135	4.7671321747275135	0	35.67705427425247	15.721669615940527	0	3241.65420806571	581.2789684866331	0	0	0	0	28539977169427753e-21	26232455653090664e-22	0	0.029792949296636888	0.004974374417840803
170	4.7671321747275135	4.7671321747275135	4.7671321747275135	0	35.67705427426279	15.72166961594236	0	3241.6542080756462	581.2789684875124	0	0	0	0	28539977169273993e-21	26232455652747874e-22	0	0.029792949296692572	0.004974374417845777
171	4.7671321747275135	4.7671321747275135	4.7671321747275135	0	35.677054274269125	15.72166961594349	0	3241.654208081687	581.2789684880457	0	0	0	0	2853997716917862e-20	26232455652530898e-22	0	0.02979294929672524	0.004974374417848675
172	4.7671321747275135	4.7671321747275135	4.7671321747275135	0	35.67705427427149	15.721669615943917	0	3241.6542080838317	581.2789684882331	0	0	0	0	28539977169141636e-21	2623245565243973e-21	0	0.029792949296734893	0.0049743744178494965
173	4.7671321747275135	4.7671321747275135	4.7671321747275135	0	35.67705427426988	15.72166961594364	0	3241.654208082081	581.2789684880744	0	0	0	0	2853997716916304e-20	26232455652474375e-22	0	0.029792949296721532	0.004974374417848242
174	4.7671321747275135	4.7671321747275135	4.7671321747275135	0	35.67705427426429	15.721669615942659	0	3241.6542080764343	581.2789684875697	0	0	0	0	28539977169242826e-21	2623245565263483e-21	0	0.029792949296685158	0.004974374417844912
175	4.7671321747275135	4.7671321747275135	4.7671321747275135	0	35.67705427425473	15.721669615940973	0	3241.6542080668924	581.2789684867189	0	0	0	0	28539977169381e-18	26232455652921096e-22	0	0.02979294929662577	0.004974374417839505
176	4.7671321747275135	4.7671321747275135	4.7671321747275135	0	35.677054274241186	15.721669615938586	0	3241.654208053454	581.2789684855221	0	0	0	0	28539977169577563e-21	26232455653333174e-22	0	0.02979294929654337	0.004974374417832023
177	4.7671321747275135	4.7671321747275135	4.7671321747275135	0	35.67705427422367	15.721669615935493	0	3241.6542080361205	581.2789684839793	0	0	0	0	28539977169832513e-21	2623245565387106e-21	0	0.029792949296437953	0.004974374417822464
178	4.7671321747275135	4.7671321747275135	4.7671321747275135	0	35.67705427420218	15.721669615931697	0	3241.654208014891	581.2789684820905	0	0	0	0	28539977170145848e-21	26232455654534758e-22	0	0.029792949296309525	0.0049743744178108295
179	4.7671321747275135	4.7671321747275135	4.7671321747275135	0	35.67705427417671	15.721669615927198	0	3241.654207989766	581.2789684798556	0	0	0	0	28539977170517573e-21	2623245565532427e-21	0	0.02979294929615808	0.004974374417797118
180	4.7671321747275135	4.7671321747275135	4.7671321747275135	0	35.67705427414727	15.721669615921995	0	3241.6542079607448	581.2789684772747	0	0	0	0	28539977170947683e-21	2623245565623959e-21	0	0.029792949295983622	0.004974374417781331
181	4.7671321747275135	4.7671321747275135	4.7671321747275135	0	35.67705427411384	15.721669615916088	0	3241.654207927828	581.2789684743477	0	0	0	0	2853997717143618e-20	2623245565728072e-21	0	0.029792949295786148	0.004974374417763468
182	4.7671321747275135	4.7671321747275135	4.7671321747275135	0	35.67705427407645	15.721669615909478	0	3241.6542078910156	581.2789684710748	0	0	0	0	28539977171983065e-21	2623245565844766e-21	0	0.029792949295565665	0.004974374417743529
183	4.7671321747275135	4.7671321747275135	4.7671321747275135	0	35.67705427403507	15.721669615902165	0	3241.654207850307	581.2789684674558	0	0	0	0	28539977172588335e-21	26232455659740415e-22	0	0.02979294929532216	0.004974374417721514
184	4.7671321747275135	4.7671321747275135	4.7671321747275135	0	35.677054273989725	15.721669615894147	0	3241.654207805703	581.2789684634909	0	0	0	0	28539977173251995e-21	26232455661158975e-22	0	0.02979294929505565	0.004974374417697422
185	4.7671321747275135	4.7671321747275135	4.7671321747275135	0	35.6770542739404	15.721669615885427	0	3241.6542077572035	581.2789684591797	0	0	0	0	2853997717397404e-20	2623245566270335e-21	0	0.02979294929476612	0.0049743744176712545
186	4.7671321747275135	4.7671321747275135	4.7671321747275135	0	35.677054273887094	15.721669615876001	0	3241.6542077048084	581.2789684545227	0	0	0	0	28539977174754472e-21	26232455664373537e-22	0	0.02979294929445358	0.004974374417643011
187	4.7671321747275135	4.7671321747275135	4.7671321747275135	0	35.67705427382982	15.721669615865874	0	3241.654207648517	581.2789684495197	0	0	0	0	28539977175593293e-21	2623245566616953e-21	0	0.02979294929411802	0.004974374417612691
188	4.7671321747275135	4.7671321747275135	4.7671321747275135	0	35.67705427376857	15.721669615855042	0	3241.6542075883303	581.2789684441705	0	0	0	0	28539977176490497e-21	26232455668091338e-22	0	0.029792949293759453	0.004974374417580295
189	4.7671321747275135	4.7671321747275135	4.7671321747275135	0	35.677054273703334	15.721669615843506	0	3241.654207524248	581.2789684384753	0	0	0	0	28539977177446092e-21	26232455670138955e-22	0	0.029792949293377866	0.004974374417545824
190	4.7671321747275135	4.7671321747275135	4.7671321747275135	0	35.67705427363413	15.721669615831267	0	3241.6542074562694	581.2789684324341	0	0	0	0	28539977178460072e-21	26232455672312382e-22	0	0.02979294929297327	0.004974374417509276
191	4.7671321747275135	4.7671321747275135	4.7671321747275135	0	35.67705427356095	15.721669615818325	0	3241.6542073843952	581.278968426047	0	0	0	0	2853997717953244e-20	26232455674611624e-22	0	0.029792949292545657	0.004974374417470651
192	4.7671321747275135	4.7671321747275135	4.7671321747275135	0	35.67705427348379	15.721669615804677	0	3241.6542073086252	581.2789684193137	0	0	0	0	28539977180663195e-21	26232455677036675e-22	0	0.02979294929209503	0.004974374417429951
193	4.7671321747275135	4.7671321747275135	4.7671321747275135	0	35.67705427340265	15.721669615790328	0	3241.65420722896	581.2789684122345	0	0	0	0	28539977181852334e-21	26232455679587536e-22	0	0.02979294929162139	0.0049743744173871745
194	4.7671321747275135	4.7671321747275135	4.7671321747275135	0	35.677054273317545	15.721669615775273	0	3241.6542071453982	581.2789684048091	0	0	0	0	28539977183099865e-21	26232455682264206e-22	0	0.029792949291124735	0.004974374417342322
195	4.7671321747275135	4.7671321747275135	4.7671321747275135	0	35.67705427322846	15.721669615759517	0	3241.654207057941	581.2789683970378	0	0	0	0	2853997718440578e-20	26232455685066687e-22	0	0.029792949290605067	0.004974374417295394
196	4.7671321747275135	4.7671321747275135	4.7671321747275135	0	35.67705427313539	15.721669615743055	0	3241.6542069665884	581.2789683889205	0	0	0	0	28539977185770082e-21	2623245568799498e-21	0	0.029792949290062386	0.0049743744172463895
197	4.7671321747275135	4.7671321747275135	4.7671321747275135	0	35.67705427303835	15.72166961572589	0	3241.65420687134	581.2789683804571	0	0	0	0	28539977187192772e-21	26232455691049086e-22	0	0.02979294928949669	0.004974374417195309
198	4.7671321747275135	4.7671321747275135	4.7671321747275135	0	35.67705427293734	15.721669615708022	0	3241.6542067721957	581.2789683716477	0	0	0	0	2853997718867385e-20	26232455694229e-19	0	0.02979294928890798	0.004974374417142152
199	4.7671321747275135	4.7671321747275135	4.7671321747275135	0	35.67705427283234	15.72166961568945	0	3241.654206669156	581.2789683624923	0	0	0	0	2853997719021331e-20	2623245569753473e-21	0	0.029792949288296254	0.004974374417086919
200	4.7671321747275135	4.7671321747275135	4.7671321747275135	0	35.67705427278629	15.72166961568127	0	3241.654206625534	581.2789683586259	0	0	0	0	28539977190893408e-21	2623245569909841e-21	0	0.029792949288047016	0.004974374417064785
201	4.7671321747275135	4.7671321747275135	4.7671321747275135	0	35.67705427277515	15.721669615679248	0	3241.654206616963	581.2789683578787	0	0	0	0	28539977191064437e-21	26232455699619357e-22	0	0.02979294928801078	0.004974374417062061
202	4.7671321747275135	4.7671321747275135	4.7671321747275135	0	35.677054272764494	15.721669615677314	0	3241.6542066087623	581.2789683571639	0	0	0	0	28539977191228484e-21	26232455700116463e-22	0	0.029792949287976142	0.00497437441705945
203	4.7671321747275135	4.7671321747275135	4.7671321747275135	0	35.67705427275432	15.721669615675467	0	3241.654206600931	581.2789683564813	0	0	0	0	28539977191385554e-21	2623245570058973e-21	0	0.029792949287943103	0.004974374417056949
204	4.7671321747275135	4.7671321747275135	4.7671321747275135	0	35.67705427274463	15.721669615673708	0	3241.6542065934696	581.2789683558309	0	0	0	0	28539977191535645e-21	2623245570103916e-21	0	0.029792949287911662	0.00497437441705456
205	4.7671321747275135	4.7671321747275135	4.7671321747275135	0	35.67705427273542	15.721669615672036	0	3241.6542065863778	581.2789683552127	0	0	0	0	2853997719167876e-20	2623245570146475e-21	0	0.029792949287881818	0.004974374417052283
206	4.7671321747275135	4.7671321747275135	4.7671321747275135	0	35.67705427272669	15.721669615670452	0	3241.6542065796552	581.2789683546267	0	0	0	0	28539977191814892e-21	26232455701866497e-22	0	0.02979294928785357	0.004974374417050117
207	4.7671321747275135	4.7671321747275135	4.7671321747275135	0	35.67705427271845	15.721669615668956	0	3241.6542065733024	581.2789683540731	0	0	0	0	2853997719194405e-20	262324557022444e-20	0	0.02979294928782692	0.004974374417048062
208	4.7671321747275135	4.7671321747275135	4.7671321747275135	0	35.677054272710684	15.721669615667548	0	3241.6542065673193	581.2789683535516	0	0	0	0	28539977192066227e-21	2623245570259847e-21	0	0.02979294928780187	0.004974374417046118
209	4.7671321747275135	4.7671321747275135	4.7671321747275135	0	35.67705427270341	15.721669615666228	0	3241.654206561706	581.2789683530623	0	0	0	0	28539977192181427e-21	26232455702928698e-22	0	0.02979294928777841	0.004974374417044286
210	4.7671321747275135	4.7671321747275135	4.7671321747275135	0	35.677054272696616	15.721669615664995	0	3241.654206556462	581.2789683526053	0	0	0	0	28539977192289644e-21	26232455703235086e-22	0	0.029792949287756554	0.0049743744170425664
211	4.7671321747275135	4.7671321747275135	4.7671321747275135	0	35.677054272690306	15.72166961566385	0	3241.6542065515882	581.2789683521805	0	0	0	0	28539977192390888e-21	2623245570351763e-21	0	0.029792949287736292	0.0049743744170409575
212	4.7671321747275135	4.7671321747275135	4.7671321747275135	0	35.67705427268448	15.721669615662792	0	3241.6542065470835	581.278968351788	0	0	0	0	2853997719248515e-20	2623245570377634e-21	0	0.02979294928771763	0.00497437441703946
213	4.7671321747275135	4.7671321747275135	4.7671321747275135	0	35.677054272679136	15.721669615661822	0	3241.6542065429485	581.2789683514277	0	0	0	0	28539977192572434e-21	26232455704011206e-22	0	0.029792949287700564	0.0049743744170380735
214	4.7671321747275135	4.7671321747275135	4.7671321747275135	0	35.677054272674276	15.72166961566094	0	3241.654206539183	581.2789683510996	0	0	0	0	2853997719265274e-20	2623245570422223e-21	0	0.029792949287685097	0.004974374417036799
215	4.7671321747275135	4.7671321747275135	4.7671321747275135	0	35.6770542726699	15.721669615660145	0	3241.6542065357876	581.2789683508037	0	0	0	0	28539977192726065e-21	2623245570440942e-21	0	0.029792949287671226	0.004974374417035636
216	4.7671321747275135	4.7671321747275135	4.7671321747275135	0	35.677054272666005	15.721669615659438	0	3241.6542065327617	581.27896835054	0	0	0	0	28539977192792415e-21	26232455704572767e-22	0	0.02979294928765895	0.004974374417034584
217	4.7671321747275135	4.7671321747275135	4.7671321747275135	0	35.677054272662595	15.72166961565882	0	3241.654206530105	581.2789683503087	0	0	0	0	28539977192851785e-21	26232455704712274e-22	0	0.029792949287648276	0.004974374417033644
218	4.7671321747275135	4.7671321747275135	4.7671321747275135	0	35.67705427265967	15.721669615658287	0	3241.6542065278186	581.2789683501095	0	0	0	0	28539977192904176e-21	2623245570482794e-21	0	0.029792949287639196	0.004974374417032815
219	4.7671321747275135	4.7671321747275135	4.7671321747275135	0	35.67705427265722	15.721669615657845	0	3241.6542065259014	581.2789683499426	0	0	0	0	2853997719294959e-20	26232455704919767e-22	0	0.029792949287631713	0.004974374417032097
220	4.7671321747275135	4.7671321747275135	4.7671321747275135	0	35.677054272655255	15.721669615657488	0	3241.654206524354	581.2789683498079	0	0	0	0	28539977192988026e-21	26232455704987754e-22	0	0.02979294928762583	0.004974374417031491
221	4.7671321747275135	4.7671321747275135	4.7671321747275135	0	35.67705427265378	15.72166961565722	0	3241.654206523176	581.2789683497055	0	0	0	0	2853997719301948e-20	262324557050319e-20	0	0.029792949287621544	0.004974374417030997
222	4.7671321747275135	4.7671321747275135	4.7671321747275135	0	35.67705427265278	15.72166961565704	0	3241.6542065223675	581.2789683496352	0	0	0	0	28539977193043957e-21	26232455705052205e-22	0	0.02979294928761885	0.004974374417030613
223	4.7671321747275135	4.7671321747275135	4.7671321747275135	0	35.67705427265227	15.721669615656948	0	3241.654206521929	581.2789683495972	0	0	0	0	28539977193061457e-21	26232455705048673e-22	0	0.02979294928761776	0.004974374417030342
224	4.7671321747275135	4.7671321747275135	4.7671321747275135	0	35.67705427265224	15.721669615656943	0	3241.65420652186	581.2789683495914	0	0	0	0	28539977193071977e-21	26232455705021297e-22	0	0.029792949287618265	0.004974374417030181
225	4.7671321747275135	4.7671321747275135	4.7671321747275135	0	35.6770542726527	15.721669615657024	0	3241.6542065221606	581.2789683496179	0	0	0	0	28539977193075517e-21	26232455704970085e-22	0	0.029792949287620368	0.004974374417030133
226	4.7671321747275135	4.7671321747275135	4.7671321747275135	0	35.677054272653635	15.721669615657195	0	3241.654206522831	581.2789683496766	0	0	0	0	2853997719307208e-20	2623245570489503e-21	0	0.029792949287624066	0.004974374417030195
227	4.7671321747275135	4.7671321747275135	4.7671321747275135	0	35.677054272655056	15.721669615657452	0	3241.654206523871	581.2789683497675	0	0	0	0	28539977193061663e-21	2623245570479614e-21	0	0.029792949287629364	0.004974374417030369
228	4.7671321747275135	4.7671321747275135	4.7671321747275135	0	35.67705427265696	15.721669615657799	0	3241.6542065252806	581.2789683498906	0	0	0	0	2853997719304427e-20	26232455704673403e-22	0	0.029792949287636258	0.004974374417030654
229	4.7671321747275135	4.7671321747275135	4.7671321747275135	0	35.67705427265934	15.721669615658232	0	3241.6542065270596	581.2789683500461	0	0	0	0	28539977193019898e-21	2623245570452683e-21	0	0.02979294928764475	0.004974374417031051
230	4.7671321747275135	4.7671321747275135	4.7671321747275135	0	35.67705427266221	15.721669615658753	0	3241.6542065292083	581.2789683502338	0	0	0	0	28539977192988547e-21	26232455704356414e-22	0	0.02979294928765484	0.00497437441703156
231	4.7671321747275135	4.7671321747275135	4.7671321747275135	0	35.677054272665565	15.721669615659362	0	3241.654206531727	581.2789683504535	0	0	0	0	28539977192950217e-21	2623245570416216e-21	0	0.029792949287666525	0.004974374417032179
232	4.7671321747275135	4.7671321747275135	4.7671321747275135	0	35.6770542726694	15.721669615660058	0	3241.6542065346152	581.2789683507057	0	0	0	0	28539977192904908e-21	26232455703944066e-22	0	0.02979294928767981	0.00497437441703291
233	4.7671321747275135	4.7671321747275135	4.7671321747275135	0	35.67705427267372	15.721669615660844	0	3241.6542065378726	581.27896835099	0	0	0	0	2853997719285262e-20	2623245570370213e-21	0	0.02979294928769469	0.004974374417033752
234	4.7671321747275135	4.7671321747275135	4.7671321747275135	0	35.677054272678525	15.721669615661716	0	3241.6542065415	581.2789683513065	0	0	0	0	28539977192793354e-21	2623245570343636e-21	0	0.02979294928771117	0.004974374417034706
235	4.7671321747275135	4.7671321747275135	4.7671321747275135	0	35.67705427268381	15.721669615662675	0	3241.654206545497	581.2789683516553	0	0	0	0	2853997719272711e-20	2623245570314674e-21	0	0.029792949287729246	0.004974374417035772
236	4.7671321747275135	4.7671321747275135	4.7671321747275135	0	35.67705427268958	15.721669615663721	0	3241.654206549864	581.2789683520363	0	0	0	0	28539977192653888e-21	26232455702833288e-22	0	0.029792949287748918	0.0049743744170369485
237	4.7671321747275135	4.7671321747275135	4.7671321747275135	0	35.67705427269583	15.721669615664856	0	3241.6542065546	581.2789683524495	0	0	0	0	28539977192573684e-21	2623245570249599e-21	0	0.02979294928777019	0.004974374417038237
238	4.7671321747275135	4.7671321747275135	4.7671321747275135	0	35.67705427270256	15.72166961566608	0	3241.654206559706	581.278968352895	0	0	0	0	28539977192486504e-21	2623245570213486e-21	0	0.029792949287793056	0.0049743744170396365
239	4.7671321747275135	4.7671321747275135	4.7671321747275135	0	35.67705427270978	15.721669615667391	0	3241.654206565181	581.2789683533728	0	0	0	0	28539977192392348e-21	2623245570174988e-21	0	0.029792949287817522	0.004974374417041147
240	4.7671321747275135	4.7671321747275135	4.7671321747275135	0	35.677054272717484	15.72166961566879	0	3241.6542065710264	581.2789683538826	0	0	0	0	2853997719229121e-20	26232455701341066e-22	0	0.029792949287843585	0.00497437441704277
