0	4.7671321747275135	4.7671321747275135	4.7671321747275135	0	0	0	0	0	0	0	0	0	0	0	0	0	0	0
1	4.7671321747275135	4.7671321747275135	4.7671321747275135	0	0	0	0	0	0	0	0	0	0	0	0	0	0	0
2	4.7671321747275135	4.7671321747275135	4.7671321747275135	0	0	0	0	0	0	0	0	0	0	0	0	0	0	0
3	4.7671321747275135	4.7671321747275135	4.7671321747275135	0	0	0	0	0	0	0	0	0	0	0	0	0	0	0
4	4.7671321747275135	4.7671321747275135	4.7671321747275135	0	0	0	0	0	0	0	0	0	0	0	0	0	0	0
5	4.7671321747275135	4.7671321747275135	4.7671321747275135	0	0	0	0	0	0	0	0	0	0	0	0	0	0	0
6	4.7671321747275135	4.7671321747275135	4.7671321747275135	0	0	0	0	0	0	0	0	0	0	0	0	0	0	0
7	4.7671321747275135	4.7671321747275135	4.7671321747275135	0	0	0	0	0	0	0	0	0	0	0	0	0	0	0
8	4.7671321747275135	4.7671321747275135	4.7671321747275135	0	0	0	0	0	0	0	0	0	0	0	0	0	0	0
9	4.7671321747275135	4.7671321747275135	4.7671321747275135	0	0	0	0	0	0	0	0	0	0	0	0	0	0	0
10	4.7671321747275135	4.7671321747275135	4.7671321747275135	0	0	0	0	0	0	0	0	0	0	0	0	0	0	0
11	4.7671321747275135	4.7671321747275135	4.7671321747275135	0	0	0	0	0	0	0	0	0	0	0	0	0	0	0
12	4.767132174727513	4.767132174727515	4.7671321747275135	45.59033849385675	50.646202904140196	21.118872713013772	4076.108403761223	3731.407515537674	643.0608952387427	0	0	0	0	0.9929625932859111	0.003162207379163408	0	94.22032278623838	-1.0713668481849388
13	4.7671321747275135	4.7671321747275135	4.7671321747275135	45.59161011818357	50.99028716910617	21.165778254677942	4717.333489464641	4519.06079153792	765.4154524311949	0	0	0	0	0.8549631875119109	0.0017138750721890832	0	81.5955057230965	-0.06505861468000855
14	4.7671321747275135	4.7671321747275135	4.7671321747275135	45.59161014885353	51.02318277644231	21.170174510725236	4794.992908961198	4621.2433346865055	780.6028309781885	0	0	0	0	0.841235324047355	0.0015222241028647623	0	77.25610461874145	0.04295932486380562
15	4.7671321747275135	4.7671321747275135	4.7671321747275135	45.59161014885388	51.02712221196128	21.170708204237126	4804.368257748179	4634.340132557833	782.4779638347918	0	0	0	0	0.8396062867146139	0.001492025756867756	0	76.41589276193729	0.05391799598454624
16	4.7671321747275135	4.7671321747275135	4.7671321747275135	45.59161014885389	51.0276026305234	21.170774296946526	4805.4901867031585	4636.0007929460435	782.707544823239	0	0	0	0	0.839410275751304	0.0014874225628978093	0	76.27697201108882	0.05490235234006582
17	4.7671321747275135	4.7671321747275135	4.7671321747275135	45.59161014885388	51.02765853569953	21.1707821067163	4805.618926819064	4636.2030778794915	782.7345500981411	0	0	0	0	0.8393877672154274	0.0014867711920298838	0	76.25627561502394	0.05496515918793692
18	4.7671321747275135	4.7671321747275135	4.7671321747275135	45.59161014885388	51.02766469794874	21.170782983418366	4805.632457485028	4636.225772088736	782.7374704562113	0	0	0	0	0.8393853308265005	0.0014866869797502355	0	76.25352684067606	0.05496447939881958
19	4.7671321747275135	4.7671321747275135	4.7671321747275135	45.59161014885388	51.027665305378456	21.170783072262275	4805.633786391427	4636.22827070472	782.7377728862007	0	0	0	0	0.8393850962029322	0.0014866760022025393	0	76.25315002577078	0.05496287933895854
20	4.7671321747275135	4.7671321747275135	4.7671321747275135	45.59161014885389	51.02766522948568	21.17078306160737	4805.6335526902785	4636.227862556669	782.7377215671012	0	0	0	0	0.8393851273719515	0.0014866774849229252	0	76.25320426759451	0.05496292961624456
21	4.7671321747275135	4.7671321747275135	4.7671321747275135	45.59161014885388	51.027665151640605	21.170783050299647	4805.6333856001165	4636.227562772137	782.7376844010231	0	0	0	0	0.8393851575399858	0.0014866787356174577	0	76.25324612187329	0.054963022185188296
22	4.7671321747275135	4.7671321747275135	4.7671321747275135	45.59161014885388	51.02766510490367	21.170783043503913	4805.633286286898	4636.227384003764	782.73766227583	0	0	0	0	0.8393851756254715	0.0014866794866564886	0	76.25327122379232	0.05496308103926968
23	4.7671321747275135	4.7671321747275135	4.7671321747275135	45.59161014885388	51.02766508927485	21.17078304122017	4805.633254750623	4636.22732625155	782.7376551915218	0	0	0	0	0.839385181628409	0.0014866797380400176	0	76.25327957335162	0.05496310617848873
24	4.7671321747275135	4.7671321747275135	4.7671321747275135	45.59161014885388	51.02766510475416	21.17078304344841	4805.633290991292	4636.227389515493	782.7376631480984	0	0	0	0	0.8393851755487982	0.0014866794897680448	0	76.25327117055114	0.05496309760284542
25	4.7671321747275135	4.7671321747275135	4.7671321747275135	45.59161014885388	51.027665138831026	21.170783048380493	4805.6333666918035	4636.227523705351	782.7376798894609	0	0	0	0	0.8393851622727588	0.0014866789439299279	0	76.25325283405988	0.05496306636374874
26	4.7671321747275135	4.7671321747275135	4.7671321747275135	45.59161014885388	51.02766514622918	21.17078304946217	4805.633381118408	4636.227549900635	782.737683116954	0	0	0	0	0.8393851594391104	0.0014866788298763649	0	76.2532491012384	0.0549630564954654
27	4.7671321747275135	4.7671321747275135	4.7671321747275135	45.59161014885388	51.02766515307698	21.17078305046342	4805.633394465215	4636.227574137344	782.7376861030024	0	0	0	0	0.8393851568164967	0.0014866787243257315	0	76.25324564703347	0.0549630473534039
28	4.7671321747275135	4.7671321747275135	4.7671321747275135	45.59161014885388	51.027665159374415	21.170783051384255	4805.633406732226	4636.22759641548	782.737688847606	0	0	0	0	0.8393851544049178	0.001486678627278028	0	76.25324247144508	0.05496303893756422
29	4.7671321747275135	4.7671321747275135	4.7671321747275135	45.59161014885389	51.0276651651215	21.170783052224667	4805.63341791944	4636.22761673504	782.7376913507651	0	0	0	0	0.8393851522043737	0.0014866785387332544	0	76.25323957447321	0.054963031247946374
30	4.7671321747275135	4.7671321747275135	4.7671321747275135	45.59161014885389	51.02766517031822	21.170783052984657	4805.6334280268575	4636.227635096027	782.7376936124793	0	0	0	0	0.8393851502148643	0.0014866784586914103	0	76.2532369561179	0.054963024284550355
31	4.7671321747275135	4.7671321747275135	4.7671321747275135	45.59161014885389	51.02766517496458	21.170783053664227	4805.633437054478	4636.2276514984405	782.7376956327489	0	0	0	0	0.8393851484363896	0.001486678387152496	0	76.25323461637913	0.05496301804737617
32	4.7671321747275135	4.7671321747275135	4.7671321747275135	45.59161014885389	51.02766517906059	21.170783054263374	4805.633445002302	4636.22766594228	782.7376974115738	0	0	0	0	0.8393851468689496	0.0014866783241165116	0	76.2532325552569	0.05496301253642381
33	4.7671321747275135	4.7671321747275135	4.7671321747275135	45.59161014885389	51.027665182606235	21.170783054782103	4805.63345187033	4636.227678427545	782.737698948954	0	0	0	0	0.8393851455125445	0.0014866782695834569	0	76.25323077275121	0.05496300775169327
34	4.7671321747275135	4.7671321747275135	4.7671321747275135	45.59161014885389	51.02766518560152	21.170783055220408	4805.6334576585605	4636.227688954235	782.7377002448893	0	0	0	0	0.839385144367174	0.0014866782235533318	0	76.25322926886206	0.05496300369318457
35	4.7671321747275135	4.7671321747275135	4.7671321747275135	45.59161014885389	51.027665188046456	21.170783055578294	4805.6334623669945	4636.227697522352	782.7377012993801	0	0	0	0	0.8393851434328384	0.0014866781860261365	0	76.25322804358944	0.0549630003608977
36	4.7671321747275135	4.7671321747275135	4.7671321747275135	45.59161014885389	51.027665189941025	21.170783055855757	4805.633465995632	4636.227704131895	782.7377021124261	0	0	0	0	0.8393851427095375	0.001486678157001871	0	76.25322709693336	0.054962997754832654
37	4.7671321747275135	4.7671321747275135	4.7671321747275135	45.59161014885389	51.02766519128524	21.1707830560528	4805.633468544473	4636.227708782863	782.7377026840275	0	0	0	0	0.8393851421972713	0.0014866781364805354	0	76.25322642889383	0.054962995874989436
38	4.7671321747275135	4.7671321747275135	4.7671321747275135	45.59161014885389	51.0276651920791	21.170783056169423	4805.633470013517	4636.227711475258	782.737703014184	0	0	0	0	0.8393851418960399	0.0014866781244621294	0	76.25322603947083	0.05496299472136805
39	4.7671321747275135	4.7671321747275135	4.7671321747275135	45.59161014885389	51.027665192322594	21.17078305620562	4805.633470402763	4636.227712209078	782.7377031028959	0	0	0	0	0.8393851418058432	0.001486678120946653	0	76.25322592866439	0.05496299429396849
40	4.7671321747275135	4.7671321747275135	4.7671321747275135	45.59161014885389	51.02766519201573	21.1707830561614	4805.633469712214	4636.227710984324	782.7377029501631	0	0	0	0	0.8393851419266812	0.0014866781259341066	0	76.25322609647448	0.05496299459279076
41	4.7671321747275135	4.7671321747275135	4.7671321747275135	45.59161014885389	51.02766519115851	21.17078305603676	4805.633467941868	4636.2277078009965	782.7377025559856	0	0	0	0	0.8393851422585541	0.0014866781394244897	0	76.2532265429011	0.05496299561783486
42	4.7671321747275135	4.7671321747275135	4.7671321747275135	45.59161014885388	51.027665189750934	21.1707830558317	4805.633465091725	4636.227702659095	782.7377019203633	0	0	0	0	0.8393851428014617	0.0014866781614178027	0	76.25322726794427	0.05496299736910079
43	4.7671321747275135	4.7671321747275135	4.7671321747275135	45.59161014885388	51.027665187793	21.170783055546213	4805.633461161786	4636.2276955586185	782.7377010432964	0	0	0	0	0.8393851435554041	0.0014866781919140456	0	76.25322827160397	0.05496299984658855
44	4.7671321747275135	4.7671321747275135	4.7671321747275135	45.59161014885388	51.027665185284704	21.17078305518031	4805.63345615205	4636.227686499568	782.7376999247848	0	0	0	0	0.839385144520381	0.001486678230913218	0	76.25322955388022	0.05496300305029813
45	4.7671321747275135	4.7671321747275135	4.7671321747275135	45.59161014885388	51.02766518222605	21.17078305473398	4805.633450062517	4636.227675481944	782.7376985648284	0	0	0	0	0.8393851456963929	0.0014866782784153203	0	76.25323111477302	0.054963006980229545
46	4.7671321747275135	4.7671321747275135	4.7671321747275135	45.59161014885388	51.02766517861704	21.170783054207234	4805.633442893188	4636.227662505747	782.7376969634273	0	0	0	0	0.8393851470834395	0.0014866783344203523	0	76.25323295428234	0.05496301163638279
47	4.7671321747275135	4.7671321747275135	4.7671321747275135	45.59161014885388	51.027665174457674	21.170783053600065	4805.633434644062	4636.227647570974	782.7376951205816	0	0	0	0	0.8393851486815208	0.001486678398928314	0	76.2532350724082	0.054963017018757866
48	4.7671321747275135	4.7671321747275135	4.7671321747275135	45.591610148853874	51.02766516974795	21.170783052912476	4805.633425315139	4636.2276306776275	782.7376930362911	0	0	0	0	0.8393851504906369	0.0014866784719392056	0	76.2532374691506	0.054963023127354765
49	4.7671321747275135	4.7671321747275135	4.7671321747275135	45.59161014885388	51.02766516882743	21.170783052775867	4805.633423861992	4636.227627981593	782.7376927077138	0	0	0	0	0.8393851508314817	0.0014866784847148836	0	76.25323786625961	0.05496302443633686
50	4.7671321747275135	4.7671321747275135	4.7671321747275135	45.59161014885388	51.02766516808084	21.17078305266476	4805.633422735525	4636.227625880045	782.7376924523004	0	0	0	0	0.8393851511061452	0.0014866784948678953	0	76.25323817836795	0.05496302551534296
51	4.7671321747275135	4.7671321747275135	4.7671321747275135	45.59161014885389	51.027665167394275	21.170783052562584	4805.6334216994765	4636.227623946985	782.7376922173765	0	0	0	0	0.8393851513587427	0.0014866785042070652	0	76.25323846549838	0.054963026508925254
52	4.7671321747275135	4.7671321747275135	4.7671321747275135	45.591610148853896	51.02766516676775	21.17078305246934	4805.6334207538475	4636.227622182413	782.7376920029421	0	0	0	0	0.8393851515892744	0.001486678512732393	0	76.25323872765088	0.05496302741708373
53	4.7671321747275135	4.7671321747275135	4.7671321747275135	45.591610148853896	51.02766516620125	21.17078305238503	4805.633419898637	4636.227620586331	782.7376918089972	0	0	0	0	0.8393851517977402	0.0014866785204438787	0	76.25323896482546	0.0549630282398184
54	4.7671321747275135	4.7671321747275135	4.7671321747275135	45.5916101488539	51.027665165694785	21.170783052309652	4805.633419133846	4636.227619158737	782.7376916355416	0	0	0	0	0.83938515198414	0.0014866785273415224	0	76.2532391770221	0.05496302897712926
55	4.7671321747275135	4.7671321747275135	4.7671321747275135	45.5916101488539	51.02766516524835	21.170783052243205	4805.633418459474	4636.227617899633	782.7376914825755	0	0	0	0	0.8393851521484739	0.0014866785334253243	0	76.25323936424083	0.0549630296290163
56	4.7671321747275135	4.7671321747275135	4.7671321747275135	45.5916101488539	51.02766516486195	21.170783052185694	4805.633417875521	4636.227616809017	782.7376913500988	0	0	0	0	0.8393851522907418	0.001486678538695284	0	76.25323952648162	0.05496303019547953
57	4.7671321747275135	4.7671321747275135	4.7671321747275135	45.5916101488539	51.027665164535584	21.170783052137114	4805.633417381987	4636.22761588689	782.7376912381116	0	0	0	0	0.8393851524109438	0.0014866785431514019	0	76.2532396637445	0.054963030676518955
58	4.7671321747275135	4.7671321747275135	4.7671321747275135	45.5916101488539	51.027665164269244	21.17078305209747	4805.633416978872	4636.227615133252	782.7376911466138	0	0	0	0	0.83938515250908	0.0014866785467936776	0	76.25323977602945	0.054963031072134565
59	4.7671321747275135	4.7671321747275135	4.7671321747275135	45.5916101488539	51.02766516406294	21.170783052066753	4805.633416666176	4636.227614548102	782.7376910756054	0	0	0	0	0.8393851525851501	0.0014866785496221115	0	76.25323986333647	0.05496303138232636
60	4.7671321747275135	4.7671321747275135	4.7671321747275135	45.5916101488539	51.027665163916666	21.170783052044975	4805.6334164439	4636.227614131441	782.7376910250865	0	0	0	0	0.8393851526391544	0.0014866785516367033	0	76.25323992566557	0.05496303160709434
61	4.7671321747275135	4.7671321747275135	4.7671321747275135	45.5916101488539	51.02766516383043	21.170783052032125	4805.633416312043	4636.227613883269	782.737690995057	0	0	0	0	0.8393851526710927	0.001486678552837453	0	76.25323996301675	0.05496303174643852
62	4.7671321747275135	4.7671321747275135	4.7671321747275135	45.5916101488539	51.027665163804215	21.17078305202821	4805.633416270604	4636.227613803586	782.737690985517	0	0	0	0	0.8393851526809651	0.0014866785532243608	0	76.25323997539	0.05496303180035888
63	4.7671321747275135	4.7671321747275135	4.7671321747275135	45.5916101488539	51.02766516383804	21.170783052033226	4805.633416319584	4636.227613892392	782.7376909964664	0	0	0	0	0.8393851526687717	0.0014866785527974267	0	76.25323996278533	0.05496303176885543
64	4.7671321747275135	4.7671321747275135	4.7671321747275135	45.591610148853896	51.02766516393189	21.170783052047177	4805.633416458984	4636.227614149687	782.7376910279053	0	0	0	0	0.8393851526345122	0.0014866785515566506	0	76.25323992520272	0.05496303165192817
65	4.7671321747275135	4.7671321747275135	4.7671321747275135	45.591610148853896	51.027665164085775	21.17078305207006	4805.633416688803	4636.22761457547	782.7376910798336	0	0	0	0	0.8393851525781869	0.0014866785495020324	0	76.2532398626422	0.05496303144957709
66	4.7671321747275135	4.7671321747275135	4.7671321747275135	45.59161014885389	51.02766516429969	21.17078305210188	4805.633417009041	4636.227615169742	782.7376911522513	0	0	0	0	0.8393851524997956	0.0014866785466335721	0	76.25323977510375	0.05496303116180221
67	4.7671321747275135	4.7671321747275135	4.7671321747275135	45.59161014885389	51.02766516457364	21.170783052142628	4805.633417419698	4636.227615932503	782.7376912451585	0	0	0	0	0.8393851523993384	0.00148667854295127	0	76.25323966258738	0.05496303078860351
68	4.7671321747275135	4.7671321747275135	4.7671321747275135	45.59161014885388	51.027665164907624	21.17078305219231	4805.633417920773	4636.227616863754	782.7376913585551	0	0	0	0	0.8393851522768152	0.0014866785384551257	0	76.25323952509308	0.054963030329981004
69	4.7671321747275135	4.7671321747275135	4.7671321747275135	45.591610148853874	51.027665165301634	21.170783052250922	4805.633418512269	4636.227617963492	782.7376914924412	0	0	0	0	0.8393851521322262	0.0014866785331451395	0	76.25323936262085	0.05496302978593468
70	4.7671321747275135	4.7671321747275135	4.7671321747275135	45.591610148853874	51.027665165755685	21.17078305231847	4805.633419194183	4636.2276192317195	782.7376916468166	0	0	0	0	0.8393851519655712	0.0014866785270213115	0	76.2532391751707	0.05496302915646455
71	4.7671321747275135	4.7671321747275135	4.7671321747275135	45.59161014885387	51.02766516626976	21.17078305239495	4805.633419966516	4636.2276206684355	782.7376918216816	0	0	0	0	0.8393851517768502	0.0014866785200836413	0	76.25323896274263	0.05496302844157061
72	4.7671321747275135	4.7671321747275135	4.7671321747275135	45.59161014885387	51.02766516626976	21.17078305239495	4805.633419966516	4636.2276206684355	782.7376918216816	0	0	0	0	0.8393851517768502	0.0014866785200836413	0	76.25323896274263	0.05496302844157061
73	4.7671321747275135	4.7671321747275135	4.7671321747275135	0.0012447970009950007	50.056506558977716	20.806442059305084	729.4257344730353	4599.097937568491	777.0611584833173	0	0	0	0	2.158230734799906	0.0026588603892245253	0	137.16794791230438	0.07165036358599078
74	4.7671321747275135	4.767132174727514	4.7671321747275135	0	44.99037482404133	18.934960018300913	88.29224879713298	4321.2208251567745	735.062138771831	0	0	0	0	-0.40075425459326297	0.004517089845999226	0	118.23999114452587	0.15588810648459356
75	4.7671321747275135	4.7671321747275135	4.7671321747275135	0	38.24769574930532	16.54608544184752	10.68196961303085	3732.624137424358	648.6424461632176	0	0	0	0	-4.028201165048688	-0.015351936915580917	0	-283.3419755028694	-0.21970183846289637
76	4.7671321747275135	4.7671321747275135	4.7671321747275135	0	36.096498928334064	15.843859197640938	1.2918613545379405	3372.0881756318513	598.2455476821957	0	0	0	0	-1.27247882041545	-0.017584044553927182	0	-204.06494236467836	-0.660684326236824
77	4.7671321747275135	4.7671321747275135	4.7671321747275135	0	35.73743189226024	15.737866477179152	0.15567636012457348	3268.100590178001	584.5413266327322	0	0	0	0	-0.2382533366297824	-0.006185512594304219	0	-62.506031238618185	-0.3925606348986696
78	4.7671321747275135	4.7671321747275135	4.7671321747275135	0	35.68546391605731	15.723782897454361	0.018662454464726568	3246.34545364358	581.8305318321851	0	0	0	0	-0.03832912431666024	-0.0014441843490047121	0	-13.992747606200133	-0.13193960896616175
79	4.7671321747275135	4.7671321747275135	4.7671321747275135	0	35.678199601757214	15.721942710655759	0.002207558768502485	3242.4208477458224	581.3652903760958	0	0	0	0	-0.0057200383274768184	-0.00028011217030688926	0	-2.6687121609322624	-0.033511370424789806
80	4.7671321747275135	4.7671321747275135	4.7671321747275135	0	35.677205806751466	15.721704192552636	0.0002535367114291601	3241.7713579962897	581.2916468518434	0	0	0	0	-0.0008033488166617651	-48358801188424523e-21	0	-0.45642164553035713	-0.007171634356441133
81	4.7671321747275135	4.7671321747275135	4.7671321747275135	0	35.677073263659516	15.72167378933636	27394720758370887e-21	3241.670833034414	581.2807010393225	0	0	0	0	-0.00010439138627598846	-7541931202308574e-21	0	-0.07070979595031965	-0.0013464815809993056
82	4.7671321747275135	4.7671321747275135	4.7671321747275135	0	35.67705627408094	15.721670037777777	23513665562580828e-22	3241.6561765473066	581.2791651000915	0	0	0	0	-11105886798192309e-21	0	0	-0.009051866624271774	-0.00021051308647103152
83	4.7671321747275135	4.7671321747275135	4.7671321747275135	0	35.67705427555677	15.721669615035111	0	3241.6542532808103	581.278971472085	0	0	0	0	0	0	0	-0.00031142495198961076	-1588608371263914e-20
84	4.7671321747275135	4.7671321747275135	4.7671321747275135	0	35.67705429984667	15.721669623919812	0	3241.6541985083745	581.2789678245053	0	0	0	0	0	0	0	59162078095759216e-21	20994407888616975e-22
85	4.7671321747275135	4.7671321747275135	4.7671321747275135	0	35.67705427797257	15.721669617653072	0	3241.6541927240464	581.2789674421789	0	0	0	0	0	0	0	9407815961036457e-20	4446755810283792e-21
86	4.7671321747275135	4.7671321747275135	4.7671321747275135	0	35.67705427227494	15.721669615749862	0	3241.6541998374905	581.2789679112069	0	0	0	0	0	0	0	4523885087009682e-20	22117057119045562e-22
87	4.7671321747275135	4.7671321747275135	4.7671321747275135	0	35.67705427192234	15.721669615502805	0	3241.654204394424	581.2789682097136	0	0	0	0	0	0	0	14437558102651385e-21	0
88	4.7671321747275135	4.7671321747275135	4.7671321747275135	0	35.67705427166947	15.721669615310267	0	3241.6542081485327	581.27896845569	0	0	0	0	0	0	0	-10925715529614232e-21	0
89	4.7671321747275135	4.7671321747275135	4.7671321747275135	0	35.677054271516326	15.721669615172253	0	3241.654211099817	581.278968649136	0	0	0	0	0	0	0	-3085097002670004e-20	-14366428040480824e-22
90	4.7671321747275135	4.7671321747275135	4.7671321747275135	0	35.67705427146291	15.72166961508876	0	3241.654213248276	581.2789687900516	0	0	0	0	0	0	0	-453382053886061e-19	-21351262147291028e-22
91	4.7671321747275135	4.7671321747275135	4.7671321747275135	0	35.67705427150922	15.721669615059792	0	3241.6542145939106	581.2789688784369	0	0	0	0	0	0	0	-5438742161533228e-20	-25747932447585273e-22
92	4.7671321747275135	4.7671321747275135	4.7671321747275135	0	35.677054271655265	15.721669615085343	0	3241.6542151367203	581.2789689142918	0	0	0	0	0	0	0	-5799861870687867e-20	-27556438941363542e-22
93	4.7671321747275135	4.7671321747275135	4.7671321747275135	0	35.677054271901035	15.721669615165416	0	3241.6542148767053	581.2789688976163	0	0	0	0	0	0	0	-56171796663245235e-21	-2677678162862586e-21
94	4.7671321747275135	4.7671321747275135	4.7671321747275135	0	35.67705427224653	15.721669615300012	0	3241.654213813865	581.2789688284106	0	0	0	0	0	0	0	-48906955484432035e-21	-23408960509372214e-22
95	4.7671321747275135	4.7671321747275135	4.7671321747275135	0	35.677054272691755	15.721669615489128	0	3241.6542119482006	581.2789687066744	0	0	0	0	0	0	0	-36204095170439e-18	-17452975583602608e-22
96	4.7671321747275135	4.7671321747275135	4.7671321747275135	0	35.67705427323671	15.721669615732768	0	3241.6542092797113	581.2789685324078	0	0	0	0	0	0	0	-180632157212662e-19	0
97	4.7671321747275135	4.7671321747275135	4.7671321747275135	0	35.67705427339242	15.721669615815316	0	3241.654208111045	581.27896845597	0	0	0	0	0	0	0	-1014341354042925e-20	0
98	4.7671321747275135	4.7671321747275135	4.7671321747275135	0	35.67705427332432	15.721669615800582	0	3241.6542079517226	581.278968445426	0	0	0	0	0	0	0	-9090529166131675e-21	0
99	4.7671321747275135	4.7671321747275135	4.7671321747275135	0	35.677054273258	15.721669615786233	0	3241.6542077966033	581.27896843516	0	0	0	0	0	0	0	-8065437520041909e-21	0
100	4.7671321747275135	4.7671321747275135	4.7671321747275135	0	35.67705427319345	15.721669615772267	0	3241.6542076456867	581.278968425172	0	0	0	0	0	0	0	-70681386021599505e-22	0
101	4.7671321747275135	4.7671321747275135	4.7671321747275135	0	35.67705427313068	15.721669615758685	0	3241.6542074989734	581.278968415462	0	0	0	0	0	0	0	-6098632412485801e-21	0
102	4.7671321747275135	4.7671321747275135	4.7671321747275135	0	35.67705427306968	15.721669615745487	0	3241.6542073564638	581.2789684060301	0	0	0	0	0	0	0	-5156918951019458e-21	0
103	4.7671321747275135	4.7671321747275135	4.7671321747275135	0	35.677054273010455	15.72166961573267	0	3241.654207218157	581.2789683968763	0	0	0	0	0	0	0	-4242998217760926e-21	0
104	4.7671321747275135	4.7671321747275135	4.7671321747275135	0	35.677054272953015	15.72166961572024	0	3241.6542070840533	581.2789683880005	0	0	0	0	0	0	0	-3356870212710199e-21	0
105	4.7671321747275135	4.7671321747275135	4.7671321747275135	0	35.677054272897344	15.72166961570819	0	3241.6542069541524	581.2789683794028	0	0	0	0	0	0	0	-2498534935867282e-21	0
106	4.7671321747275135	4.7671321747275135	4.7671321747275135	0	35.67705427284345	15.721669615696525	0	3241.6542068284552	581.2789683710831	0	0	0	0	0	0	0	-16679923872321738e-22	0
107	4.7671321747275135	4.7671321747275135	4.7671321747275135	0	35.67705427279133	15.721669615685244	0	3241.6542067069613	581.2789683630415	0	0	0	0	0	0	0	0	0
108	4.7671321747275135	4.7671321747275135	4.7671321747275135	0	35.67705427274099	15.721669615674344	0	3241.65420658967	581.2789683552779	0	0	0	0	0	0	0	0	0
109	4.7671321747275135	4.7671321747275135	4.7671321747275135	0	35.67705427269242	15.72166961566383	0	3241.654206476582	581.2789683477923	0	0	0	0	0	0	0	0	0
110	4.7671321747275135	4.7671321747275135	4.7671321747275135	0	35.677054272645634	15.721669615653697	0	3241.6542063676975	581.2789683405849	0	0	0	0	0	0	0	13762505252301827e-22	0
111	4.7671321747275135	4.7671321747275135	4.7671321747275135	0	35.67705427260062	15.721669615643949	0	3241.654206263016	581.2789683336555	0	0	0	0	0	0	0	206782943282625e-20	0
112	4.7671321747275135	4.7671321747275135	4.7671321747275135	0	35.677054272557385	15.721669615634584	0	3241.654206162538	581.2789683270041	0	0	0	0	0	0	0	2731615612214515e-21	0
113	4.7671321747275135	4.7671321747275135	4.7671321747275135	0	35.677054272515925	15.7216696156256	0	3241.6542060662628	581.2789683206307	0	0	0	0	0	0	0	3367609063394959e-21	0
114	4.7671321747275135	4.7671321747275135	4.7671321747275135	0	35.677054272476234	15.721669615617003	0	3241.6542059741905	581.2789683145355	0	0	0	0	0	0	0	3975809786367604e-21	0
115	4.7671321747275135	4.7671321747275135	4.7671321747275135	0	35.677054272438326	15.721669615608787	0	3241.6542058863215	581.2789683087183	0	0	0	0	0	0	0	4556217781132441e-21	0
116	4.7671321747275135	4.7671321747275135	4.7671321747275135	0	35.677054272402195	15.721669615600957	0	3241.654205802656	581.278968303179	0	0	0	0	0	0	0	5108833047689467e-21	0
117	4.7671321747275135	4.7671321747275135	4.7671321747275135	0	35.67705427236783	15.721669615593509	0	3241.6542057231936	581.2789682979179	0	0	0	0	0	0	0	5633655586038688e-21	0
118	4.7671321747275135	4.7671321747275135	4.7671321747275135	0	35.677054272335255	15.721669615586444	0	3241.6542056479343	581.2789682929348	0	0	0	0	0	0	0	6130685396180099e-21	0
119	4.7671321747275135	4.7671321747275135	4.7671321747275135	0	35.677054272304446	15.721669615579762	0	3241.6542055768778	581.2789682882297	0	0	0	0	0	0	0	6599922478113701e-21	0
120	4.7671321747275135	4.7671321747275135	4.7671321747275135	0	35.67705427227541	15.721669615573465	0	3241.654205510025	581.2789682838028	0	0	0	0	0	0	0	7041366831839501e-21	0
121	4.7671321747275135	4.7671321747275135	4.7671321747275135	0	35.677054272248164	15.72166961556755	0	3241.6542054473753	581.2789682796539	0	0	0	0	0	0	0	74550184573574845e-22	0
122	4.7671321747275135	4.7671321747275135	4.7671321747275135	0	35.67705427222268	15.721669615562018	0	3241.6542053889284	581.278968275783	0	0	0	0	0	0	0	7840877354667662e-21	0
123	4.7671321747275135	4.7671321747275135	4.7671321747275135	0	35.67705427219898	15.72166961555687	0	3241.654205334685	581.2789682721901	0	0	0	0	0	0	0	8198943523770027e-21	0
124	4.7671321747275135	4.7671321747275135	4.7671321747275135	0	35.67705427217705	15.721669615552106	0	3241.6542052846444	581.2789682688754	0	0	0	0	0	0	0	8529216964664587e-21	0
125	4.7671321747275135	4.7671321747275135	4.7671321747275135	0	35.6770542721569	15.721669615547725	0	3241.654205238807	581.2789682658387	0	0	0	0	0	0	0	8831697677351347e-21	0
126	4.7671321747275135	4.7671321747275135	4.7671321747275135	0	35.677054272138534	15.721669615543727	0	3241.6542051971733	581.27896826308	0	0	0	0	0	0	0	9106385661830291e-21	0
127	4.7671321747275135	4.7671321747275135	4.7671321747275135	0	35.67705427212193	15.721669615540112	0	3241.6542051597426	581.2789682605993	0	0	0	0	0	0	0	935328091810142e-20	0
128	4.7671321747275135	4.7671321747275135	4.7671321747275135	0	35.67705427210711	15.721669615536882	0	3241.6542051265146	581.2789682583967	0	0	0	0	0	0	0	9572383446164752e-21	0
129	4.7671321747275135	4.7671321747275135	4.7671321747275135	0	35.67705427209406	15.721669615534035	0	3241.65420509749	581.2789682564722	0	0	0	0	0	0	0	976369324602028e-20	0
130	4.7671321747275135	4.7671321747275135	4.7671321747275135	0	35.67705427208279	15.72166961553157	0	3241.654205072669	581.2789682548257	0	0	0	0	0	0	0	9927210317667994e-21	0
131	4.7671321747275135	4.7671321747275135	4.7671321747275135	0	35.6770542720733	15.721669615529489	0	3241.6542050520507	581.2789682534573	0	0	0	0	0	0	0	10062934661107895e-21	0
132	4.7671321747275135	4.7671321747275135	4.7671321747275135	0	35.67705427206558	15.72166961552779	0	3241.6542050356356	581.2789682523669	0	0	0	0	0	0	0	10170866276339994e-21	0
133	4.7671321747275135	4.7671321747275135	4.7671321747275135	0	35.677054272059635	15.721669615526478	0	3241.654205023424	581.2789682515545	0	0	0	0	0	0	0	10251005163364284e-21	0
134	4.7671321747275135	4.7671321747275135	4.7671321747275135	0	35.67705427205547	15.721669615525547	0	3241.654205015415	581.2789682510203	0	0	0	0	0	0	0	10303351322180762e-21	0
135	4.7671321747275135	4.7671321747275135	4.7671321747275135	0	35.67705427205308	15.721669615525	0	3241.6542050116095	581.278968250764	0	0	0	0	0	0	0	10327904752789433e-21	0
136	4.7671321747275135	4.7671321747275135	4.7671321747275135	0	35.677054272052466	15.721669615524835	0	3241.654205012007	581.2789682507859	0	0	0	0	0	0	0	10324665455190295e-21	0
137	4.7671321747275135	4.7671321747275135	4.7671321747275135	0	35.677054272053624	15.721669615525055	0	3241.6542050166076	581.2789682510856	0	0	0	0	0	0	0	10293633429383355e-21	0
138	4.7671321747275135	4.7671321747275135	4.7671321747275135	0	35.67705427205656	15.721669615525657	0	3241.6542050254116	581.2789682516636	0	0	0	0	0	0	0	10234808675368599e-21	0
139	4.7671321747275135	4.7671321747275135	4.7671321747275135	0	35.67705427206128	15.721669615526645	0	3241.6542050384187	581.2789682525196	0	0	0	0	0	0	0	10148191193146037e-21	0
140	4.7671321747275135	4.7671321747275135	4.7671321747275135	0	35.677054272067764	15.721669615528015	0	3241.654205055629	581.2789682536536	0	0	0	0	0	0	0	10033780982715673e-21	0
141	4.7671321747275135	4.7671321747275135	4.7671321747275135	0	35.67705427207603	15.721669615529766	0	3241.6542050770427	581.2789682550656	0	0	0	0	0	0	0	9891578044077496e-21	0
142	4.7671321747275135	4.7671321747275135	4.7671321747275135	0	35.67705427208607	15.721669615531903	0	3241.654205102659	581.2789682567558	0	0	0	0	0	0	0	9721582377231506e-21	0
143	4.7671321747275135	4.7671321747275135	4.7671321747275135	0	35.677054272097884	15.721669615534424	0	3241.654205132479	581.2789682587239	0	0	0	0	0	0	0	9523793982177714e-21	0
144	4.7671321747275135	4.7671321747275135	4.7671321747275135	0	35.67705427211148	15.721669615537326	0	3241.654205166502	581.2789682609701	0	0	0	0	0	0	0	9298212858916113e-21	0
145	4.7671321747275135	4.7671321747275135	4.7671321747275135	0	35.677054272126846	15.721669615540613	0	3241.654205204728	581.2789682634943	0	0	0	0	0	0	0	9044839007446702e-21	0
146	4.7671321747275135	4.7671321747275135	4.7671321747275135	0	35.67705427214399	15.721669615544283	0	3241.6542052471573	581.2789682662967	0	0	0	0	0	0	0	8763672427769486e-21	0
147	4.7671321747275135	4.7671321747275135	4.7671321747275135	0	35.67705427216291	15.721669615548336	0	3241.65420529379	581.2789682693771	0	0	0	0	0	0	0	8454713119884457e-21	0
148	4.7671321747275135	4.7671321747275135	4.7671321747275135	0	35.67705427218361	15.721669615552774	0	3241.654205344625	581.2789682727355	0	0	0	0	0	0	0	8117961083791622e-21	0
149	4.7671321747275135	4.7671321747275135	4.7671321747275135	0	35.67705427220608	15.721669615557593	0	3241.654205399664	581.2789682763719	0	0	0	0	0	0	0	7753416319490982e-21	0
150	4.7671321747275135	4.7671321747275135	4.7671321747275135	0	35.67705427223033	15.721669615562796	0	3241.654205458906	581.2789682802864	0	0	0	0	0	0	0	7361078826982532e-21	0
151	4.7671321747275135	4.7671321747275135	4.7671321747275135	0	35.677054272256356	15.721669615568384	0	3241.6542055223513	581.278968284479	0	0	0	0	0	0	0	6940948606266273e-21	0
152	4.7671321747275135	4.7671321747275135	4.7671321747275135	0	35.67705427228415	15.721669615574354	0	3241.6542055899995	581.2789682889496	0	0	0	0	0	0	0	6493025657342208e-21	0
153	4.7671321747275135	4.7671321747275135	4.7671321747275135	0	35.67705427231373	15.721669615580707	0	3241.654205661851	581.2789682936983	0	0	0	0	0	0	0	60173099802103235e-22	0
154	4.7671321747275135	4.7671321747275135	4.7671321747275135	0	35.67705427234508	15.721669615587444	0	3241.6542057379056	581.278968298725	0	0	0	0	0	0	0	5513801574870644e-21	0
155	4.7671321747275135	4.7671321747275135	4.7671321747275135	0	35.677054272378214	15.721669615594564	0	3241.654205818163	581.2789683040297	0	0	0	0	0	0	0	4982500441323151e-21	0
156	4.7671321747275135	4.7671321747275135	4.7671321747275135	0	35.677054272413116	15.72166961560207	0	3241.654205902624	581.2789683096125	0	0	0	0	0	0	0	4423406579567853e-21	0
157	4.7671321747275135	4.7671321747275135	4.7671321747275135	0	35.677054272449794	15.721669615609956	0	3241.654205991288	581.2789683154734	0	0	0	0	0	0	0	3836519989604747e-21	0
158	4.7671321747275135	4.7671321747275135	4.7671321747275135	0	35.67705427248825	15.721669615618227	0	3241.6542060841552	581.2789683216123	0	0	0	0	0	0	0	322184067143383e-20	0
159	4.7671321747275135	4.7671321747275135	4.7671321747275135	0	35.67705427252848	15.72166961562688	0	3241.6542061812256	581.2789683280292	0	0	0	0	0	0	0	2579368625055109e-21	0
160	4.7671321747275135	4.7671321747275135	4.7671321747275135	0	35.677054272570494	15.721669615635918	0	3241.654206282499	581.2789683347243	0	0	0	0	0	0	0	1909103850468572e-21	0
161	4.7671321747275135	4.7671321747275135	4.7671321747275135	0	35.67705427261428	15.721669615645338	0	3241.654206387976	581.2789683416974	0	0	0	0	0	0	0	1211046347674231e-21	0
162	4.7671321747275135	4.7671321747275135	4.7671321747275135	0	35.67705427265984	15.721669615655143	0	3241.654206497656	581.2789683489484	0	0	0	0	0	0	0	0	0
163	4.7671321747275135	4.7671321747275135	4.7671321747275135	0	35.67705427267183	15.721669615657815	0	3241.654206520751	581.2789683504868	0	0	0	0	0	0	0	0	0
164	4.7671321747275135	4.7671321747275135	4.7671321747275135	0	35.67705427267692	15.721669615659017	0	3241.6542065262474	581.2789683508637	0	0	0	0	0	0	0	0	0
165	4.7671321747275135	4.7671321747275135	4.7671321747275135	0	35.67705427268187	15.721669615660188	0	3241.6542065316016	581.2789683512307	0	0	0	0	0	0	0	0	0
166	4.7671321747275135	4.7671321747275135	4.7671321747275135	0	35.677054272686696	15.721669615661327	0	3241.654206536813	581.278968351588	0	0	0	0	0	0	0	0	0
167	4.7671321747275135	4.7671321747275135	4.7671321747275135	0	35.677054272691386	15.721669615662435	0	3241.654206541882	581.2789683519355	0	0	0	0	0	0	0	0	0
168	4.7671321747275135	4.7671321747275135	4.7671321747275135	0	35.67705427269594	15.721669615663513	0	3241.6542065468084	581.2789683522733	0	0	0	0	0	0	0	0	0
169	4.7671321747275135	4.7671321747275135	4.7671321747275135	0	35.67705427270037	15.72166961566456	0	3241.6542065515923	581.2789683526013	0	0	0	0	0	0	0	0	0
170	4.7671321747275135	4.7671321747275135	4.7671321747275135	0	35.677054272704666	15.721669615665574	0	3241.6542065562335	581.2789683529195	0	0	0	0	0	0	0	0	0
171	4.7671321747275135	4.7671321747275135	4.7671321747275135	0	35.67705427270882	15.721669615666558	0	3241.654206560732	581.2789683532279	0	0	0	0	0	0	0	0	0
172	4.7671321747275135	4.7671321747275135	4.7671321747275135	0	35.67705427271286	15.72166961566751	0	3241.654206565088	581.2789683535266	0	0	0	0	0	0	0	0	0
173	4.7671321747275135	4.7671321747275135	4.7671321747275135	0	35.67705427271675	15.72166961566843	0	3241.654206569301	581.2789683538155	0	0	0	0	0	0	0	0	0
174	4.7671321747275135	4.7671321747275135	4.7671321747275135	0	35.67705427272052	15.72166961566932	0	3241.6542065733715	581.2789683540946	0	0	0	0	0	0	0	0	0
175	4.7671321747275135	4.7671321747275135	4.7671321747275135	0	35.677054272724156	15.72166961567018	0	3241.6542065772996	581.2789683543639	0	0	0	0	0	0	0	0	0
176	4.7671321747275135	4.7671321747275135	4.7671321747275135	0	35.67705427272766	15.721669615671008	0	3241.6542065810854	581.2789683546234	0	0	0	0	0	0	0	0	0
177	4.7671321747275135	4.7671321747275135	4.7671321747275135	0	35.67705427273103	15.721669615671804	0	3241.6542065847284	581.2789683548733	0	0	0	0	0	0	0	0	0
178	4.7671321747275135	4.7671321747275135	4.7671321747275135	0	35.67705427273427	15.72166961567257	0	3241.6542065882286	581.2789683551133	0	0	0	0	0	0	0	0	0
179	4.7671321747275135	4.7671321747275135	4.7671321747275135	0	35.67705427273737	15.721669615673303	0	3241.6542065915864	581.2789683553435	0	0	0	0	0	0	0	0	0
180	4.7671321747275135	4.7671321747275135	4.7671321747275135	0	35.67705427274035	15.721669615674006	0	3241.6542065948015	581.2789683555641	0	0	0	0	0	0	0	0	0
181	4.7671321747275135	4.7671321747275135	4.7671321747275135	0	35.67705427274319	15.721669615674678	0	3241.654206597874	581.2789683557747	0	0	0	0	0	0	0	0	0
182	4.7671321747275135	4.7671321747275135	4.7671321747275135	0	35.677054272745906	15.721669615675317	0	3241.6542066008037	581.2789683559757	0	0	0	0	0	0	0	0	0
183	4.7671321747275135	4.7671321747275135	4.7671321747275135	0	35.677054272748485	15.721669615675927	0	3241.654206603591	581.2789683561668	0	0	0	0	0	0	0	0	0
184	4.7671321747275135	4.7671321747275135	4.7671321747275135	0	35.67705427275093	15.721669615676506	0	3241.6542066062357	581.2789683563483	0	0	0	0	0	0	0	0	0
185	4.7671321747275135	4.7671321747275135	4.7671321747275135	0	35.677054272753246	15.721669615677053	0	3241.6542066087377	581.2789683565198	0	0	0	0	0	0	0	0	0
186	4.7671321747275135	4.7671321747275135	4.7671321747275135	0	35.67705427275543	15.721669615677568	0	3241.654206611097	581.2789683566817	0	0	0	0	0	0	0	0	0
187	4.7671321747275135	4.7671321747275135	4.7671321747275135	0	35.67705427275748	15.721669615678053	0	3241.654206613314	581.2789683568338	0	0	0	0	0	0	0	0	0
188	4.7671321747275135	4.7671321747275135	4.7671321747275135	0	35.6770542727594	15.721669615678506	0	3241.6542066153884	581.2789683569761	0	0	0	0	0	0	0	0	0
189	4.7671321747275135	4.7671321747275135	4.7671321747275135	0	35.67705427276118	15.721669615678929	0	3241.6542066173197	581.2789683571086	0	0	0	0	0	0	0	0	0
190	4.7671321747275135	4.7671321747275135	4.7671321747275135	0	35.67705427276284	15.72166961567932	0	3241.654206619109	581.2789683572314	0	0	0	0	0	0	0	0	0
191	4.7671321747275135	4.7671321747275135	4.7671321747275135	0	35.67705427276436	15.721669615679678	0	3241.6542066207553	581.2789683573444	0	0	0	0	0	0	0	0	0
192	4.7671321747275135	4.7671321747275135	4.7671321747275135	0	35.67705427276575	15.721669615680007	0	3241.654206622259	581.2789683574476	0	0	0	0	0	0	0	0	0
193	4.7671321747275135	4.7671321747275135	4.7671321747275135	0	35.67705427276701	15.721669615680305	0	3241.65420662362	581.2789683575411	0	0	0	0	0	0	0	0	0
194	4.7671321747275135	4.7671321747275135	4.7671321747275135	0	35.67705427276814	15.72166961568057	0	3241.654206624839	581.2789683576248	0	0	0	0	0	0	0	0	0
195	4.7671321747275135	4.7671321747275135	4.7671321747275135	0	35.67705427276913	15.721669615680806	0	3241.654206625915	581.2789683576987	0	0	0	0	0	0	0	0	0
196	4.7671321747275135	4.7671321747275135	4.7671321747275135	0	35.67705427276999	15.721669615681009	0	3241.6542066268485	581.2789683577628	0	0	0	0	0	0	0	0	0
197	4.7671321747275135	4.7671321747275135	4.7671321747275135	0	35.677054272770725	15.721669615681183	0	3241.6542066276393	581.2789683578171	0	0	0	0	0	0	0	0	0
198	4.7671321747275135	4.7671321747275135	4.7671321747275135	0	35.67705427277132	15.721669615681323	0	3241.6542066282877	581.2789683578617	0	0	0	0	0	0	0	0	0
199	4.7671321747275135	4.7671321747275135	4.7671321747275135	0	35.67705427277179	15.721669615681433	0	3241.654206628793	581.2789683578965	0	0	0	0	0	0	0	0	0
200	4.7671321747275135	4.7671321747275135	4.7671321747275135	0	35.677054272772125	15.721669615681513	0	3241.6542066291563	581.2789683579215	0	0	0	0	0	0	0	0	0
201	4.7671321747275135	4.7671321747275135	4.7671321747275135	0	35.67705427277233	15.721669615681561	0	3241.6542066293764	581.2789683579367	0	0	0	0	0	0	0	0	0
202	4.7671321747275135	4.7671321747275135	4.7671321747275135	0	35.6770542727724	15.721669615681577	0	3241.654206629454	581.2789683579423	0	0	0	0	0	0	0	0	0
203	4.7671321747275135	4.7671321747275135	4.7671321747275135	0	35.67705427277234	15.721669615681563	0	3241.6542066293896	581.278968357938	0	0	0	0	0	0	0	0	0
204	4.7671321747275135	4.7671321747275135	4.7671321747275135	0	35.677054272772146	15.721669615681517	0	3241.654206629182	581.278968357924	0	0	0	0	0	0	0	0	0
205	4.7671321747275135	4.7671321747275135	4.7671321747275135	0	35.67705427277182	15.72166961568144	0	3241.654206628832	581.2789683579001	0	0	0	0	0	0	0	0	0
206	4.7671321747275135	4.7671321747275135	4.7671321747275135	0	35.677054272771365	15.721669615681332	0	3241.6542066283396	581.2789683578665	0	0	0	0	0	0	0	0	0
207	4.7671321747275135	4.7671321747275135	4.7671321747275135	0	35.677054272770775	15.721669615681192	0	3241.6542066277043	581.2789683578231	0	0	0	0	0	0	0	0	0
208	4.7671321747275135	4.7671321747275135	4.7671321747275135	0	35.67705427277006	15.721669615681021	0	3241.654206626926	581.27896835777	0	0	0	0	0	0	0	0	0
209	4.7671321747275135	4.7671321747275135	4.7671321747275135	0	35.677054272769205	15.72166961568082	0	3241.654206626006	581.2789683577071	0	0	0	0	0	0	0	0	0
210	4.7671321747275135	4.7671321747275135	4.7671321747275135	0	35.67705427276822	15.721669615680588	0	3241.654206624943	581.2789683576344	0	0	0	0	0	0	0	0	0
211	4.7671321747275135	4.7671321747275135	4.7671321747275135	0	35.6770542727671	15.721669615680323	0	3241.654206623737	581.2789683575519	0	0	0	0	0	0	0	0	0
212	4.7671321747275135	4.7671321747275135	4.7671321747275135	0	35.67705427276585	15.721669615680028	0	3241.654206622389	581.2789683574597	0	0	0	0	0	0	0	0	0
213	4.7671321747275135	4.7671321747275135	4.7671321747275135	0	35.67705427276447	15.721669615679701	0	3241.654206620898	581.2789683573577	0	0	0	0	0	0	0	0	0
214	4.7671321747275135	4.7671321747275135	4.7671321747275135	0	35.67705427276296	15.721669615679344	0	3241.6542066192646	581.278968357246	0	0	0	0	0	0	0	0	0
215	4.7671321747275135	4.7671321747275135	4.7671321747275135	0	35.67705427276131	15.721669615678955	0	3241.654206617489	581.2789683571244	0	0	0	0	0	0	0	0	0
216	4.7671321747275135	4.7671321747275135	4.7671321747275135	0	35.677054272759534	15.721669615678534	0	3241.65420661557	581.2789683569931	0	0	0	0	0	0	0	0	0
217	4.7671321747275135	4.7671321747275135	4.7671321747275135	0	35.67705427275763	15.721669615678083	0	3241.654206613509	581.2789683568519	0	0	0	0	0	0	0	0	0
218	4.7671321747275135	4.7671321747275135	4.7671321747275135	0	35.67705427275559	15.721669615677602	0	3241.6542066113047	581.2789683567011	0	0	0	0	0	0	0	0	0
219	4.7671321747275135	4.7671321747275135	4.7671321747275135	0	35.677054272753416	15.721669615677087	0	3241.6542066089582	581.2789683565404	0	0	0	0	0	0	0	0	0
220	4.7671321747275135	4.7671321747275135	4.7671321747275135	0	35.67705427275111	15.721669615676543	0	3241.6542066064694	581.2789683563701	0	0	0	0	0	0	0	0	0
221	4.7671321747275135	4.7671321747275135	4.7671321747275135	0	35.67705427274868	15.721669615675966	0	3241.654206603838	581.2789683561899	0	0	0	0	0	0	0	0	0
222	4.7671321747275135	4.7671321747275135	4.7671321747275135	0	35.677054272746105	15.72166961567536	0	3241.6542066010634	581.278968356	0	0	0	0	0	0	0	0	0
223	4.7671321747275135	4.7671321747275135	4.7671321747275135	0	35.677054272743405	15.72166961567472	0	3241.6542065981466	581.2789683558002	0	0	0	0	0	0	0	0	0
224	4.7671321747275135	4.7671321747275135	4.7671321747275135	0	35.67705427274057	15.72166961567405	0	3241.654206595087	581.2789683555907	0	0	0	0	0	0	0	0	0
225	4.7671321747275135	4.7671321747275135	4.7671321747275135	0	35.67705427273761	15.72166961567335	0	3241.6542065918848	581.2789683553714	0	0	0	0	0	0	0	0	0
226	4.7671321747275135	4.7671321747275135	4.7671321747275135	0	35.67705427273451	15.721669615672619	0	3241.65420658854	581.2789683551424	0	0	0	0	0	0	0	0	0
227	4.7671321747275135	4.7671321747275135	4.7671321747275135	0	35.67705427273128	15.721669615671855	0	3241.654206585053	581.2789683549036	0	0	0	0	0	0	0	0	0
228	4.7671321747275135	4.7671321747275135	4.7671321747275135	0	35.67705427272792	15.721669615671061	0	3241.654206581423	581.278968354655	0	0	0	0	0	0	0	0	0
229	4.7671321747275135	4.7671321747275135	4.7671321747275135	0	35.677054272724426	15.721669615670235	0	3241.6542065776503	581.2789683543966	0	0	0	0	0	0	0	0	0
230	4.7671321747275135	4.7671321747275135	4.7671321747275135	0	35.6770542727224	15.721669615669756	0	3241.6542065756066	581.2789683542552	0	0	0	0	0	0	0	0	0
231	4.7671321747275135	4.7671321747275135	4.7671321747275135	0	35.677054272721406	15.721669615669517	0	3241.654206574735	581.2789683541935	0	0	0	0	0	0	0	0	0
232	4.7671321747275135	4.7671321747275135	4.7671321747275135	0	35.6770542727206	15.721669615669326	0	3241.6542065740186	581.2789683541428	0	0	0	0	0	0	0	0	0
233	4.7671321747275135	4.7671321747275135	4.7671321747275135	0	35.67705427271998	15.721669615669176	0	3241.6542065734584	581.2789683541031	0	0	0	0	0	0	0	0	0
234	4.7671321747275135	4.7671321747275135	4.7671321747275135	0	35.67705427271954	15.721669615669072	0	3241.654206573053	581.2789683540743	0	0	0	0	0	0	0	0	0
235	4.7671321747275135	4.7671321747275135	4.7671321747275135	0	35.677054272719275	15.721669615669011	0	3241.654206572804	581.2789683540566	0	0	0	0	0	0	0	0	0
236	4.7671321747275135	4.7671321747275135	4.7671321747275135	0	35.677054272719204	15.721669615668993	0	3241.6542065727103	581.2789683540498	0	0	0	0	0	0	0	0	0
237	4.7671321747275135	4.7671321747275135	4.7671321747275135	0	35.67705427271931	15.72166961566902	0	3241.654206572772	581.278968354054	0	0	0	0	0	0	0	0	0
238	4.7671321747275135	4.7671321747275135	4.7671321747275135	0	35.67705427271961	15.721669615669091	0	3241.6542065729896	581.2789683540692	0	0	0	0	0	0	0	0	0
239	4.7671321747275135	4.7671321747275135	4.7671321747275135	0	35.677054272720085	15.721669615669207	0	3241.654206573363	581.2789683540954	0	0	0	0	0	0	0	0	0
240	4.7671321747275135	4.7671321747275135	4.7671321747275135	0	35.677054272720746	15.721669615669365	0	3241.6542065738913	581.2789683541325	0	0	0	0	0	0	0	0	0
