0	4.7671321747275135	4.7671321747275135	4.7671321747275135	0	0	0	0	0	0	0	0	0	0	0	0	0	0	0
1	4.7671321747275135	4.7671321747275135	4.7671321747275135	0	0	0	0	0	0	0	0	0	0	0	0	0	0	0
2	4.7671321747275135	4.7671321747275135	4.7671321747275135	0	0	0	0	0	0	0	0	0	0	0	0	0	0	0
3	4.7671321747275135	4.7671321747275135	4.7671321747275135	0	0	0	0	0	0	0	0	0	0	0	0	0	0	0
4	4.7671321747275135	4.7671321747275135	4.7671321747275135	0	0	0	0	0	0	0	0	0	0	0	0	0	0	0
5	4.7671321747275135	4.7671321747275135	4.7671321747275135	0	0	0	0	0	0	0	0	0	0	0	0	0	0	0
6	4.7671321747275135	4.7671321747275135	4.7671321747275135	0	0	0	0	0	0	0	0	0	0	0	0	0	0	0
7	4.7671321747275135	4.7671321747275135	4.7671321747275135	0	0	0	0	0	0	0	0	0	0	0	0	0	0	0
8	4.7671321747275135	4.7671321747275135	4.7671321747275135	0	0	0	0	0	0	0	0	0	0	0	0	0	0	0
9	4.7671321747275135	4.7671321747275135	4.7671321747275135	0	0	0	0	0	0	0	0	0	0	0	0	0	0	0
10	4.7671321747275135	4.7671321747275135	4.7671321747275135	0	0	0	0	0	0	0	0	0	0	0	0	0	0	0
11	4.7671321747275135	4.7671321747275135	4.7671321747275135	0	0	0	0	0	0	0	0	0	0	0	0	0	0	0
12	4.767132174727513	4.767132174727515	4.7671321747275135	45.590336820850204	50.646186972605626	21.11886936381012	4076.100701124491	3731.4015400791163	643.0599546031339	0	0	0	0	2.214210148277649	0.0035074980765127557	0	126.77220447737383	-0.35895689526572405
13	4.7671321747275135	4.7671321747275135	4.7671321747275135	45.59161011841041	50.99029418613782	21.165779220276402	4717.339316044116	4519.0681447274255	765.4166149410482	0	0	0	0	2.1069724661892955	0.0038169202962561387	0	185.4101572164098	0.08151561153861622
14	4.7671321747275135	4.7671321747275135	4.7671321747275135	45.591610148853526	51.02318091631386	21.170174240973036	4794.993078616576	4621.243594953818	780.6028709032097	0	0	0	0	2.0918368866465396	0.003726496548040497	0	189.711374104122	0.13170636408960543
15	4.7671321747275135	4.7671321747275135	4.7671321747275135	45.59161014885388	51.02712140203848	21.170708095945873	4804.366039085017	4634.337074985184	782.4775229839132	0	0	0	0	2.089961405235636	0.0037056264969223414	0	189.8727492853755	0.13651958007999443
16	4.7671321747275135	4.7671321747275135	4.7671321747275135	45.59161014885389	51.02760333055275	21.170774391154964	4805.492261947875	4636.003839480628	782.7079680897439	0	0	0	0	2.089730600462262	0.0037018529551764512	0	189.84744384292188	0.1368494068783526
17	4.7671321747275135	4.7671321747275135	4.7671321747275135	45.59161014885388	51.027658487027274	21.170782100431648	4805.618643777029	4636.20260908828	782.7344893827401	0	0	0	0	2.0897039861222804	0.003701270347659792	0	189.83896112881388	0.13684324239478135
18	4.7671321747275135	4.7671321747275135	4.7671321747275135	45.59161014885389	51.02766489793935	21.170783011882726	4805.632843425216	4636.226389745602	782.7375520405117	0	0	0	0	2.0897009075214825	0.003701184215045188	0	189.83730737398298	0.13683570531568437
19	4.7671321747275135	4.7671321747275135	4.7671321747275135	45.59161014885388	51.02766518363355	21.170783054794622	4805.633526779178	4636.227829401217	782.7377165297008	0	0	0	0	2.089700737533765	0.0037011766126489954	0	189.83708361595717	0.13683368009942376
20	4.7671321747275135	4.7671321747275135	4.7671321747275135	45.59161014885389	51.02766521938529	21.170783060398406	4805.63353092596	4636.227850583	782.7377182933312	0	0	0	0	2.089700737088093	0.0037011759895987637	0	189.83707587594765	0.13683353950670935
21	4.7671321747275135	4.7671321747275135	4.7671321747275135	45.59161014885389	51.02766518653992	21.170783055455853	4805.633460380882	4636.22770523754	782.7377015145305	0	0	0	0	2.089700754200615	0.00370117677592352	0	189.83709731345843	0.13683371363381194
22	4.7671321747275135	4.7671321747275135	4.7671321747275135	45.59161014885388	51.02766516083023	21.17078305158605	4805.633405427474	4636.227591936787	782.7376884392523	0	0	0	0	2.089700767531367	0.0037011773909177426	0	189.83711404892193	0.1368338500301906
23	4.7671321747275135	4.7671321747275135	4.7671321747275135	45.59161014885388	51.02766514225621	21.170783048788987	4805.6333660657365	4636.227510680738	782.7376790674966	0	0	0	0	2.0897007770803486	0.0037011778345814312	0	189.8371260823382	0.13683394869584534
24	4.7671321747275135	4.7671321747275135	4.7671321747275135	45.59161014885388	51.027665130817866	21.170783047064674	4805.6333422956695	4636.227461469397	782.7376733992633	0	0	0	0	2.0897007828475602	0.003701178106914587	0	189.8371334137072	0.13683400963077613
25	4.7671321747275135	4.7671321747275135	4.7671321747275135	45.59161014885388	51.027665126515195	21.170783046413106	4805.633334117272	4636.227444302761	782.7376714345525	0	0	0	0	2.0897007848330014	0.0037011782079172085	0	189.83713604302892	0.136834032834983
26	4.7671321747275135	4.7671321747275135	4.7671321747275135	45.59161014885388	51.0276651293482	21.17078304683428	4805.633341530545	4636.227459180831	782.7376731733641	0	0	0	0	2.089700783036673	0.0037011781375892966	0	189.83713397030343	0.13683401830846595
27	4.7671321747275135	4.7671321747275135	4.7671321747275135	45.59161014885388	51.02766513931688	21.170783048328204	4805.633364535489	4636.227506103607	782.7376786156983	0	0	0	0	2.0897007774585736	0.003701177895930851	0	189.83712719553063	0.13683396605122497
28	4.7671321747275135	4.7671321747275135	4.7671321747275135	45.59161014885388	51.02766515486988	21.17078305066248	4805.633399525491	4636.2275777093955	782.7376869080026	0	0	0	0	2.0897007689742004	0.0037011775207394368	0	189.83711678378708	0.13683388431298912
29	4.7671321747275135	4.7671321747275135	4.7671321747275135	45.59161014885388	51.02766515781302	21.170783051109353	4805.633404805713	4636.227588762186	782.7376881746278	0	0	0	0	2.0897007677027917	0.0037011774537441503	0	189.83711510574707	0.13683386968787148
30	4.7671321747275135	4.7671321747275135	4.7671321747275135	45.59161014885388	51.0276651605462	21.17078305152436	4805.633409707237	4636.227599023017	782.737689350457	0	0	0	0	2.089700766522571	0.0037011773915329796	0	189.83711354777463	0.13683385610489238
31	4.7671321747275135	4.7671321747275135	4.7671321747275135	45.59161014885388	51.02766516306942	21.170783051907506	4805.63341423006	4636.227608491888	782.7376904354902	0	0	0	0	2.089700765433537	0.0037011773341059247	0	189.83711210986982	0.13683384356405187
32	4.7671321747275135	4.7671321747275135	4.7671321747275135	45.59161014885389	51.02766516538269	21.170783052258784	4805.633418374184	4636.227617168798	782.7376914297273	0	0	0	0	2.089700764435691	0.0037011772814629857	0	189.83711079203258	0.13683383206534994
33	4.7671321747275135	4.7671321747275135	4.7671321747275135	45.59161014885389	51.027665167486006	21.170783052578198	4805.633422139608	4636.227625053748	782.7376923331684	0	0	0	0	2.089700763529032	0.0037011772336041624	0	189.83710959426293	0.13683382160878657
34	4.7671321747275135	4.7671321747275135	4.7671321747275135	45.59161014885389	51.02766516937936	21.170783052865747	4805.633425526332	4636.227632146737	782.7376931458135	0	0	0	0	2.089700762713561	0.003701177190529455	0	189.83710851656087	0.13683381219436178
35	4.7671321747275135	4.7671321747275135	4.7671321747275135	45.59161014885389	51.027665171062765	21.170783053121433	4805.6334285343555	4636.227638447766	782.7376938676626	0	0	0	0	2.089700761989277	0.0037011771522388634	0	189.83710755892642	0.13683380382207555
36	4.7671321747275135	4.7671321747275135	4.7671321747275135	45.59161014885389	51.02766517253621	21.170783053345254	4805.63343116368	4636.227643956835	782.7376944987157	0	0	0	0	2.089700761356181	0.0037011771187323876	0	189.83710672135956	0.1368337964919279
37	4.7671321747275135	4.7671321747275135	4.7671321747275135	45.59161014885389	51.0276651737997	21.17078305353721	4805.633433414304	4636.227648673944	782.7376950389727	0	0	0	0	2.0897007608142717	0.0037011770900100276	0	189.8371060038603	0.1368337902039188
38	4.7671321747275135	4.7671321747275135	4.7671321747275135	45.59161014885389	51.027665174853226	21.170783053697303	4805.633435286229	4636.227652599092	782.7376954884337	0	0	0	0	2.0897007603635505	0.003701177066071784	0	189.8371054064286	0.13683378495804832
39	4.7671321747275135	4.7671321747275135	4.7671321747275135	45.59161014885389	51.0276651756968	21.17078305382553	4805.6334367794525	4636.227655732279	782.7376958470987	0	0	0	0	2.0897007600040167	0.0037011770469176555	0	189.83710492906454	0.13683378075431638
40	4.7671321747275135	4.7671321747275135	4.7671321747275135	45.59161014885389	51.027665176330416	21.17078305392189	4805.633437893977	4636.227658073507	782.7376961149678	0	0	0	0	2.0897007597356705	0.003701177032547643	0	189.83710457176804	0.136833777592723
41	4.7671321747275135	4.7671321747275135	4.7671321747275135	45.59161014885389	51.02766517675408	21.17078305398639	4805.633438629802	4636.227659622774	782.7376962920407	0	0	0	0	2.0897007595585113	0.003701177022961746	0	189.83710433453913	0.1368337754732682
42	4.7671321747275135	4.7671321747275135	4.7671321747275135	45.59161014885389	51.02766517696778	21.170783054019022	4805.633438986927	4636.22766038008	782.7376963783177	0	0	0	0	2.08970075947254	0.0037011770181599652	0	189.83710421737783	0.13683377439595198
43	4.7671321747275135	4.7671321747275135	4.7671321747275135	45.59161014885389	51.02766517697153	21.170783054019793	4805.633438965352	4636.227660345427	782.7376963737986	0	0	0	0	2.089700759477756	0.0037011770181423	0	189.83710422028412	0.13683377436077432
44	4.7671321747275135	4.7671321747275135	4.7671321747275135	45.59161014885389	51.027665176765325	21.170783053988696	4805.633438565077	4636.227659518812	782.7376962784836	0	0	0	0	2.0897007595741597	0.0037011770229087512	0	189.837104343258	0.13683377536773522
45	4.7671321747275135	4.7671321747275135	4.7671321747275135	45.59161014885388	51.02766517634916	21.170783053925735	4805.633437786102	4636.227657900237	782.7376960923725	0	0	0	0	2.0897007597617505	0.0037011770324593177	0	189.83710458629946	0.13683377741683472
46	4.7671321747275135	4.7671321747275135	4.7671321747275135	45.59161014885388	51.02766517572304	21.17078305383091	4805.633436628427	4636.227655489703	782.7376958154654	0	0	0	0	2.0897007600405293	0.003701177046794	0	189.83710494940854	0.13683378050807277
47	4.7671321747275135	4.7671321747275135	4.7671321747275135	45.59161014885388	51.02766517488696	21.17078305370422	4805.633435092052	4636.227652287208	782.7376954477622	0	0	0	0	2.089700760410495	0.0037011770659127986	0	189.8371054325852	0.1368337846414494
48	4.7671321747275135	4.7671321747275135	4.7671321747275135	45.59161014885388	51.02766517384092	21.170783053545666	4805.6334331769785	4636.227648292752	782.7376949892631	0	0	0	0	2.0897007608716485	0.0037011770898157125	0	189.83710603582944	0.1368337898169646
49	4.7671321747275135	4.7671321747275135	4.7671321747275135	45.59161014885388	51.02766517258494	21.170783053355247	4805.633430883204	4636.227643506336	782.737694439968	0	0	0	0	2.0897007614239897	0.0037011771185027423	0	189.8371067591413	0.13683379603461837
50	4.7671321747275135	4.7671321747275135	4.7671321747275135	45.59161014885388	51.02766517111899	21.170783053132965	4805.63342821073	4636.22763792796	782.7376937998768	0	0	0	0	2.089700762067518	0.0037011771519738883	0	189.83710760252072	0.1368338032944107
51	4.7671321747275135	4.7671321747275135	4.7671321747275135	45.59161014885388	51.02766516944308	21.170783052878818	4805.633425159555	4636.227631557623	782.7376930689896	0	0	0	0	2.089700762802234	0.0037011771902291496	0	189.83710856596775	0.13683381159634161
52	4.7671321747275135	4.7671321747275135	4.7671321747275135	45.591610148853874	51.02766516770048	21.170783052614443	4805.633422004706	4636.227624966904	782.7376923130215	0	0	0	0	2.089700763561754	0.0037011772299385434	0	189.83710956350822	0.1368338202145341
53	4.7671321747275135	4.7671321747275135	4.7671321747275135	45.59161014885388	51.02766516733419	21.170783052557937	4805.633421493605	4636.227623870044	782.7376921887226	0	0	0	0	2.0897007636831435	0.0037011772376539655	0	189.83710973481928	0.13683382186044898
54	4.7671321747275135	4.7671321747275135	4.7671321747275135	45.59161014885389	51.02766516700112	21.17078305250656	4805.633421028688	4636.227622872182	782.737692075648	0	0	0	0	2.0897007637935765	0.003701177244674297	0	189.83710989069402	0.13683382335881464
55	4.7671321747275135	4.7671321747275135	4.7671321747275135	45.591610148853896	51.027665166701276	21.170783052460305	4805.633420609955	4636.227621973315	782.7376919737981	0	0	0	0	2.0897007638930525	0.003701177250999538	0	189.83711003113248	0.13683382470963099
56	4.7671321747275135	4.7671321747275135	4.7671321747275135	45.591610148853896	51.02766516643466	21.17078305241918	4805.6334202374055	4636.227621173445	782.7376918831725	0	0	0	0	2.089700763981571	0.003701177256629688	0	189.83711015613463	0.1368338259128981
57	4.7671321747275135	4.7671321747275135	4.7671321747275135	45.5916101488539	51.02766516620127	21.170783052383175	4805.633419911041	4636.227620472571	782.7376918037713	0	0	0	0	2.0897007640591325	0.0037011772615647477	0	189.83711026570046	0.13683382696861598
58	4.7671321747275135	4.7671321747275135	4.7671321747275135	45.5916101488539	51.0276651660011	21.1707830523523	4805.633419630859	4636.227619870693	782.7376917355947	0	0	0	0	2.089700764125737	0.0037011772658047163	0	189.83711035983	0.13683382787678458
59	4.7671321747275135	4.7671321747275135	4.7671321747275135	45.5916101488539	51.02766516583416	21.170783052326545	4805.633419396861	4636.227619367812	782.7376916786425	0	0	0	0	2.0897007641813845	0.0037011772693495947	0	189.83711043852324	0.13683382863740393
60	4.7671321747275135	4.7671321747275135	4.7671321747275135	45.5916101488539	51.02766516570044	21.170783052305918	4805.633419209048	4636.227618963927	782.7376916329147	0	0	0	0	2.089700764226075	0.0037011772721993823	0	189.83711050178016	0.13683382925047402
61	4.7671321747275135	4.7671321747275135	4.7671321747275135	45.5916101488539	51.027665165599956	21.170783052290414	4805.633419067419	4636.227618659038	782.7376915984114	0	0	0	0	2.0897007642598084	0.0037011772743540793	0	189.8371105496008	0.13683382971599486
62	4.7671321747275135	4.7671321747275135	4.7671321747275135	45.5916101488539	51.027665165532696	21.170783052280036	4805.633418971973	4636.227618453146	782.7376915751327	0	0	0	0	2.0897007642825844	0.0037011772758136856	0	189.83711058198512	0.13683383003396646
63	4.7671321747275135	4.7671321747275135	4.7671321747275135	45.5916101488539	51.027665165498654	21.170783052274786	4805.633418922711	4636.227618346249	782.7376915630783	0	0	0	0	2.089700764294404	0.0037011772765782013	0	189.83711059893312	0.13683383020438877
64	4.7671321747275135	4.7671321747275135	4.7671321747275135	45.5916101488539	51.027665165497844	21.17078305227466	4805.633418919633	4636.227618338349	782.7376915622484	0	0	0	0	2.089700764295266	0.003701177276647626	0	189.83711060044484	0.13683383022726184
65	4.7671321747275135	4.7671321747275135	4.7671321747275135	45.591610148853896	51.02766516553026	21.17078305227966	4805.63341896274	4636.227618429445	782.737691572643	0	0	0	0	2.089700764285171	0.0037011772760219604	0	189.83711058652025	0.13683383010258565
66	4.7671321747275135	4.7671321747275135	4.7671321747275135	45.591610148853896	51.0276651655959	21.17078305228978	4805.633419052029	4636.227618619538	782.7376915942621	0	0	0	0	2.0897007642641188	0.0037011772747012044	0	189.83711055715935	0.13683382983036022
67	4.7671321747275135	4.7671321747275135	4.7671321747275135	45.59161014885389	51.02766516569477	21.170783052305033	4805.633419187503	4636.227618908626	782.7376916271055	0	0	0	0	2.0897007642321097	0.0037011772726853573	0	189.83711051236216	0.13683382941058553
68	4.7671321747275135	4.7671321747275135	4.7671321747275135	45.59161014885389	51.02766516582686	21.170783052325405	4805.633419369161	4636.227619296711	782.7376916711735	0	0	0	0	2.0897007641891436	0.00370117726997442	0	189.83711045212866	0.1368338288432616
69	4.7671321747275135	4.7671321747275135	4.7671321747275135	45.59161014885388	51.02766516599218	21.170783052350906	4805.633419597002	4636.227619783793	782.7376917264659	0	0	0	0	2.0897007641352205	0.003701177266568392	0	189.83711037645887	0.13683382812838837
70	4.7671321747275135	4.7671321747275135	4.7671321747275135	45.591610148853874	51.02766516619072	21.17078305238153	4805.633419871028	4636.22762036987	782.7376917929828	0	0	0	0	2.08970076407034	0.003701177262467273	0	189.83711028535276	0.1368338272659659
71	4.7671321747275135	4.7671321747275135	4.7671321747275135	45.59161014885387	51.027665166422494	21.17078305241728	4805.633420191238	4636.227621054944	782.7376918707241	0	0	0	0	2.089700763994503	0.0037011772576710637	0	189.83711017881035	0.1368338262559942
72	4.7671321747275135	4.7671321747275135	4.7671321747275135	45.59161014885387	51.027665166422494	21.17078305241728	4805.633420191238	4636.227621054944	782.7376918707241	0	0	0	0	2.089700763994503	0.0037011772576710637	0	189.83711017881035	0.1368338262559942
73	4.7671321747275135	4.7671321747275135	4.7671321747275135	0.0012446977125812725	50.05651139911167	20.80644386991194	729.4252799503615	4599.09796390712	777.0611625116361	0	0	0	0	2.241472244301276	0.004095559430141856	0	195.59037001283122	0.14256067737749534
74	4.7671321747275135	4.7671321747275135	4.7671321747275135	0	44.99091307282018	18.935155603088383	88.28741339825542	4321.236720020252	735.0645201256738	0	0	0	0	3.1335688895105784	0.007515650808256549	0	242.61248047799677	0.2079952613078135
75	4.7671321747275135	4.7671321747275135	4.7671321747275135	0	38.24707743465533	16.545855785547698	10.677127676785567	3732.6252593255167	648.6422372831676	0	0	0	0	4.590533339348556	0.020545826427804902	0	360.58297253724527	0.525163570744952
76	4.7671321747275135	4.7671321747275135	4.7671321747275135	0	36.0949823047771	15.843344134171772	1.2854870027286744	3371.943190050197	598.2236569023764	0	0	0	0	5.130210440043882	0.03484341072063503	0	443.70984351616323	1.0603856717250864
77	4.7671321747275135	4.7671321747275135	4.7671321747275135	0	35.73716560367502	15.737786298035969	0.15481989523152168	3268.035090511171	584.5324451188744	0	0	0	0	5.22499984394954	0.04038081857494047	0	469.39163971804425	1.3975419753602847
78	4.7671321747275135	4.7671321747275135	4.7671321747275135	0	35.68539573286517	15.723764339312257	0.01848106566170517	3246.320253029196	581.8273210518483	0	0	0	0	5.239336746683706	0.04164959412500257	0	474.9758689384454	1.513593803037973
79	4.7671321747275135	4.7671321747275135	4.7671321747275135	0	35.67818436165539	15.721938732198574	0.0021704485939513106	3242.4130937113723	581.3643509941584	0	0	0	0	5.241450438508311	0.041884771834740514	0	476.01689922967574	1.5427414379013207
80	4.7671321747275135	4.7671321747275135	4.7671321747275135	0	35.677199499351936	15.72170266034999	0.00024063962981291302	3241.7676420600906	581.2912156716687	0	0	0	0	5.241757607569435	0.04192439332701247	0	476.1954310154823	1.5489010279348554
81	4.7671321747275135	4.7671321747275135	4.7671321747275135	0	35.677070560988994	15.72167315129582	223409360370446e-19	3241.6687305316473	581.2804692572962	0	0	0	0	5.241800756611229	0.041930582006459605	0	476.223965352163	1.5500583224618518
82	4.7671321747275135	4.7671321747275135	4.7671321747275135	0	35.6770554263599	15.721669848120547	10179050974344358e-22	3241.6555171886844	581.2790941233121	0	0	0	0	5.241806102358843	0.041931444879251954	0	476.22797698200003	1.5502454650137065
83	4.7671321747275135	4.7671321747275135	4.7671321747275135	0	35.677053980708166	15.721669552784743	0	3241.6538393728556	581.2789313788386	0	0	0	0	5.2418067546507645	0.04193155445737118	0	476.2285352197336	1.5502764272614582
84	4.7671321747275135	4.7671321747275135	4.7671321747275135	0	35.67705410908135	15.72166958395368	0	3241.6540216529124	581.2789501542652	0	0	0	0	5.241806663777856	0.041931547624424144	0	476.2284821270278	1.5502740197126978
85	4.7671321747275135	4.7671321747275135	4.7671321747275135	0	35.67705430517426	15.721669625890936	0	3241.65421445968	581.2789693481136	0	0	0	0	5.241806588834003	0.04193153482116313	0	476.22842155014945	1.550270897607537
86	4.7671321747275135	4.7671321747275135	4.7671321747275135	0	35.67705442488956	15.72166965094356	0	3241.654335626837	581.2789813808695	0	0	0	0	5.241806542787258	0.041931526728263065	0	476.22838339047837	1.5502689166476655
87	4.7671321747275135	4.7671321747275135	4.7671321747275135	0	35.677054468227254	15.721669659111551	0	3241.6543851543834	581.278986252533	0	0	0	0	5.241806525637621	0.04193152334572394	0	476.2283676480146	1.5502680768330834
88	4.7671321747275135	4.7671321747275135	4.7671321747275135	0	35.677054435187344	15.72166965039491	0	3241.654363042319	581.278983963104	0	0	0	0	5.241806537385093	0.04193152467354577	0	476.2283743227581	1.5502683781637907
89	4.7671321747275135	4.7671321747275135	4.7671321747275135	0	35.677054328852776	15.721669625524072	0	3241.654271896323	581.2789747754817	0	0	0	0	5.241806576878086	0.04193153054546538	0	476.2284026060329	1.5502697806834147
90	4.7671321747275135	4.7671321747275135	4.7671321747275135	0	35.67705431420287	15.721669622933886	0	3241.6542549558976	581.2789731060482	0	0	0	0	5.241806582303804	0.04193153174605141	0	476.22840794608	1.5502700652018329
91	4.7671321747275135	4.7671321747275135	4.7671321747275135	0	35.677054300647605	15.721669620537781	0	3241.6542392820993	581.2789715615606	0	0	0	0	5.241806587321693	0.04193153285724848	0	476.2284128868586	1.55027032852299
92	4.7671321747275135	4.7671321747275135	4.7671321747275135	0	35.67705428818697	15.721669618335762	0	3241.654224874928	581.2789701420191	0	0	0	0	5.241806591931754	0.0419315338790566	0	476.22841742836886	1.5502705706468864
93	4.7671321747275135	4.7671321747275135	4.7671321747275135	0	35.67705427682098	15.721669616327825	0	3241.654211734383	581.2789688474237	0	0	0	0	5.241806596133987	0.04193153481147576	0	476.22842157061064	1.5502707915735219
94	4.7671321747275135	4.7671321747275135	4.7671321747275135	0	35.677054266549625	15.721669614513969	0	3241.6541998604644	581.2789676777743	0	0	0	0	5.241806599928392	0.04193153565450596	0	476.22842531358395	1.5502709913028965
95	4.7671321747275135	4.7671321747275135	4.7671321747275135	0	35.67705425737291	15.721669612894198	0	3241.654189253173	581.2789666330709	0	0	0	0	5.241806603314968	0.041931536408147216	0	476.2284286572889	1.5502711698350102
96	4.7671321747275135	4.7671321747275135	4.7671321747275135	0	35.677054249290826	15.72166961146851	0	3241.654179912508	581.2789657133137	0	0	0	0	5.241806606293717	0.04193153707239951	0	476.22843160172533	1.5502713271698632
97	4.7671321747275135	4.7671321747275135	4.7671321747275135	0	35.677054242303385	15.721669610236905	0	3241.65417183847	581.2789649185024	0	0	0	0	5.2418066088646365	0.041931537647262845	0	476.22843414689333	1.550271463307455
98	4.7671321747275135	4.7671321747275135	4.7671321747275135	0	35.67705423641058	15.721669609199381	0	3241.6541650310587	581.2789642486372	0	0	0	0	5.241806611027729	0.04193153813273723	0	476.2284362927929	1.550271578247786
99	4.7671321747275135	4.7671321747275135	4.7671321747275135	0	35.67705423161241	15.721669608355942	0	3241.6541594902737	581.2789637037181	0	0	0	0	5.241806612782993	0.04193153852882266	0	476.22843803942396	1.5502716719908562
100	4.7671321747275135	4.7671321747275135	4.7671321747275135	0	35.67705422790888	15.721669607706586	0	3241.6541552161157	581.2789632837449	0	0	0	0	5.241806614130429	0.04193153883551913	0	476.22843938678665	1.5502717445366656
101	4.7671321747275135	4.7671321747275135	4.7671321747275135	0	35.67705422529999	15.721669607251313	0	3241.6541522085845	581.2789629887178	0	0	0	0	5.241806615070036	0.04193153905282664	0	476.2284403348809	1.550271795885214
102	4.7671321747275135	4.7671321747275135	4.7671321747275135	0	35.67705422378573	15.721669606990123	0	3241.6541504676798	581.2789628186368	0	0	0	0	5.241806615601816	0.04193153918074521	0	476.2284408837067	1.5502718260365014
103	4.7671321747275135	4.7671321747275135	4.7671321747275135	0	35.67705422336611	15.721669606923015	0	3241.654149993402	581.2789627735018	0	0	0	0	5.241806615725768	0.04193153921927481	0	476.228441033264	1.550271834990528
104	4.7671321747275135	4.7671321747275135	4.7671321747275135	0	35.677054224041136	15.721669607049991	0	3241.6541507857505	581.2789628533129	0	0	0	0	5.241806615441891	0.04193153916841546	0	476.2284407835529	1.5502718227472938
105	4.7671321747275135	4.7671321747275135	4.7671321747275135	0	35.67705422581079	15.72166960737105	0	3241.654152844726	581.2789630580701	0	0	0	0	5.241806614750185	0.04193153902816715	0	476.22844013457336	1.5502717893067985
106	4.7671321747275135	4.7671321747275135	4.7671321747275135	0	35.67705422867509	15.721669607886191	0	3241.654156170328	581.2789633877732	0	0	0	0	5.2418066136506525	0.04193153879852989	0	476.2284390863254	1.5502717346690427
107	4.7671321747275135	4.7671321747275135	4.7671321747275135	0	35.67705423263402	15.721669608595416	0	3241.6541607625572	581.2789638424224	0	0	0	0	5.241806612143291	0.04193153847950368	0	476.228437638809	1.5502716588340257
108	4.7671321747275135	4.7671321747275135	4.7671321747275135	0	35.67705423768759	15.721669609498724	0	3241.6541666214125	581.2789644220177	0	0	0	0	5.241806610228102	0.0419315380710885	0	476.22843579202413	1.550271561801748
109	4.7671321747275135	4.7671321747275135	4.7671321747275135	0	35.6770542438358	15.721669610596114	0	3241.6541737468947	581.278965126559	0	0	0	0	5.241806607905084	0.041931537573284376	0	476.2284335459708	1.5502714435722091
110	4.7671321747275135	4.7671321747275135	4.7671321747275135	0	35.677054251078644	15.721669611887588	0	3241.6541821390038	581.2789659560464	0	0	0	0	5.241806605174239	0.04193153698609129	0	476.228430900649	1.5502713041454097
111	4.7671321747275135	4.7671321747275135	4.7671321747275135	0	35.677054259416124	15.721669613373145	0	3241.6541917977393	581.2789669104798	0	0	0	0	5.241806602035565	0.04193153630950925	0	476.22842785605883	1.5502711435213492
112	4.7671321747275135	4.7671321747275135	4.7671321747275135	0	35.67705426719218	15.72166961475667	0	3241.654200794131	581.2789677990289	0	0	0	0	5.241806599122101	0.04193153567746195	0	476.2284250206545	1.550270993649413
113	4.7671321747275135	4.7671321747275135	4.7671321747275135	0	35.6770542677319	15.721669614845737	0	3241.654201359135	581.2789678533487	0	0	0	0	5.241806598978211	0.041931535630306264	0	476.22842484483255	1.550270983350041
114	4.7671321747275135	4.7671321747275135	4.7671321747275135	0	35.67705426825788	15.721669614932539	0	3241.6542019097324	581.2789679062829	0	0	0	0	5.241806598838001	0.04193153558435069	0	476.228424673497	1.5502709733129818
115	4.7671321747275135	4.7671321747275135	4.7671321747275135	0	35.67705426877014	15.721669615017076	0	3241.6542024459222	581.2789679578314	0	0	0	0	5.241806598701471	0.04193153553959522	0	476.22842450664774	1.5502709635382357
116	4.7671321747275135	4.7671321747275135	4.7671321747275135	0	35.67705426926869	15.72166961509935	0	3241.6542029677053	581.2789680079941	0	0	0	0	5.241806598568622	0.041931535496039854	0	476.22842434428486	1.5502709540258026
117	4.7671321747275135	4.7671321747275135	4.7671321747275135	0	35.67705426975351	15.72166961517936	0	3241.654203475081	581.2789680567712	0	0	0	0	5.241806598439452	0.041931535453684596	0	476.2284241864083	1.5502709447756826
118	4.7671321747275135	4.7671321747275135	4.7671321747275135	0	35.67705427022461	15.721669615257108	0	3241.65420396805	581.2789681041626	0	0	0	0	5.241806598313963	0.04193153541252944	0	476.22842403301814	1.5502709357878754
119	4.7671321747275135	4.7671321747275135	4.7671321747275135	0	35.677054270681985	15.721669615332589	0	3241.6542044466114	581.2789681501683	0	0	0	0	5.241806598192154	0.041931535372574394	0	476.22842388411436	1.5502709270623813
120	4.7671321747275135	4.7671321747275135	4.7671321747275135	0	35.67705427112564	15.721669615405808	0	3241.6542049107657	581.2789681947885	0	0	0	0	5.241806598074025	0.04193153533381946	0	476.2284237396969	1.5502709185992003
121	4.7671321747275135	4.7671321747275135	4.7671321747275135	0	35.677054271555576	15.721669615476763	0	3241.654205360513	581.2789682380228	0	0	0	0	5.241806597959577	0.041931535296264616	0	476.22842359976585	1.550270910398332
122	4.7671321747275135	4.7671321747275135	4.7671321747275135	0	35.677054271971784	15.721669615545455	0	3241.6542057958536	581.2789682798716	0	0	0	0	5.241806597848809	0.04193153525990989	0	476.2284234643211	1.550270902459777
123	4.7671321747275135	4.7671321747275135	4.7671321747275135	0	35.67705427237428	15.721669615611882	0	3241.654206216787	581.2789683203346	0	0	0	0	5.2418065977417205	0.04193153522475526	0	476.22842333336274	1.5502708947835349
124	4.7671321747275135	4.7671321747275135	4.7671321747275135	0	35.677054272763044	15.721669615676046	0	3241.654206623313	581.2789683594119	0	0	0	0	5.241806597638313	0.04193153519080074	0	476.2284232068908	1.5502708873696058
125	4.7671321747275135	4.7671321747275135	4.7671321747275135	0	35.67705427313809	15.721669615737946	0	3241.654207015432	581.2789683971037	0	0	0	0	5.241806597538585	0.04193153515804633	0	476.22842308490516	1.5502708802179896
126	4.7671321747275135	4.7671321747275135	4.7671321747275135	0	35.677054273499415	15.721669615797582	0	3241.654207393144	581.2789684334097	0	0	0	0	5.241806597442538	0.041931535126492024	0	476.2284229674059	1.5502708733286863
127	4.7671321747275135	4.7671321747275135	4.7671321747275135	0	35.67705427384702	15.721669615854955	0	3241.654207756449	581.27896846833	0	0	0	0	5.241806597350171	0.041931535096137826	0	476.22842285439293	1.5502708667016962
128	4.7671321747275135	4.7671321747275135	4.7671321747275135	0	35.677054274180904	15.721669615910063	0	3241.6542081053467	581.2789685018647	0	0	0	0	5.241806597261483	0.04193153506698373	0	476.2284227458664	1.550270860337019
129	4.7671321747275135	4.7671321747275135	4.7671321747275135	0	35.67705427450106	15.721669615962908	0	3241.6542084398375	581.2789685340136	0	0	0	0	5.241806597176477	0.04193153503902974	0	476.2284226418262	1.5502708542346548
130	4.7671321747275135	4.7671321747275135	4.7671321747275135	0	35.677054274807496	15.721669616013488	0	3241.654208759921	581.278968564777	0	0	0	0	5.24180659709515	0.04193153501227585	0	476.22842254227237	1.5502708483946037
131	4.7671321747275135	4.7671321747275135	4.7671321747275135	0	35.67705427510022	15.721669616061805	0	3241.6542090655976	581.2789685941545	0	0	0	0	5.241806597017503	0.04193153498672207	0	476.22842244720493	1.5502708428168654
132	4.7671321747275135	4.7671321747275135	4.7671321747275135	0	35.67705427537921	15.721669616107858	0	3241.654209356867	581.2789686221465	0	0	0	0	5.241806596943538	0.0419315349623684	0	476.2284223566238	1.5502708375014402
133	4.7671321747275135	4.7671321747275135	4.7671321747275135	0	35.67705427564448	15.721669616151647	0	3241.6542096337294	581.2789686487528	0	0	0	0	5.241806596873252	0.04193153493921483	0	476.22842227052905	1.5502708324483279
134	4.7671321747275135	4.7671321747275135	4.7671321747275135	0	35.67705427589603	15.721669616193173	0	3241.6542098961845	581.2789686739734	0	0	0	0	5.241806596806645	0.04193153491726137	0	476.22842218892066	1.5502708276575288
135	4.7671321747275135	4.7671321747275135	4.7671321747275135	0	35.67705427613386	15.721669616232436	0	3241.654210144233	581.2789686978083	0	0	0	0	5.24180659674372	0.04193153489650801	0	476.22842211179864	1.5502708231290425
136	4.7671321747275135	4.7671321747275135	4.7671321747275135	0	35.67705427635797	15.721669616269434	0	3241.654210377874	581.2789687202576	0	0	0	0	5.241806596684475	0.041931534876954765	0	476.228422039163	1.550270818862869
137	4.7671321747275135	4.7671321747275135	4.7671321747275135	0	35.677054276568356	15.721669616304169	0	3241.654210597108	581.2789687413211	0	0	0	0	5.241806596628909	0.04193153485860162	0	476.2284219710137	1.550270814859009
138	4.7671321747275135	4.7671321747275135	4.7671321747275135	0	35.67705427676502	15.721669616336639	0	3241.654210801935	581.278968760999	0	0	0	0	5.241806596577025	0.04193153484144858	0	476.22842190735076	1.5502708111174617
139	4.7671321747275135	4.7671321747275135	4.7671321747275135	0	35.677054276947956	15.721669616366846	0	3241.654210992355	581.2789687792912	0	0	0	0	5.24180659652882	0.041931534825495644	0	476.22842184817415	1.5502708076382272
140	4.7671321747275135	4.7671321747275135	4.7671321747275135	0	35.67705427711718	15.721669616394788	0	3241.6542111683675	581.2789687961977	0	0	0	0	5.241806596484295	0.04193153481074282	0	476.22842179348396	1.550270804421306
141	4.7671321747275135	4.7671321747275135	4.7671321747275135	0	35.677054277272674	15.721669616420467	0	3241.654211329973	581.2789688117185	0	0	0	0	5.2418065964434515	0.0419315347971901	0	476.2284217432801	1.5502708014666977
142	4.7671321747275135	4.7671321747275135	4.7671321747275135	0	35.677054277414456	15.721669616443883	0	3241.6542114771714	581.2789688258538	0	0	0	0	5.2418065964062865	0.04193153478483748	0	476.2284216975626	1.5502707987744024
143	4.7671321747275135	4.7671321747275135	4.7671321747275135	0	35.67705427754251	15.721669616465034	0	3241.654211609963	581.2789688386032	0	0	0	0	5.241806596372803	0.04193153477368497	0	476.2284216563315	1.55027079634442
144	4.7671321747275135	4.7671321747275135	4.7671321747275135	0	35.67705427765684	15.721669616483922	0	3241.6542117283475	581.2789688499671	0	0	0	0	5.241806596342999	0.04193153476373256	0	476.2284216195867	1.5502707941767506
145	4.7671321747275135	4.7671321747275135	4.7671321747275135	0	35.677054277757456	15.721669616500547	0	3241.6542118323246	581.2789688599452	0	0	0	0	5.241806596316875	0.041931534754980265	0	476.2284215873283	1.5502707922713943
146	4.7671321747275135	4.7671321747275135	4.7671321747275135	0	35.67705427784434	15.721669616514907	0	3241.654211921895	581.2789688685376	0	0	0	0	5.241806596294433	0.04193153474742807	0	476.22842155955624	1.550270790628351
147	4.7671321747275135	4.7671321747275135	4.7671321747275135	0	35.67705427791751	15.721669616527002	0	3241.6542119970577	581.2789688757445	0	0	0	0	5.241806596275669	0.041931534741075985	0	476.2284215362705	1.5502707892476206
148	4.7671321747275135	4.7671321747275135	4.7671321747275135	0	35.67705427797696	15.721669616536836	0	3241.6542120578138	581.2789688815656	0	0	0	0	5.241806596260586	0.041931534735924	0	476.2284215174712	1.5502707881292033
149	4.7671321747275135	4.7671321747275135	4.7671321747275135	0	35.67705427802268	15.721669616544405	0	3241.6542121041625	581.2789688860009	0	0	0	0	5.241806596249184	0.04193153473197212	0	476.22842150315824	1.550270787273099
150	4.7671321747275135	4.7671321747275135	4.7671321747275135	0	35.67705427805468	15.72166961654971	0	3241.6542121361044	581.2789688890507	0	0	0	0	5.241806596241461	0.04193153472922035	0	476.2284214933316	1.5502707866793075
151	4.7671321747275135	4.7671321747275135	4.7671321747275135	0	35.677054278072966	15.72166961655275	0	3241.654212153639	581.2789688907149	0	0	0	0	5.241806596237419	0.04193153472766869	0	476.2284214879914	1.550270786347829
152	4.7671321747275135	4.7671321747275135	4.7671321747275135	0	35.67705427807752	15.721669616553529	0	3241.654212156767	581.2789688909933	0	0	0	0	5.2418065962370575	0.04193153472731713	0	476.2284214871375	1.5502707862786635
153	4.7671321747275135	4.7671321747275135	4.7671321747275135	0	35.67705427806836	15.721669616552042	0	3241.6542121454872	581.278968889886	0	0	0	0	5.241806596240376	0.04193153472816567	0	476.22842149076996	1.5502707864718113
154	4.7671321747275135	4.7671321747275135	4.7671321747275135	0	35.677054278045475	15.721669616548292	0	3241.654212119801	581.278968887393	0	0	0	0	5.241806596247374	0.041931534730214326	0	476.2284214988888	1.5502707869272718
155	4.7671321747275135	4.7671321747275135	4.7671321747275135	0	35.67705427800887	15.721669616542277	0	3241.654212079707	581.2789688835144	0	0	0	0	5.241806596258052	0.04193153473346308	0	476.228421511494	1.5502707876450454
156	4.7671321747275135	4.7671321747275135	4.7671321747275135	0	35.67705427795854	15.721669616534	0	3241.6542120252066	581.2789688782501	0	0	0	0	5.241806596272411	0.041931534737911946	0	476.22842152858556	1.550270788625132
157	4.7671321747275135	4.7671321747275135	4.7671321747275135	0	35.677054277894484	15.721669616523458	0	3241.6542119562987	581.2789688716001	0	0	0	0	5.24180659629045	0.041931534743560914	0	476.2284215501635	1.5502707898675314
158	4.7671321747275135	4.7671321747275135	4.7671321747275135	0	35.677054277816715	15.721669616510653	0	3241.6542118729835	581.2789688635644	0	0	0	0	5.241806596312169	0.04193153475040999	0	476.22842157622773	1.550270791372244
159	4.7671321747275135	4.7671321747275135	4.7671321747275135	0	35.67705427772522	15.721669616495584	0	3241.6542117752615	581.278968854143	0	0	0	0	5.241806596337569	0.04193153475845917	0	476.2284216067784	1.5502707931392694
160	4.7671321747275135	4.7671321747275135	4.7671321747275135	0	35.67705427762001	15.72166961647825	0	3241.6542116631326	581.2789688433361	0	0	0	0	5.241806596366648	0.04193153476770846	0	476.2284216418154	1.550270795168608
161	4.7671321747275135	4.7671321747275135	4.7671321747275135	0	35.67705427750107	15.721669616458653	0	3241.6542115365964	581.2789688311434	0	0	0	0	5.2418065963994085	0.04193153477815785	0	476.2284216813388	1.5502707974602594
162	4.7671321747275135	4.7671321747275135	4.7671321747275135	0	35.67705427736841	15.721669616436794	0	3241.654211395653	581.278968817565	0	0	0	0	5.241806596435849	0.041931534789807344	0	476.2284217253485	1.550270800014224
163	4.7671321747275135	4.7671321747275135	4.7671321747275135	0	35.67705427722203	15.721669616412669	0	3241.6542112403026	581.278968802601	0	0	0	0	5.241806596475969	0.04193153480265695	0	476.22842177384456	1.5502708028305014
164	4.7671321747275135	4.7671321747275135	4.7671321747275135	0	35.67705427706193	15.721669616386281	0	3241.6542110705454	581.2789687862512	0	0	0	0	5.241806596519769	0.04193153481670665	0	476.228421826827	1.550270805909092
165	4.7671321747275135	4.7671321747275135	4.7671321747275135	0	35.6770542768881	15.72166961635763	0	3241.654210886381	581.2789687685158	0	0	0	0	5.241806596567249	0.04193153483195647	0	476.2284218842958	1.5502708092499955
166	4.7671321747275135	4.7671321747275135	4.7671321747275135	0	35.67705427670056	15.721669616326714	0	3241.654210687809	581.2789687493947	0	0	0	0	5.24180659661841	0.04193153484840639	0	476.228421946251	1.5502708128532119
167	4.7671321747275135	4.7671321747275135	4.7671321747275135	0	35.67705427649929	15.721669616293534	0	3241.6542104748305	581.278968728888	0	0	0	0	5.241806596673252	0.041931534866056414	0	476.22842201269253	1.5502708167187413
168	4.7671321747275135	4.7671321747275135	4.7671321747275135	0	35.677054276284295	15.72166961625809	0	3241.6542102474446	581.2789687069956	0	0	0	0	5.241806596731773	0.04193153488490655	0	476.2284220836204	1.5502708208465839
169	4.7671321747275135	4.7671321747275135	4.7671321747275135	0	35.677054276055586	15.721669616220384	0	3241.6542100056517	581.2789686837174	0	0	0	0	5.241806596793975	0.04193153490495678	0	476.22842215903466	1.5502708252367392
170	4.7671321747275135	4.7671321747275135	4.7671321747275135	0	35.677054275813155	15.721669616180414	0	3241.6542097494516	581.2789686590536	0	0	0	0	5.241806596859856	0.041931534926207124	0	476.22842223893525	1.5502708298892076
171	4.7671321747275135	4.7671321747275135	4.7671321747275135	0	35.677054275557	15.721669616138179	0	3241.6542094788447	581.2789686330042	0	0	0	0	5.241806596929418	0.041931534948657576	0	476.2284223233222	1.550270834803989
172	4.7671321747275135	4.7671321747275135	4.7671321747275135	0	35.67705427528712	15.72166961609368	0	3241.6542091938304	581.278968605569	0	0	0	0	5.24180659700266	0.04193153497230813	0	476.2284224121956	1.5502708399810834
173	4.7671321747275135	4.7671321747275135	4.7671321747275135	0	35.67705427500352	15.721669616046917	0	3241.6542088944093	581.2789685767482	0	0	0	0	5.241806597079583	0.04193153499715879	0	476.2284225055553	1.5502708454204908
174	4.7671321747275135	4.7671321747275135	4.7671321747275135	0	35.6770542747062	15.721669615997891	0	3241.654208580581	581.2789685465417	0	0	0	0	5.241806597160185	0.04193153502320956	0	476.2284226034013	1.5502708511222112
175	4.7671321747275135	4.7671321747275135	4.7671321747275135	0	35.67705427439516	15.721669615946603	0	3241.654208252345	581.2789685149495	0	0	0	0	5.241806597244468	0.041931535050460426	0	476.22842270573375	1.5502708570862445
176	4.7671321747275135	4.7671321747275135	4.7671321747275135	0	35.67705427407039	15.721669615893049	0	3241.654207909703	581.2789684819717	0	0	0	0	5.241806597332431	0.041931535078911404	0	476.2284228125525	1.5502708633125908
177	4.7671321747275135	4.7671321747275135	4.7671321747275135	0	35.67705427373191	15.72166961583723	0	3241.654207552653	581.2789684476081	0	0	0	0	5.241806597424074	0.041931535108562484	0	476.22842292385764	1.5502708698012502
178	4.7671321747275135	4.7671321747275135	4.7671321747275135	0	35.6770542733797	15.721669615779149	0	3241.6542071811964	581.278968411859	0	0	0	0	5.241806597519397	0.041931535139413674	0	476.22842303964916	1.5502708765522226
179	4.7671321747275135	4.7671321747275135	4.7671321747275135	0	35.67705427301377	15.721669615718804	0	3241.654206795333	581.2789683747241	0	0	0	0	5.2418065976184005	0.041931535171464966	0	476.228423159927	1.550270883565508
180	4.7671321747275135	4.7671321747275135	4.7671321747275135	0	35.677054272975624	15.7216696157124	0	3241.654206764499	581.2789683718283	0	0	0	0	5.241806597623741	0.04193153517448594	0	476.2284231689592	1.550270884159826
181	4.7671321747275135	4.7671321747275135	4.7671321747275135	0	35.67705427294605	15.721669615707413	0	3241.6542067426612	581.2789683697981	0	0	0	0	5.2418065976267885	0.041931535176758135	0	476.2284231751905	1.5502708845905067
182	4.7671321747275135	4.7671321747275135	4.7671321747275135	0	35.67705427291733	15.721669615702568	0	3241.6542067214514	581.2789683678262	0	0	0	0	5.241806597629751	0.041931535178965904	0	476.2284231812429	1.5502708850088525
183	4.7671321747275135	4.7671321747275135	4.7671321747275135	0	35.67705427288947	15.721669615697866	0	3241.65420670087	581.2789683659128	0	0	0	0	5.24180659763263	0.041931535181109245	0	476.2284231871163	1.5502708854148635
184	4.7671321747275135	4.7671321747275135	4.7671321747275135	0	35.677054272862456	15.72166961569331	0	3241.654206680916	581.2789683640577	0	0	0	0	5.2418065976354224	0.04193153518318816	0	476.22842319281074	1.5502708858085394
185	4.7671321747275135	4.7671321747275135	4.7671321747275135	0	35.677054272836294	15.721669615688898	0	3241.6542066615907	581.278968362261	0	0	0	0	5.2418065976381305	0.04193153518520265	0	476.22842319832625	1.5502708861898806
186	4.7671321747275135	4.7671321747275135	4.7671321747275135	0	35.677054272810985	15.721669615684627	0	3241.654206642893	581.2789683605229	0	0	0	0	5.241806597640753	0.04193153518715271	0	476.2284232036628	1.550270886558887
187	4.7671321747275135	4.7671321747275135	4.7671321747275135	0	35.67705427278653	15.7216696156805	0	3241.6542066248235	581.278968358843	0	0	0	0	5.241806597643291	0.041931535189038346	0	476.2284232088204	1.5502708869155584
188	4.7671321747275135	4.7671321747275135	4.7671321747275135	0	35.67705427276292	15.72166961567652	0	3241.654206607382	581.2789683572216	0	0	0	0	5.241806597645744	0.041931535190859556	0	476.22842321379903	1.550270887259895
189	4.7671321747275135	4.7671321747275135	4.7671321747275135	0	35.67705427274017	15.721669615672681	0	3241.6542065905683	581.2789683556587	0	0	0	0	5.241806597648111	0.04193153519261634	0	476.2284232185987	1.5502708875918967
190	4.7671321747275135	4.7671321747275135	4.7671321747275135	0	35.67705427271827	15.721669615668986	0	3241.654206574383	581.278968354154	0	0	0	0	5.241806597650394	0.04193153519430869	0	476.2284232232194	1.5502708879115636
191	4.7671321747275135	4.7671321747275135	4.7671321747275135	0	35.67705427269723	15.721669615665435	0	3241.6542065588255	581.2789683527078	0	0	0	0	5.241806597652592	0.04193153519593662	0	476.2284232276612	1.5502708882188956
192	4.7671321747275135	4.7671321747275135	4.7671321747275135	0	35.67705427267703	15.721669615662028	0	3241.654206543896	581.2789683513201	0	0	0	0	5.241806597654704	0.04193153519750012	0	476.228423231924	1.5502708885138927
193	4.7671321747275135	4.7671321747275135	4.7671321747275135	0	35.67705427265769	15.721669615658763	0	3241.6542065295944	581.2789683499908	0	0	0	0	5.241806597656732	0.0419315351989992	0	476.22842323600787	1.550270888796555
194	4.7671321747275135	4.7671321747275135	4.7671321747275135	0	35.6770542726392	15.721669615655644	0	3241.654206515921	581.2789683487198	0	0	0	0	5.241806597658674	0.04193153520043384	0	476.2284232399128	1.5502708890668826
195	4.7671321747275135	4.7671321747275135	4.7671321747275135	0	35.67705427262156	15.721669615652669	0	3241.6542065028757	581.2789683475073	0	0	0	0	5.241806597660531	0.041931535201804065	0	476.2284232436387	1.5502708893248751
196	4.7671321747275135	4.7671321747275135	4.7671321747275135	0	35.67705427260478	15.721669615649835	0	3241.6542064904584	581.2789683463532	0	0	0	0	5.241806597662304	0.04193153520310986	0	476.22842324718573	1.5502708895705328
197	4.7671321747275135	4.7671321747275135	4.7671321747275135	0	35.67705427258884	15.721669615647148	0	3241.654206478669	581.2789683452575	0	0	0	0	5.241806597663991	0.04193153520435123	0	476.22842325055376	1.5502708898038555
198	4.7671321747275135	4.7671321747275135	4.7671321747275135	0	35.67705427257376	15.721669615644602	0	3241.6542064675077	581.2789683442202	0	0	0	0	5.241806597665593	0.04193153520552817	0	476.22842325374285	1.5502708900248436
199	4.7671321747275135	4.7671321747275135	4.7671321747275135	0	35.67705427255953	15.7216696156422	0	3241.6542064569744	581.2789683432413	0	0	0	0	5.241806597667111	0.04193153520664068	0	476.22842325675293	1.5502708902334967
200	4.7671321747275135	4.7671321747275135	4.7671321747275135	0	35.67705427254615	15.721669615639943	0	3241.654206447069	581.2789683423208	0	0	0	0	5.241806597668543	0.04193153520768877	0	476.22842325958413	1.550270890429815
201	4.7671321747275135	4.7671321747275135	4.7671321747275135	0	35.67705427253363	15.721669615637829	0	3241.654206437792	581.2789683414587	0	0	0	0	5.24180659766989	0.04193153520867243	0	476.22842326223633	1.5502708906137983
202	4.7671321747275135	4.7671321747275135	4.7671321747275135	0	35.67705427252196	15.721669615635859	0	3241.6542064291425	581.2789683406551	0	0	0	0	5.241806597671152	0.04193153520959166	0	476.2284232647096	1.550270890785447
203	4.7671321747275135	4.7671321747275135	4.7671321747275135	0	35.677054272511135	15.721669615634033	0	3241.654206421121	581.2789683399099	0	0	0	0	5.24180659767233	0.04193153521044647	0	476.2284232670039	1.5502708909447607
204	4.7671321747275135	4.7671321747275135	4.7671321747275135	0	35.67705427250117	15.72166961563235	0	3241.6542064137284	581.2789683392231	0	0	0	0	5.241806597673421	0.04193153521123685	0	476.2284232691192	1.5502708910917395
205	4.7671321747275135	4.7671321747275135	4.7671321747275135	0	35.67705427249205	15.721669615630812	0	3241.654206406963	581.2789683385946	0	0	0	0	5.241806597674429	0.04193153521196281	0	476.2284232710556	1.5502708912263834
206	4.7671321747275135	4.7671321747275135	4.7671321747275135	0	35.67705427248379	15.721669615629416	0	3241.654206400826	581.2789683380246	0	0	0	0	5.2418065976753505	0.041931535212624334	0	476.2284232728131	1.5502708913486924
207	4.7671321747275135	4.7671321747275135	4.7671321747275135	0	35.677054272476376	15.721669615628166	0	3241.6542063953166	581.278968337513	0	0	0	0	5.241806597676187	0.04193153521322143	0	476.2284232743915	1.5502708914586667
208	4.7671321747275135	4.7671321747275135	4.7671321747275135	0	35.67705427246982	15.721669615627057	0	3241.654206390436	581.2789683370598	0	0	0	0	5.2418065976769395	0.04193153521375411	0	476.22842327579104	1.5502708915563062
209	4.7671321747275135	4.7671321747275135	4.7671321747275135	0	35.677054272464105	15.721669615626093	0	3241.6542063861825	581.2789683366651	0	0	0	0	5.2418065976776065	0.041931535214222354	0	476.2284232770116	1.5502708916416106
210	4.7671321747275135	4.7671321747275135	4.7671321747275135	0	35.67705427245925	15.721669615625274	0	3241.6542063825573	581.2789683363287	0	0	0	0	5.241806597678188	0.04193153521462618	0	476.22842327805324	1.5502708917145802
211	4.7671321747275135	4.7671321747275135	4.7671321747275135	0	35.67705427245525	15.721669615624597	0	3241.6542063795605	581.2789683360508	0	0	0	0	5.241806597678685	0.041931535214965565	0	476.2284232789159	1.550270891775215
212	4.7671321747275135	4.7671321747275135	4.7671321747275135	0	35.6770542724521	15.721669615624064	0	3241.6542063771913	581.2789683358312	0	0	0	0	5.241806597679097	0.04193153521524053	0	476.22842327959955	1.550270891823515
213	4.7671321747275135	4.7671321747275135	4.7671321747275135	0	35.6770542724498	15.721669615623675	0	3241.6542063754505	581.2789683356701	0	0	0	0	5.241806597679424	0.04193153521545107	0	476.2284232801043	1.55027089185948
214	4.7671321747275135	4.7671321747275135	4.7671321747275135	0	35.67705427244835	15.72166961562343	0	3241.6542063743373	581.2789683355674	0	0	0	0	5.241806597679665	0.041931535215597185	0	476.2284232804301	1.5502708918831103
215	4.7671321747275135	4.7671321747275135	4.7671321747275135	0	35.67705427244776	15.721669615623327	0	3241.6542063738525	581.2789683355231	0	0	0	0	5.241806597679822	0.04193153521567887	0	476.2284232805769	1.5502708918944057
216	4.7671321747275135	4.7671321747275135	4.7671321747275135	0	35.67705427244802	15.72166961562337	0	3241.6542063739953	581.2789683355372	0	0	0	0	5.2418065976798935	0.041931535215696134	0	476.2284232805448	1.550270891893366
217	4.7671321747275135	4.7671321747275135	4.7671321747275135	0	35.67705427244913	15.721669615623556	0	3241.6542063747665	581.2789683356098	0	0	0	0	5.24180659767988	0.04193153521564896	0	476.22842328033374	1.5502708918799917
218	4.7671321747275135	4.7671321747275135	4.7671321747275135	0	35.677054272451095	15.721669615623885	0	3241.654206376166	581.2789683357406	0	0	0	0	5.241806597679782	0.04193153521553737	0	476.2284232799437	1.5502708918542825
219	4.7671321747275135	4.7671321747275135	4.7671321747275135	0	35.67705427245391	15.721669615624359	0	3241.6542063781926	581.27896833593	0	0	0	0	5.241806597679598	0.041931535215361346	0	476.2284232793747	1.5502708918162384
220	4.7671321747275135	4.7671321747275135	4.7671321747275135	0	35.677054272457575	15.721669615624975	0	3241.654206380848	581.2789683361777	0	0	0	0	5.2418065976793295	0.0419315352151209	0	476.22842327862674	1.5502708917658594
221	4.7671321747275135	4.7671321747275135	4.7671321747275135	0	35.677054272462094	15.721669615625736	0	3241.654206384131	581.2789683364839	0	0	0	0	5.241806597678976	0.041931535214816025	0	476.22842327769985	1.5502708917031456
222	4.7671321747275135	4.7671321747275135	4.7671321747275135	0	35.677054272467466	15.72166961562664	0	3241.6542063880424	581.2789683368485	0	0	0	0	5.241806597678537	0.04193153521444672	0	476.22842327659396	1.550270891628097
223	4.7671321747275135	4.7671321747275135	4.7671321747275135	0	35.67705427247369	15.721669615627688	0	3241.6542063925813	581.2789683372715	0	0	0	0	5.241806597678014	0.041931535214012994	0	476.2284232753091	1.5502708915407133
224	4.7671321747275135	4.7671321747275135	4.7671321747275135	0	35.67705427248077	15.72166961562888	0	3241.6542063977486	581.2789683377529	0	0	0	0	5.241806597677405	0.041931535213514844	0	476.2284232738454	1.5502708914409948
225	4.7671321747275135	4.7671321747275135	4.7671321747275135	0	35.6770542724887	15.721669615630216	0	3241.654206403544	581.2789683382927	0	0	0	0	5.241806597676711	0.04193153521295226	0	476.22842327220263	1.5502708913289416
226	4.7671321747275135	4.7671321747275135	4.7671321747275135	0	35.67705427249748	15.721669615631695	0	3241.654206409967	581.2789683388909	0	0	0	0	5.241806597675932	0.041931535212325254	0	476.228423270381	1.5502708912045535
227	4.7671321747275135	4.7671321747275135	4.7671321747275135	0	35.67705427250711	15.721669615633317	0	3241.6542064170185	581.2789683395475	0	0	0	0	5.241806597675069	0.041931535211633814	0	476.2284232683803	1.5502708910678307
228	4.7671321747275135	4.7671321747275135	4.7671321747275135	0	35.677054272517594	15.721669615635085	0	3241.654206424698	581.2789683402626	0	0	0	0	5.24180659767412	0.04193153521087795	0	476.2284232662007	1.5502708909187728
229	4.7671321747275135	4.7671321747275135	4.7671321747275135	0	35.677054272528935	15.721669615636996	0	3241.654206433005	581.278968341036	0	0	0	0	5.2418065976730865	0.041931535210057665	0	476.22842326384216	1.55027089075738
230	4.7671321747275135	4.7671321747275135	4.7671321747275135	0	35.67705427254112	15.72166961563905	0	3241.6542064419405	581.2789683418679	0	0	0	0	5.241806597671967	0.04193153520917295	0	476.22842326130467	1.5502708905836524
231	4.7671321747275135	4.7671321747275135	4.7671321747275135	0	35.677054272554166	15.721669615641247	0	3241.654206451504	581.2789683427582	0	0	0	0	5.241806597670763	0.04193153520822381	0	476.22842325858824	1.55027089039759
232	4.7671321747275135	4.7671321747275135	4.7671321747275135	0	35.67705427256806	15.721669615643588	0	3241.654206461695	581.2789683437069	0	0	0	0	5.241806597669474	0.04193153520721024	0	476.2284232556928	1.5502708901991926
233	4.7671321747275135	4.7671321747275135	4.7671321747275135	0	35.6770542725828	15.721669615646075	0	3241.6542064725145	581.278968344714	0	0	0	0	5.2418065976681	0.04193153520613224	0	476.2284232526184	1.5502708899884605
234	4.7671321747275135	4.7671321747275135	4.7671321747275135	0	35.677054272598404	15.721669615648704	0	3241.6542064839623	581.2789683457795	0	0	0	0	5.241806597666641	0.04193153520498982	0	476.2284232493651	1.5502708897653936
235	4.7671321747275135	4.7671321747275135	4.7671321747275135	0	35.67705427261485	15.721669615651475	0	3241.6542064960377	581.2789683469034	0	0	0	0	5.241806597665097	0.041931535203782976	0	476.2284232459328	1.5502708895299917
236	4.7671321747275135	4.7671321747275135	4.7671321747275135	0	35.677054272632155	15.721669615654392	0	3241.654206508741	581.2789683480858	0	0	0	0	5.241806597663468	0.041931535202511694	0	476.2284232423216	1.550270889282255
237	4.7671321747275135	4.7671321747275135	4.7671321747275135	0	35.67705427265031	15.721669615657452	0	3241.6542065220724	581.2789683493265	0	0	0	0	5.241806597661753	0.04193153520117599	0	476.2284232385314	1.5502708890221832
238	4.7671321747275135	4.7671321747275135	4.7671321747275135	0	35.67705427266932	15.721669615660657	0	3241.6542065360322	581.2789683506256	0	0	0	0	5.241806597659955	0.04193153519977587	0	476.22842323456223	1.550270888749777
239	4.7671321747275135	4.7671321747275135	4.7671321747275135	0	35.677054272689176	15.721669615664004	0	3241.6542065506196	581.2789683519832	0	0	0	0	5.24180659765807	0.04193153519831131	0	476.2284232304141	1.5502708884650356
240	4.7671321747275135	4.7671321747275135	4.7671321747275135	0	35.67705427270989	15.721669615667496	0	3241.654206565835	581.2789683533991	0	0	0	0	5.241806597656101	0.041931535196782325	0	476.22842322608705	1.5502708881679594
