0	4.7671321747275135	4.7671321747275135	4.7671321747275135	0	0	0	0	0	0	0	0	0	0	0	0	0	0	0
1	4.7671321747275135	4.7671321747275135	4.7671321747275135	0	0	0	0	0	0	0	0	0	0	0	0	0	0	0
2	4.7671321747275135	4.7671321747275135	4.7671321747275135	0	0	0	0	0	0	0	0	0	0	0	0	0	0	0
3	4.7671321747275135	4.7671321747275135	4.7671321747275135	0	0	0	0	0	0	0	0	0	0	0	0	0	0	0
4	4.7671321747275135	4.7671321747275135	4.7671321747275135	0	0	0	0	0	0	0	0	0	0	0	0	0	0	0
5	4.7671321747275135	4.7671321747275135	4.7671321747275135	0	0	0	0	0	0	0	0	0	0	0	0	0	0	0
6	4.7671321747275135	4.7671321747275135	4.7671321747275135	0	0	0	0	0	0	0	0	0	0	0	0	0	0	0
7	4.7671321747275135	4.7671321747275135	4.7671321747275135	0	0	0	0	0	0	0	0	0	0	0	0	0	0	0
8	4.7671321747275135	4.7671321747275135	4.7671321747275135	0	0	0	0	0	0	0	0	0	0	0	0	0	0	0
9	4.7671321747275135	4.7671321747275135	4.7671321747275135	0	0	0	0	0	0	0	0	0	0	0	0	0	0	0
10	4.7671321747275135	4.7671321747275135	4.7671321747275135	0	0	0	0	0	0	0	0	0	0	0	0	0	0	0
11	4.7671321747275135	4.7671321747275135	4.7671321747275135	0	0	0	0	0	0	0	0	0	0	0	0	0	0	0
12	4.767132174727512	4.767132174727514	4.7671321747275135	45.59033897321389	50.64621129955222	21.118874111932975	4076.110505076945	3731.4126162690363	643.0618188631789	0	0	0	-0.004115091574027634	-0.0047267971323968075	-0.001927522281182799	-0.36787333903954256	-0.35647117825956837	-0.05971907903406719
13	4.7671321747275135	4.7671321747275135	4.7671321747275135	45.59161011814437	50.99028582772399	21.16577805823251	4717.332831372293	4519.06037281804	765.4153942481568	0	0	0	-0.004115206310587441	-0.004728754235929524	-0.0019272329470233249	-0.4257433633517524	-0.42071040546661204	-0.06985675085868555
14	4.7671321747275135	4.7671321747275135	4.7671321747275135	45.59161014885351	51.02318132846908	21.17017431297301	4794.990302443764	4621.240001273313	780.602332002353	0	0	0	-0.004115206313359394	-0.004728855481805658	-0.0019271920497842857	-0.43275191487560816	-0.4285174410403729	-0.07108143656094665
15	4.7671321747275135	4.7671321747275135	4.7671321747275135	45.59161014885388	51.02712270050761	21.170708270740548	4804.369288879811	4634.341555703233	782.4781697434772	0	0	0	-0.004115206313359545	-0.004728861452818541	-0.0019271857720118371	-0.43359836414541514	-0.4294620482189444	-0.07122890809873822
16	4.7671321747275135	4.7671321747275135	4.7671321747275135	45.59161014885389	51.027602106849756	21.170774223970373	4805.489190527443	4635.999336465979	782.7073420702884	0	0	0	-0.004115206313359544	-0.004728861179189676	-0.001927184791353512	-0.43369943476092565	-0.42957489408366223	-0.07124644868435476
17	4.7671321747275135	4.7671321747275135	4.7671321747275135	45.59161014885388	51.02765865770338	21.17078212358278	4805.619251025065	4636.203586418646	782.7346180532975	0	0	0	-0.0041152063133595455	-0.004728861085569886	-0.0019271846583757849	-0.43371117266186837	-0.42958798659600755	-0.07124847533135402
18	4.7671321747275135	4.7671321747275135	4.7671321747275135	45.59161014885388	51.02766466855589	21.17078297924288	4805.632418920306	4636.225721118455	782.7374629189472	0	0	0	-0.0041152063133595455	-0.004728861039892644	-0.0019271846378181342	-0.4337123610583031	-0.42958930771618115	-0.07124867896477421
19	4.7671321747275135	4.7671321747275135	4.7671321747275135	45.59161014885389	51.02766534245047	21.170783077608494	4805.63383918216	4636.228349943016	782.7377837435879	0	0	0	-0.004115206313359545	-0.004728861032467064	-0.0019271846349913115	-0.43371248923631894	-0.4295894492210392	-0.07124870064420988
20	4.7671321747275135	4.7671321747275135	4.7671321747275135	45.59161014885388	51.02766521727046	21.17078305978505	4805.633527077912	4636.227811998222	782.7377156028082	0	0	0	-0.004115206313359545	-0.004728861030650389	-0.0019271846350058686	-0.43371246106922084	-0.4295894178260362	-0.07124869582121092
21	4.7671321747275135	4.7671321747275135	4.7671321747275135	45.59161014885388	51.02766512842309	21.170783046968893	4805.633336659758	4636.2274803492655	782.7376738261553	0	0	0	-0.004115206313359545	-0.0047288610315381644	-0.0019271846353602978	-0.4337124438841528	-0.4295893987056389	-0.07124869288421226
22	4.7671321747275135	4.7671321747275135	4.7671321747275135	45.59161014885388	51.027665084260136	21.17078304058785	4805.633243381524	4636.227316848274	782.7376533001294	0	0	0	-0.004115206313359545	-0.004728861032071549	-0.001927184635550054	-0.4337124354657983	-0.4295893893560951	-0.07124869144754326
23	4.7671321747275135	4.7671321747275135	4.7671321747275135	45.59161014885388	51.0276650847816	21.170783040641926	4805.633247243211	4636.227321495247	782.7376540247304	0	0	0	-0.004115206313359545	-0.004728861032250544	-0.0019271846355751374	-0.4337124358141572	-0.42958938977740485	-0.07124869151120389
24	4.7671321747275135	4.7671321747275135	4.7671321747275135	45.59161014885388	51.02766512998749	21.170783047131117	4805.633348244818	4636.227494290186	782.7376759999586	0	0	0	-0.004115206313359544	-0.004728861032075148	-0.001927184635435548	-0.43371244492922956	-0.4295893999695681	-0.07124869307519417
25	4.7671321747275135	4.7671321747275135	4.7671321747275135	45.59161014885389	51.02766514070781	21.170783048685056	4805.633369582779	4636.2275317705535	782.7376807000607	0	0	0	-0.004115206313359544	-0.0047288610318517625	-0.001927184635375779	-0.4337124468550886	-0.42958940210253843	-0.07124869340343584
26	4.7671321747275135	4.7671321747275135	4.7671321747275135	45.59161014885389	51.02766515020062	21.17078305006163	4805.6333883795	4636.227564824842	782.7376848426288	0	0	0	-0.004115206313359545	-0.004728861031647154	-0.0019271846353218415	-0.43371244855159213	-0.4295894039806154	-0.07124869369249594
27	4.7671321747275135	4.7671321747275135	4.7671321747275135	45.59161014885389	51.02766515882421	21.170783051312235	4805.633405444177	4636.227594837258	782.7376886037114	0	0	0	-0.004115206313359545	-0.004728861031460554	-0.0019271846352727194	-0.43371245009176684	-0.42958940568548815	-0.07124869395490668
28	4.7671321747275135	4.7671321747275135	4.7671321747275135	45.59161014885388	51.02766516657861	21.170783052436875	4805.6334207768095	4636.227621807799	782.7376919833084	0	0	0	-0.004115206313359545	-0.00472886103129196	-0.0019271846352284126	-0.43371245147561266	-0.4295894072171566	-0.07124869419066807
29	4.7671321747275135	4.7671321747275135	4.7671321747275135	45.59161014885388	51.02766517346379	21.17078305343555	4805.633434377398	4636.227645736466	782.7376949814198	0	0	0	-0.004115206313359545	-0.004728861031141376	-0.0019271846351889214	-0.4337124527031296	-0.42958940857562083	-0.07124869439978009
30	4.7671321747275135	4.7671321747275135	4.7671321747275135	45.59161014885388	51.02766517947976	21.17078305430826	4805.633446245942	4636.227666623258	782.7376975980458	0	0	0	-0.004115206313359545	-0.004728861031008799	-0.0019271846351542454	-0.43371245377431766	-0.42958940976088084	-0.07124869458224276
31	4.7671321747275135	4.7671321747275135	4.7671321747275135	45.59161014885388	51.02766518462653	21.170783055055004	4805.633456382441	4636.227684468176	782.7376998331862	0	0	0	-0.004115206313359545	-0.00472886103089423	-0.001927184635124385	-0.4337124546891768	-0.4295894107729366	-0.07124869473805606
32	4.7671321747275135	4.7671321747275135	4.7671321747275135	45.59161014885388	51.02766518890409	21.17078305567578	4805.633464786897	4636.227699271221	782.737701686841	0	0	0	-0.004115206313359545	-0.004728861030797669	-0.0019271846350993396	-0.4337124554477071	-0.4295894116117881	-0.07124869486722002
33	4.7671321747275135	4.7671321747275135	4.7671321747275135	45.59161014885388	51.02766519231244	21.170783056170592	4805.633471459308	4636.227711032391	782.7377031590102	0	0	0	-0.0041152063133595455	-0.0047288610307191165	-0.00192718463507911	-0.4337124560499085	-0.42958941227743536	-0.07124869496973461
34	4.7671321747275135	4.7671321747275135	4.7671321747275135	45.59161014885388	51.027665194851586	21.170783056539438	4805.633476399675	4636.227719751687	782.7377042496939	0	0	0	-0.0041152063133595455	-0.004728861030658571	-0.0019271846350636956	-0.43371245649578105	-0.42958941276987833	-0.07124869504559986
35	4.7671321747275135	4.7671321747275135	4.7671321747275135	45.59161014885388	51.02766519652152	21.17078305678232	4805.633479607997	4636.2277254291075	782.737704958892	0	0	0	-0.0041152063133595455	-0.004728861030616034	-0.0019271846350530969	-0.43371245678532466	-0.42958941308911713	-0.07124869509481574
36	4.7671321747275135	4.7671321747275135	4.7671321747275135	45.59161014885388	51.02766519732225	21.170783056899236	4805.633481084276	4636.227728064655	782.7377052866045	0	0	0	-0.004115206313359545	-0.004728861030591504	-0.0019271846350473133	-0.43371245691853944	-0.42958941323515165	-0.07124869511738227
37	4.7671321747275135	4.7671321747275135	4.7671321747275135	45.59161014885388	51.027665197253775	21.170783056890187	4805.63348082851	4636.227727658328	782.7377052328316	0	0	0	-0.004115206313359545	-0.004728861030584983	-0.0019271846350463451	-0.4337124568954253	-0.4295894132079819	-0.07124869511329944
38	4.7671321747275135	4.7671321747275135	4.7671321747275135	45.59161014885388	51.027665196316086	21.17078305675517	4805.6334788407	4636.227724210126	782.737704797573	0	0	0	-0.004115206313359545	-0.00472886103059647	-0.0019271846350501925	-0.4337124567159823	-0.42958941300760795	-0.07124869508256725
39	4.7671321747275135	4.7671321747275135	4.7671321747275135	45.59161014885388	51.0276651945092	21.170783056494187	4805.633475120846	4636.227717720051	782.7377039808289	0	0	0	-0.004115206313359545	-0.0047288610306259644	-0.001927184635058855	-0.4337124563802104	-0.4295894126340297	-0.0712486950251857
40	4.7671321747275135	4.7671321747275135	4.7671321747275135	45.59161014885388	51.027665191833094	21.17078305610724	4805.633469668947	4636.227708188101	782.7377027825992	0	0	0	-0.004115206313359545	-0.004728861030673466	-0.0019271846350723332	-0.43371245588810964	-0.42958941208724727	-0.0712486949411548
41	4.7671321747275135	4.7671321747275135	4.7671321747275135	45.59161014885388	51.027665188287784	21.170783055594327	4805.633462485005	4636.227695614278	782.737701202884	0	0	0	-0.004115206313359545	-0.004728861030738977	-0.0019271846350906268	-0.43371245523968	-0.42958941136726053	-0.07124869483047454
42	4.7671321747275135	4.7671321747275135	4.7671321747275135	45.59161014885388	51.027665183873275	21.17078305495545	4805.6334535690185	4636.227679998579	782.7376992416831	0	0	0	-0.004115206313359545	-0.004728861030822496	-0.0019271846351137357	-0.43371245443492146	-0.42958941047406957	-0.07124869469314493
43	4.7671321747275135	4.7671321747275135	4.7671321747275135	45.59161014885388	51.02766517858955	21.170783054190604	4805.633442920986	4636.227661341007	782.7376968989968	0	0	0	-0.004115206313359544	-0.004728861030924021	-0.00192718463514166	-0.433712453473834	-0.42958940940767437	-0.07124869452916595
44	4.7671321747275135	4.7671321747275135	4.7671321747275135	45.59161014885388	51.02766517243662	21.170783053299793	4805.633430540911	4636.22763964156	782.7376941748249	0	0	0	-0.004115206313359544	-0.004728861031043556	-0.0019271846351743998	-0.43371245235641775	-0.42958940816807495	-0.07124869433853763
45	4.7671321747275135	4.7671321747275135	4.7671321747275135	45.59161014885388	51.02766516985355	21.170783052923856	4805.633425666123	4636.227631033938	782.7376930983612	0	0	0	-0.004115206313359544	-0.004728861031115814	-0.001927184635191583	-0.4337124519164773	-0.42958940768303516	-0.07124869426373437
46	4.7671321747275135	4.7671321747275135	4.7671321747275135	45.59161014885388	51.02766516888465	21.170783052781065	4805.633424129615	4636.227628260232	782.7376927554294	0	0	0	-0.004115206313359544	-0.0047288610311629125	-0.0019271846352011443	-0.4337124517778628	-0.4295894075331062	-0.07124869424040578
47	4.7671321747275135	4.7671321747275135	4.7671321747275135	45.59161014885388	51.0276651679886	21.170783052649007	4805.633422708582	4636.227625694747	782.737692438256	0	0	0	-0.004115206313359544	-0.004728861031206465	-0.0019271846352099924	-0.43371245164966615	-0.4295894073944539	-0.07124869421883147
48	4.7671321747275135	4.7671321747275135	4.7671321747275135	45.59161014885389	51.02766516716538	21.170783052527685	4805.633421403022	4636.227623337481	782.7376921468411	0	0	0	-0.004115206313359544	-0.004728861031246474	-0.0019271846352181279	-0.4337124515318873	-0.4295894072670782	-0.07124869419901146
49	4.7671321747275135	4.7671321747275135	4.7671321747275135	45.59161014885389	51.027665166415005	21.170783052417093	4805.633420212936	4636.227621188436	782.7376918811846	0	0	0	-0.004115206313359544	-0.004728861031282937	-0.0019271846352255499	-0.4337124514245263	-0.42958940715097926	-0.07124869418094573
50	4.7671321747275135	4.7671321747275135	4.7671321747275135	45.59161014885389	51.02766516573747	21.170783052317233	4805.633419138324	4636.22761924761	782.7376916412866	0	0	0	-0.004115206313359543	-0.004728861031315855	-0.0019271846352322591	-0.4337124513275832	-0.429589407046157	-0.0712486941646343
51	4.7671321747275135	4.7671321747275135	4.7671321747275135	45.59161014885389	51.02766516513277	21.170783052228103	4805.633418179185	4636.2276175150055	782.7376914271468	0	0	0	-0.004115206313359543	-0.0047288610313452285	-0.0019271846352382552	-0.43371245124105784	-0.4295894069526114	-0.07124869415007713
52	4.7671321747275135	4.7671321747275135	4.7671321747275135	45.59161014885389	51.02766516460091	21.17078305214971	4805.633417335521	4636.22761599062	782.7376912387657	0	0	0	-0.004115206313359543	-0.004728861031371057	-0.0019271846352435383	-0.43371245116495033	-0.4295894068703424	-0.07124869413727426
53	4.7671321747275135	4.7671321747275135	4.7671321747275135	45.59161014885389	51.02766516414189	21.170783052082047	4805.63341660733	4636.227614674454	782.7376910761429	0	0	0	-0.004115206313359543	-0.004728861031393339	-0.0019271846352481084	-0.4337124510992607	-0.4295894067993501	-0.07124869412622568
54	4.7671321747275135	4.7671321747275135	4.7671321747275135	45.59161014885389	51.02766516375571	21.17078305202512	4805.633415994614	4636.22761356651	782.7376909392785	0	0	0	-0.004115206313359544	-0.004728861031412077	-0.0019271846352519654	-0.4337124510439889	-0.42958940673963447	-0.07124869411693138
55	4.7671321747275135	4.7671321747275135	4.7671321747275135	45.59161014885389	51.027665163442364	21.17078305197892	4805.633415497371	4636.227612666784	782.7376908281726	0	0	0	-0.004115206313359544	-0.0047288610314272705	-0.0019271846352551093	-0.4337124509991349	-0.4295894066911955	-0.07124869410939137
56	4.7671321747275135	4.7671321747275135	4.7671321747275135	45.59161014885389	51.02766516320186	21.170783051943456	4805.6334151156025	4636.22761197528	782.7376907428252	0	0	0	-0.004115206313359544	-0.0047288610314389174	-0.0019271846352575403	-0.4337124509646988	-0.4295894066540332	-0.07124869410360565
57	4.7671321747275135	4.7671321747275135	4.7671321747275135	45.59161014885389	51.02766516303419	21.170783051918722	4805.633414849308	4636.227611491994	782.7376906832361	0	0	0	-0.004115206313359544	-0.00472886103144702	-0.0019271846352592581	-0.43371245094068045	-0.4295894066281476	-0.07124869409957421
58	4.7671321747275135	4.7671321747275135	4.7671321747275135	45.59161014885389	51.02766516293937	21.17078305190472	4805.633414698486	4636.227611216929	782.7376906494055	0	0	0	-0.004115206313359544	-0.004728861031451578	-0.001927184635260263	-0.43371245092708	-0.42958940661353867	-0.07124869409729706
59	4.7671321747275135	4.7671321747275135	4.7671321747275135	45.59161014885389	51.02766516291739	21.170783051901452	4805.63341466314	4636.227611150084	782.7376906413333	0	0	0	-0.004115206313359544	-0.0047288610314525905	-0.0019271846352605549	-0.4337124509238974	-0.4295894066102064	-0.0712486940967742
60	4.7671321747275135	4.7671321747275135	4.7671321747275135	45.59161014885389	51.02766516296824	21.170783051908916	4805.633414743266	4636.22761129146	782.7376906590196	0	0	0	-0.004115206313359544	-0.004728861031450058	-0.0019271846352601337	-0.4337124509311326	-0.42958940661815076	-0.07124869409800563
61	4.7671321747275135	4.7671321747275135	4.7671321747275135	45.59161014885389	51.02766516309193	21.170783051927113	4805.633414938867	4636.227611641055	782.7376907024642	0	0	0	-0.004115206313359544	-0.00472886103144398	-0.0019271846352589995	-0.43371245094878563	-0.42958940663737183	-0.07124869410099134
62	4.7671321747275135	4.7671321747275135	4.7671321747275135	45.59161014885388	51.02766516328846	21.170783051956043	4805.633415249941	4636.227612198871	782.7376907716673	0	0	0	-0.004115206313359545	-0.004728861031434358	-0.0019271846352571522	-0.4337124509768565	-0.42958940666786954	-0.07124869410573133
63	4.7671321747275135	4.7671321747275135	4.7671321747275135	45.59161014885388	51.02766516355783	21.170783051995706	4805.63341567649	4636.227612964906	782.7376908666288	0	0	0	-0.004115206313359545	-0.00472886103142119	-0.001927184635254592	-0.4337124510153452	-0.4295894067096439	-0.07124869411222562
64	4.7671321747275135	4.7671321747275135	4.7671321747275135	45.59161014885388	51.02766516390004	21.1707830520461	4805.633416218512	4636.2276139391615	782.7376909873487	0	0	0	-0.004115206313359545	-0.004728861031404477	-0.0019271846352513185	-0.43371245106425177	-0.42958940676269497	-0.07124869412047419
65	4.7671321747275135	4.7671321747275135	4.7671321747275135	45.59161014885388	51.02766516431509	21.17078305210723	4805.633416876009	4636.227615121637	782.7376911338272	0	0	0	-0.004115206313359545	-0.00472886103138422	-0.0019271846352473321	-0.43371245112357615	-0.4295894068270227	-0.07124869413047703
66	4.7671321747275135	4.7671321747275135	4.7671321747275135	45.59161014885388	51.027665164802976	21.170783052179086	4805.633417648978	4636.227616512333	782.737691306064	0	0	0	-0.0041152063133595455	-0.004728861031360417	-0.0019271846352426328	-0.43371245119331836	-0.4295894069026271	-0.07124869414223418
67	4.7671321747275135	4.7671321747275135	4.7671321747275135	45.59161014885388	51.0276651653637	21.170783052261676	4805.633418537423	4636.227618111248	782.7376915040593	0	0	0	-0.0041152063133595455	-0.004728861031333069	-0.0019271846352372204	-0.4337124512734784	-0.42958940698950815	-0.07124869415574561
68	4.7671321747275135	4.7671321747275135	4.7671321747275135	45.591610148853874	51.02766516599727	21.170783052355002	4805.63341954134	4636.227619918384	782.737691727813	0	0	0	-0.0041152063133595455	-0.004728861031302175	-0.001927184635231095	-0.4337124513640563	-0.42958940708766585	-0.07124869417101133
69	4.7671321747275135	4.7671321747275135	4.7671321747275135	45.591610148853896	51.027665166501706	21.17078305243001	4805.633420232894	4636.227621178922	782.7376918829012	0	0	0	-0.004115206313358641	-0.0047288610312701245	-0.0019271846352219692	-0.4337124514262231	-0.4295894071543388	-0.07124869418139348
70	4.7671321747275135	4.7671321747275135	4.7671321747275135	45.5916101488539	51.02766516669414	21.17078305245867	4805.633420503063	4636.22762167987	782.7376919440035	0	0	0	-0.004115206313358771	-0.004728861031257441	-0.0019271846352195714	-0.43371245145061516	-0.42958940717986616	-0.07124869418541924
71	4.7671321747275135	4.7671321747275135	4.7671321747275135	45.59161014885388	51.02766516660168	21.17078305244461	4805.633420453295	4636.22762159694	782.7376919333101	0	0	0	-0.004115206313360495	-0.004728861031266714	-0.001927184635226076	-0.4337124514465235	-0.4295894071745832	-0.07124869418469715
72	4.7671321747275135	4.7671321747275135	4.7671321747275135	45.59161014885388	51.02766516660168	21.17078305244461	4805.633420453295	4636.22762159694	782.7376919333101	0	0	0	-0.004115206313360495	-0.004728861031266714	-0.001927184635226076	-0.4337124514465235	-0.4295894071745832	-0.07124869418469715
73	4.7671321747275135	4.7671321747275135	4.7671321747275135	0.001244781368268567	50.05650809140741	20.806442633909917	729.4256619577678	4599.097949695966	777.0611603425468	0	0	0	0	-0.004727839438352441	-0.001924442750342289	-0.06583222199386068	-0.42961887265780857	-0.07121717775385189
74	4.7671321747275135	4.7671321747275135	4.7671321747275135	0	44.990946592057334	18.935167694218713	88.28746272636882	4321.237320741639	735.0646092593853	0	0	0	0	-0.0045473143647154135	-0.0018420181666439837	-0.007968011476050009	-0.42310268181243776	-0.06990771943992911
75	4.7671321747275135	4.767132174727514	4.7671321747275135	0	38.24709988518475	16.545861025394895	10.677002894327766	3732.6261592602336	648.6423471279544	0	0	0	0	-0.0038819484973085733	-0.00157625948957046	-0.0009636077249444257	-0.37899625904614265	-0.06251807322711515
76	4.7671321747275135	4.7671321747275135	4.7671321747275135	0	36.0950152794496	15.843354667603604	1.2856118634310363	3371.945012482845	598.2239524778718	0	0	0	0	-0.0035853721769607255	-0.0014666982084383087	-0.00011602745968517753	-0.33746869016969694	-0.056004967987984045
77	4.7671321747275135	4.7671321747275135	4.7671321747275135	0	35.73717071733341	15.737787929225975	0.15483829460658302	3268.0363986174752	584.5326250639404	0	0	0	0	-0.0035352168143969655	-0.0014497351458102874	-13974275204072244e-21	-0.3239581734258773	-0.05399817104566322
78	4.7671321747275135	4.7671321747275135	4.7671321747275135	0	35.685398407377235	15.723764814463893	0.018483189269701036	3246.3204906420456	581.82735191543	0	0	0	0	-0.0035283266277146234	-0.0014475883335103225	-16681220505556057e-22	-0.3210728262116088	-0.053590441437532464
79	4.7671321747275135	4.7671321747275135	4.7671321747275135	0	35.678178792760086	15.721937403812875	0.0021594955411131764	3242.410758143954	581.3640687604833	0	0	0	0	-0.003527424758350874	-0.0014473265125482132	0	-0.32055836566817025	-0.05352095080746794
80	4.7671321747275135	4.7671321747275135	4.7671321747275135	0	35.67719656052356	15.721701982129861	0.00023542050702068132	3241.7660714758035	581.2910345233073	0	0	0	0	-0.0035273071796203094	-0.0014472942858753267	0	-0.32047530701804267	-0.05351018735033525
81	4.7671321747275135	4.7671321747275135	4.7671321747275135	0	35.67707076612876	15.721673203930955	2280420659193276e-20	3241.6690291616756	581.2805006088004	0	0	0	0	-0.003527295940571757	-0.0014472916364885846	0	-0.3204633026045621	-0.053508696520172226
82	4.7671321747275135	4.7671321747275135	4.7671321747275135	0	35.67705478645856	15.721669708933497	0	3241.655030194953	581.2790422674672	0	0	0	0	-0.003527294821220118	-0.0014472913933966443	0	-0.3204617206338207	-0.05350850936421875
83	4.7671321747275135	4.7671321747275135	4.7671321747275135	0	35.67705427062015	15.72166961476437	0	3241.6541240120596	581.2789604035323	0	0	0	0	-0.0035272947959899617	-0.001447291389600813	0	-0.3204616521518989	-0.05350850305204949
84	4.7671321747275135	4.7671321747275135	4.7671321747275135	0	35.67705416472288	15.721669596196097	0	3241.6540452714694	581.2789536755591	0	0	0	0	-0.0035272948080533923	-0.0014472913925948918	0	-0.3204616476890992	-0.05350850267288553
85	4.7671321747275135	4.7671321747275135	4.7671321747275135	0	35.677054226233956	15.721669607424639	0	3241.654137439273	581.2789620915763	0	0	0	0	-0.003527294809618774	-0.0014472913927806664	0	-0.3204616550514893	-0.053508503359897125
86	4.7671321747275135	4.7671321747275135	4.7671321747275135	0	35.67705427508405	15.721669616328029	0	3241.654210513472	581.27896876146	0	0	0	0	-0.00352729481080819	-0.001447291392913912	0	-0.3204616608772491	-0.05350850390330903
87	4.7671321747275135	4.7671321747275135	4.7671321747275135	0	35.677054311273174	15.721669622906267	0	3241.654264494067	581.2789736852104	0	0	0	0	-0.00352729481162164	-0.0014472913929946289	0	-0.32046166516637853	-0.053508504303121256
88	4.7671321747275135	4.7671321747275135	4.7671321747275135	0	35.677054334801326	15.721669627159354	0	3241.6542993810576	581.2789768628274	0	0	0	0	-0.0035272948120591233	-0.0014472913930228173	0	-0.3204616679188776	-0.05350850455933379
89	4.7671321747275135	4.7671321747275135	4.7671321747275135	0	35.677054345668495	15.721669629087287	0	3241.6543151744436	581.2789782943111	0	0	0	0	-0.003527294812120641	-0.0014472913929984767	0	-0.3204616691347463	-0.05350850467194664
90	4.7671321747275135	4.7671321747275135	4.7671321747275135	0	35.67705434387469	15.721669628690071	0	3241.654311874225	581.2789779796615	0	0	0	0	-0.0035272948118061924	-0.0014472913929216074	0	-0.3204616688139846	-0.05350850464095981
91	4.7671321747275135	4.7671321747275135	4.7671321747275135	0	35.67705432941991	15.721669625967701	0	3241.654289480403	581.2789759188784	0	0	0	0	-0.0035272948111157777	-0.0014472913927922096	0	-0.32046166695659256	-0.05350850446637329
92	4.7671321747275135	4.7671321747275135	4.7671321747275135	0	35.67705430230415	15.72166962092018	0	3241.654247992976	581.2789721119619	0	0	0	0	-0.003527294810049397	-0.001447291392610283	0	-0.32046166356257016	-0.053508504148187086
93	4.7671321747275135	4.7671321747275135	4.7671321747275135	0	35.67705429122287	15.721669618892186	0	3241.6542315120414	581.2789706052631	0	0	0	0	-0.003527294809763543	-0.001447291392574829	0	-0.3204616622395496	-0.053508504024569775
94	4.7671321747275135	4.7671321747275135	4.7671321747275135	0	35.677054288049135	15.721669618339575	0	3241.6542272072097	581.2789702162515	0	0	0	0	-0.0035272948098064357	-0.001447291392596877	0	-0.3204616619146951	-0.05350850399455496
95	4.7671321747275135	4.7671321747275135	4.7671321747275135	0	35.67705428501481	15.721669617811232	0	3241.654223092498	581.2789698444271	0	0	0	0	-0.003527294809847613	-0.0014472913926179907	0	-0.3204616616042344	-0.053508503965870514
96	4.7671321747275135	4.7671321747275135	4.7671321747275135	0	35.67705428211989	15.721669617307153	0	3241.6542191679064	581.2789694897898	0	0	0	0	-0.0035272948098870735	-0.0014472913926381703	0	-0.32046166130816744	-0.05350850393851644
97	4.7671321747275135	4.7671321747275135	4.7671321747275135	0	35.677054279364384	15.721669616827342	0	3241.6542154334347	581.2789691523396	0	0	0	0	-0.0035272948099248184	-0.001447291392657416	0	-0.32046166102649426	-0.05350850391249274
98	4.7671321747275135	4.7671321747275135	4.7671321747275135	0	35.67705427674829	15.721669616371795	0	3241.654211889084	581.2789688320767	0	0	0	0	-0.003527294809960848	-0.0014472913926757273	0	-0.32046166075921484	-0.05350850388779941
99	4.7671321747275135	4.7671321747275135	4.7671321747275135	0	35.677054274271605	15.721669615940515	0	3241.6542085348524	581.2789685290008	0	0	0	0	-0.0035272948099951606	-0.0014472913926931047	0	-0.3204616605063292	-0.05350850386443646
100	4.7671321747275135	4.7671321747275135	4.7671321747275135	0	35.67705427193433	15.721669615533502	0	3241.6542053707412	581.2789682431121	0	0	0	0	-0.003527294810027758	-0.001447291392709548	0	-0.32046166026783723	-0.053508503842403875
101	4.7671321747275135	4.7671321747275135	4.7671321747275135	0	35.677054269736466	15.721669615150754	0	3241.6542023967504	581.2789679744105	0	0	0	0	-0.0035272948100586385	-0.0014472913927250568	0	-0.3204616600437391	-0.053508503821701664
102	4.7671321747275135	4.7671321747275135	4.7671321747275135	0	35.67705426767802	15.721669614792273	0	3241.65419961288	581.278967722896	0	0	0	0	-0.0035272948100878035	-0.0014472913927396317	0	-0.3204616598340347	-0.05350850380232983
103	4.7671321747275135	4.7671321747275135	4.7671321747275135	0	35.677054265758976	15.721669614458056	0	3241.6541970191292	581.2789674885688	0	0	0	0	-0.0035272948101152525	-0.0014472913927532727	0	-0.3204616596387241	-0.05350850378428837
104	4.7671321747275135	4.7671321747275135	4.7671321747275135	0	35.67705426397934	15.721669614148107	0	3241.6541946154985	581.2789672714287	0	0	0	0	-0.003527294810140986	-0.0014472913927659793	0	-0.3204616594578072	-0.05350850376757728
105	4.7671321747275135	4.7671321747275135	4.7671321747275135	0	35.67705426233912	15.721669613862423	0	3241.654192401988	581.2789670714756	0	0	0	0	-0.0035272948101650026	-0.0014472913927777518	0	-0.3204616592912841	-0.05350850375219656
106	4.7671321747275135	4.7671321747275135	4.7671321747275135	0	35.67705426083831	15.721669613601005	0	3241.654190378598	581.2789668887098	0	0	0	0	-0.003527294810187304	-0.0014472913927885904	0	-0.32046165913915475	-0.05350850373814621
107	4.7671321747275135	4.7671321747275135	4.7671321747275135	0	35.67705425947692	15.721669613363854	0	3241.6541885453275	581.278966723131	0	0	0	0	-0.003527294810207889	-0.0014472913927984948	0	-0.32046165900141915	-0.05350850372542624
108	4.7671321747275135	4.7671321747275135	4.7671321747275135	0	35.67705425825493	15.721669613150969	0	3241.6541869021776	581.2789665747393	0	0	0	0	-0.003527294810226758	-0.0014472913928074648	0	-0.3204616588780773	-0.05350850371403664
109	4.7671321747275135	4.7671321747275135	4.7671321747275135	0	35.67705425717235	15.72166961296235	0	3241.654185449148	581.278966443535	0	0	0	0	-0.003527294810243911	-0.001447291392815501	0	-0.32046165876912924	-0.05350850370397741
110	4.7671321747275135	4.7671321747275135	4.7671321747275135	0	35.677054256229184	15.721669612797998	0	3241.654184186238	581.2789663295176	0	0	0	0	-0.003527294810259348	-0.001447291392822603	0	-0.32046165867457493	-0.05350850369524856
111	4.7671321747275135	4.7671321747275135	4.7671321747275135	0	35.67705425542543	15.72166961265791	0	3241.654183113448	581.2789662326875	0	0	0	0	-0.0035272948102730694	-0.0014472913928287709	0	-0.3204616585944144	-0.053508503687850074
112	4.7671321747275135	4.7671321747275135	4.7671321747275135	0	35.67705425476109	15.72166961254209	0	3241.6541822307786	581.2789661530444	0	0	0	0	-0.0035272948102850745	-0.0014472913928340045	0	-0.3204616585286476	-0.05350850368178196
113	4.7671321747275135	4.7671321747275135	4.7671321747275135	0	35.677054254236154	15.721669612450535	0	3241.6541815382293	581.2789660905885	0	0	0	0	-0.0035272948102953636	-0.0014472913928383043	0	-0.3204616584772746	-0.053508503677044225
114	4.7671321747275135	4.7671321747275135	4.7671321747275135	0	35.677054253850635	15.721669612383247	0	3241.6541810358	581.2789660453197	0	0	0	0	-0.0035272948103039366	-0.0014472913928416699	0	-0.32046165844029534	-0.05350850367363687
115	4.7671321747275135	4.7671321747275135	4.7671321747275135	0	35.67705425360452	15.721669612340223	0	3241.6541807234908	581.2789660172382	0	0	0	0	-0.003527294810310794	-0.001447291392844101	0	-0.32046165841770985	-0.053508503671559876
116	4.7671321747275135	4.7671321747275135	4.7671321747275135	0	35.67705425349782	15.721669612321467	0	3241.654180601302	581.2789660063437	0	0	0	0	-0.003527294810315935	-0.0014472913928455984	0	-0.32046165840951807	-0.05350850367081325
117	4.7671321747275135	4.7671321747275135	4.7671321747275135	0	35.67705425353053	15.721669612326977	0	3241.654180669233	581.2789660126364	0	0	0	0	-0.00352729481031936	-0.0014472913928461617	0	-0.3204616584157201	-0.053508503671397006
118	4.7671321747275135	4.7671321747275135	4.7671321747275135	0	35.67705425370265	15.721669612356752	0	3241.654180927284	581.2789660361162	0	0	0	0	-0.003527294810321069	-0.0014472913928457907	0	-0.32046165843631585	-0.053508503673311135
119	4.7671321747275135	4.7671321747275135	4.7671321747275135	0	35.67705425401418	15.721669612410794	0	3241.654181375455	581.2789660767831	0	0	0	0	-0.0035272948103210627	-0.0014472913928444855	0	-0.3204616584713054	-0.05350850367655564
120	4.7671321747275135	4.7671321747275135	4.7671321747275135	0	35.677054254465126	15.721669612489102	0	3241.654182013747	581.2789661346372	0	0	0	0	-0.0035272948103193397	-0.0014472913928422464	0	-0.3204616585206887	-0.053508503681130505
121	4.7671321747275135	4.7671321747275135	4.7671321747275135	0	35.67705425505548	15.721669612591676	0	3241.6541828421587	581.2789662096785	0	0	0	0	-0.003527294810315901	-0.0014472913928390732	0	-0.32046165858446574	-0.053508503687035754
122	4.7671321747275135	4.7671321747275135	4.7671321747275135	0	35.677054255785244	15.721669612718516	0	3241.65418386069	581.2789663019068	0	0	0	0	-0.0035272948103107463	-0.0014472913928349656	0	-0.32046165866263654	-0.05350850369427137
123	4.7671321747275135	4.7671321747275135	4.7671321747275135	0	35.677054256654415	15.721669612869622	0	3241.654185069342	581.2789664113225	0	0	0	0	-0.0035272948103038755	-0.001447291392829924	0	-0.32046165875520116	-0.05350850370283736
124	4.7671321747275135	4.7671321747275135	4.7671321747275135	0	35.677054257663	15.721669613044995	0	3241.654186468114	581.278966537925	0	0	0	0	-0.0035272948102952886	-0.0014472913928239484	0	-0.3204616588621595	-0.05350850371273372
125	4.7671321747275135	4.7671321747275135	4.7671321747275135	0	35.677054258811005	15.721669613244632	0	3241.654188057006	581.2789666817149	0	0	0	0	-0.003527294810284986	-0.0014472913928170387	0	-0.3204616589835116	-0.05350850372396046
126	4.7671321747275135	4.7671321747275135	4.7671321747275135	0	35.67705426009841	15.721669613468537	0	3241.6541898360183	581.2789668426918	0	0	0	0	-0.003527294810272967	-0.0014472913928091947	0	-0.32046165911925745	-0.05350850373651757
127	4.7671321747275135	4.7671321747275135	4.7671321747275135	0	35.67705426152523	15.721669613716708	0	3241.6541918051503	581.2789670208559	0	0	0	0	-0.0035272948102592324	-0.0014472913928004168	0	-0.32046165926939707	-0.05350850375040504
128	4.7671321747275135	4.7671321747275135	4.7671321747275135	0	35.677054263091456	15.721669613989144	0	3241.654193964403	581.2789672162072	0	0	0	0	-0.0035272948102437816	-0.0014472913927907045	0	-0.3204616594339304	-0.0535085037656229
129	4.7671321747275135	4.7671321747275135	4.7671321747275135	0	35.6770542647971	15.721669614285847	0	3241.6541963137756	581.2789674287455	0	0	0	0	-0.003527294810226615	-0.0014472913927800583	0	-0.32046165961285755	-0.053508503782171125
130	4.7671321747275135	4.7671321747275135	4.7671321747275135	0	35.67705426664215	15.721669614606816	0	3241.654198853268	581.2789676584711	0	0	0	0	-0.0035272948102077323	-0.001447291392768478	0	-0.32046165980617847	-0.05350850380004973
131	4.7671321747275135	4.7671321747275135	4.7671321747275135	0	35.67705426862661	15.72166961495205	0	3241.654201582881	581.2789679053838	0	0	0	0	-0.003527294810187134	-0.0014472913927559635	0	-0.3204616600138931	-0.053508503819258695
132	4.7671321747275135	4.7671321747275135	4.7671321747275135	0	35.67705427075048	15.721669615321552	0	3241.654204502614	581.2789681694835	0	0	0	0	-0.0035272948101648187	-0.0014472913927425148	0	-0.32046166023600153	-0.05350850383979804
133	4.7671321747275135	4.7671321747275135	4.7671321747275135	0	35.67705427123298	15.721669615405897	0	3241.6542051134397	581.2789682245203	0	0	0	0	-0.003527294810152027	-0.0014472913927378928	0	-0.3204616602807976	-0.05350850384392591
134	4.7671321747275135	4.7671321747275135	4.7671321747275135	0	35.67705427138644	15.721669615433061	0	3241.6542052636223	581.2789682378567	0	0	0	0	-0.0035272948101414724	-0.0014472913927351069	0	-0.32046166029028894	-0.053508503844786726
135	4.7671321747275135	4.7671321747275135	4.7671321747275135	0	35.677054271535916	15.721669615459524	0	3241.6542054099095	581.2789682508471	0	0	0	0	-0.003527294810131189	-0.0014472913927323927	0	-0.3204616602995331	-0.05350850384562513
136	4.7671321747275135	4.7671321747275135	4.7671321747275135	0	35.67705427168141	15.72166961548528	0	3241.6542055523005	581.2789682634915	0	0	0	0	-0.0035272948101211774	-0.00144729139272975	0	-0.32046166030852996	-0.05350850384644113
137	4.7671321747275135	4.7671321747275135	4.7671321747275135	0	35.67705427182294	15.721669615510335	0	3241.654205690796	581.2789682757898	0	0	0	0	-0.0035272948101114374	-0.0014472913927271792	0	-0.3204616603172795	-0.05350850384723472
138	4.7671321747275135	4.7671321747275135	4.7671321747275135	0	35.677054271960486	15.721669615534685	0	3241.654205825396	581.2789682877421	0	0	0	0	-0.003527294810101969	-0.0014472913927246799	0	-0.3204616603257819	-0.0535085038480059
139	4.7671321747275135	4.7671321747275135	4.7671321747275135	0	35.67705427209406	15.721669615558332	0	3241.6542059560998	581.2789682993484	0	0	0	0	-0.0035272948100927718	-0.0014472913927222524	0	-0.32046166033403695	-0.05350850384875467
140	4.7671321747275135	4.7671321747275135	4.7671321747275135	0	35.67705427222366	15.721669615581275	0	3241.6542060829083	581.2789683106087	0	0	0	0	-0.003527294810083846	-0.0014472913927198968	0	-0.32046166034204476	-0.05350850384948103
141	4.7671321747275135	4.7671321747275135	4.7671321747275135	0	35.67705427234928	15.721669615603513	0	3241.6542062058206	581.2789683215229	0	0	0	0	-0.0035272948100751925	-0.0014472913927176126	0	-0.32046166034980533	-0.053508503850184984
142	4.7671321747275135	4.7671321747275135	4.7671321747275135	0	35.677054272470926	15.72166961562505	0	3241.6542063248376	581.278968332091	0	0	0	0	-0.0035272948100668103	-0.0014472913927154004	0	-0.3204616603573186	-0.05350850385086652
143	4.7671321747275135	4.7671321747275135	4.7671321747275135	0	35.6770542725886	15.721669615645881	0	3241.6542064399587	581.2789683423133	0	0	0	0	-0.0035272948100586996	-0.0014472913927132598	0	-0.3204616603645847	-0.053508503851525654
144	4.7671321747275135	4.7671321747275135	4.7671321747275135	0	35.67705427270229	15.72166961566601	0	3241.654206551184	581.2789683521894	0	0	0	0	-0.0035272948100508604	-0.001447291392711191	0	-0.3204616603716034	-0.05350850385216238
145	4.7671321747275135	4.7671321747275135	4.7671321747275135	0	35.67705427281201	15.721669615685435	0	3241.654206658514	581.2789683617195	0	0	0	0	-0.0035272948100432927	-0.0014472913927091938	0	-0.3204616603783749	-0.053508503852776695
146	4.7671321747275135	4.7671321747275135	4.7671321747275135	0	35.67705427291775	15.721669615704156	0	3241.6542067619475	581.2789683709036	0	0	0	0	-0.0035272948100359964	-0.0014472913927072683	0	-0.3204616603848992	-0.053508503853368604
147	4.7671321747275135	4.7671321747275135	4.7671321747275135	0	35.677054273019515	15.721669615722174	0	3241.654206861486	581.2789683797416	0	0	0	0	-0.003527294810028972	-0.0014472913927054147	0	-0.3204616603911762	-0.05350850385393809
148	4.7671321747275135	4.7671321747275135	4.7671321747275135	0	35.6770542731173	15.721669615739486	0	3241.6542069571283	581.2789683882336	0	0	0	0	-0.003527294810022219	-0.0014472913927036325	0	-0.3204616603972059	-0.05350850385448518
149	4.7671321747275135	4.7671321747275135	4.7671321747275135	0	35.67705427321111	15.721669615756097	0	3241.654207048875	581.2789683963796	0	0	0	0	-0.0035272948100157375	-0.0014472913927019223	0	-0.32046166040298835	-0.05350850385500986
150	4.7671321747275135	4.7671321747275135	4.7671321747275135	0	35.67705427330095	15.721669615772004	0	3241.654207136726	581.2789684041796	0	0	0	0	-0.0035272948100095276	-0.0014472913927002838	0	-0.3204616604085236	-0.053508503855512125
151	4.7671321747275135	4.7671321747275135	4.7671321747275135	0	35.677054273386815	15.721669615787206	0	3241.654207220681	581.2789684116335	0	0	0	0	-0.003527294810003589	-0.001447291392698717	0	-0.3204616604138115	-0.053508503855991985
152	4.7671321747275135	4.7671321747275135	4.7671321747275135	0	35.6770542734687	15.721669615801705	0	3241.654207300741	581.2789684187414	0	0	0	0	-0.0035272948099979227	-0.0014472913926972216	0	-0.3204616604188522	-0.05350850385644943
153	4.7671321747275135	4.7671321747275135	4.7671321747275135	0	35.67705427354661	15.721669615815502	0	3241.6542073769047	581.2789684255033	0	0	0	0	-0.0035272948099925273	-0.0014472913926957983	0	-0.32046166042364566	-0.05350850385688447
154	4.7671321747275135	4.7671321747275135	4.7671321747275135	0	35.67705427362054	15.721669615828594	0	3241.654207449173	581.2789684319191	0	0	0	0	-0.003527294809987404	-0.0014472913926944465	0	-0.3204616604281918	-0.0535085038572971
155	4.7671321747275135	4.7671321747275135	4.7671321747275135	0	35.6770542736905	15.721669615840982	0	3241.6542075175453	581.278968437989	0	0	0	0	-0.0035272948099825518	-0.0014472913926931665	0	-0.3204616604324907	-0.05350850385768732
156	4.7671321747275135	4.7671321747275135	4.7671321747275135	0	35.67705427375648	15.721669615852667	0	3241.654207582022	581.2789684437128	0	0	0	0	-0.0035272948099779712	-0.0014472913926919582	0	-0.32046166043654234	-0.05350850385805513
157	4.7671321747275135	4.7671321747275135	4.7671321747275135	0	35.677054273818484	15.721669615863647	0	3241.6542076426026	581.2789684490905	0	0	0	0	-0.003527294809973662	-0.0014472913926908218	0	-0.32046166044034674	-0.05350850385840054
158	4.7671321747275135	4.7671321747275135	4.7671321747275135	0	35.677054273876514	15.721669615873925	0	3241.6542076992882	581.2789684541223	0	0	0	0	-0.0035272948099696246	-0.0014472913926897569	0	-0.32046166044390384	-0.05350850385872353
159	4.7671321747275135	4.7671321747275135	4.7671321747275135	0	35.677054273930565	15.721669615883497	0	3241.6542077520776	581.278968458808	0	0	0	0	-0.003527294809965859	-0.0014472913926887637	0	-0.3204616604472137	-0.053508503859024115
160	4.7671321747275135	4.7671321747275135	4.7671321747275135	0	35.677054273980644	15.721669615892369	0	3241.654207800971	581.2789684631476	0	0	0	0	-0.003527294809962365	-0.0014472913926878424	0	-0.3204616604502763	-0.05350850385930229
161	4.7671321747275135	4.7671321747275135	4.7671321747275135	0	35.677054274026744	15.721669615900534	0	3241.6542078459693	581.2789684671412	0	0	0	0	-0.003527294809959142	-0.0014472913926869926	0	-0.32046166045309166	-0.05350850385955805
162	4.7671321747275135	4.7671321747275135	4.7671321747275135	0	35.67705427406887	15.721669615907997	0	3241.6542078870716	581.2789684707889	0	0	0	0	-0.003527294809956191	-0.0014472913926862146	0	-0.3204616604556597	-0.053508503859791404
163	4.7671321747275135	4.7671321747275135	4.7671321747275135	0	35.67705427410702	15.721669615914756	0	3241.654207924278	581.2789684740904	0	0	0	0	-0.003527294809953511	-0.0014472913926855083	0	-0.3204616604579805	-0.05350850386000235
164	4.7671321747275135	4.7671321747275135	4.7671321747275135	0	35.67705427414119	15.721669615920812	0	3241.654207957589	581.2789684770461	0	0	0	0	-0.003527294809951103	-0.0014472913926848738	0	-0.3204616604600541	-0.05350850386019089
165	4.7671321747275135	4.7671321747275135	4.7671321747275135	0	35.67705427417139	15.721669615926164	0	3241.6542079870037	581.2789684796555	0	0	0	0	-0.0035272948099489667	-0.001447291392684311	0	-0.3204616604618804	-0.053508503860357014
166	4.7671321747275135	4.7671321747275135	4.7671321747275135	0	35.67705427419761	15.721669615930812	0	3241.654208012523	581.278968481919	0	0	0	0	-0.0035272948099471014	-0.0014472913926838198	0	-0.3204616604634594	-0.05350850386050073
167	4.7671321747275135	4.7671321747275135	4.7671321747275135	0	35.677054274219856	15.721669615934756	0	3241.654208034147	581.2789684838366	0	0	0	0	-0.003527294809945508	-0.0014472913926834004	0	-0.3204616604647912	-0.05350850386062204
168	4.7671321747275135	4.7671321747275135	4.7671321747275135	0	35.677054274238124	15.721669615937998	0	3241.654208051875	581.278968485408	0	0	0	0	-0.003527294809944186	-0.0014472913926830526	0	-0.3204616604658757	-0.05350850386072094
169	4.7671321747275135	4.7671321747275135	4.7671321747275135	0	35.67705427425242	15.721669615940534	0	3241.654208065707	581.2789684866334	0	0	0	0	-0.003527294809943136	-0.0014472913926827768	0	-0.320461660466713	-0.05350850386079743
170	4.7671321747275135	4.7671321747275135	4.7671321747275135	0	35.67705427426274	15.721669615942368	0	3241.6542080756435	581.2789684875128	0	0	0	0	-0.0035272948099423574	-0.0014472913926825725	0	-0.32046166046730296	-0.05350850386085151
171	4.7671321747275135	4.7671321747275135	4.7671321747275135	0	35.677054274269075	15.721669615943497	0	3241.654208081684	581.2789684880462	0	0	0	0	-0.00352729480994185	-0.0014472913926824398	0	-0.3204616604676457	-0.05350850386088318
172	4.7671321747275135	4.7671321747275135	4.7671321747275135	0	35.67705427427144	15.721669615943924	0	3241.654208083829	581.2789684882335	0	0	0	0	-0.0035272948099416145	-0.001447291392682379	0	-0.32046166046774116	-0.05350850386089244
173	4.7671321747275135	4.7671321747275135	4.7671321747275135	0	35.67705427426983	15.721669615943647	0	3241.654208082078	581.2789684880748	0	0	0	0	-0.0035272948099416505	-0.00144729139268239	0	-0.32046166046758934	-0.05350850386087929
174	4.7671321747275135	4.7671321747275135	4.7671321747275135	0	35.67705427426424	15.721669615942666	0	3241.654208076432	581.2789684875701	0	0	0	0	-0.003527294809941958	-0.0014472913926824725	0	-0.3204616604671903	-0.053508503860843736
175	4.7671321747275135	4.7671321747275135	4.7671321747275135	0	35.67705427425468	15.72166961594098	0	3241.6542080668896	581.2789684867194	0	0	0	0	-0.003527294809942537	-0.001447291392682627	0	-0.320461660466544	-0.05350850386078577
176	4.7671321747275135	4.7671321747275135	4.7671321747275135	0	35.677054274241144	15.721669615938593	0	3241.654208053452	581.2789684855226	0	0	0	0	-0.0035272948099433874	-0.0014472913926828529	0	-0.32046166046565044	-0.053508503860705395
177	4.7671321747275135	4.7671321747275135	4.7671321747275135	0	35.67705427422363	15.7216696159355	0	3241.6542080361182	581.2789684839797	0	0	0	0	-0.0035272948099445097	-0.0014472913926831506	0	-0.3204616604645096	-0.05350850386060261
178	4.7671321747275135	4.7671321747275135	4.7671321747275135	0	35.677054274202135	15.721669615931706	0	3241.654208014889	581.2789684820909	0	0	0	0	-0.003527294809945903	-0.00144729139268352	0	-0.3204616604631215	-0.05350850386047741
179	4.7671321747275135	4.7671321747275135	4.7671321747275135	0	35.67705427417667	15.721669615927206	0	3241.6542079897636	581.2789684798561	0	0	0	0	-0.0035272948099475685	-0.0014472913926839614	0	-0.32046166046148616	-0.05350850386032981
180	4.7671321747275135	4.7671321747275135	4.7671321747275135	0	35.677054274147224	15.721669615922004	0	3241.654207960743	581.2789684772752	0	0	0	0	-0.0035272948099495053	-0.0014472913926844742	0	-0.3204616604596035	-0.053508503860159796
181	4.7671321747275135	4.7671321747275135	4.7671321747275135	0	35.67705427411381	15.721669615916097	0	3241.654207927826	581.2789684743482	0	0	0	0	-0.0035272948099517136	-0.0014472913926850588	0	-0.32046166045747365	-0.053508503859967374
182	4.7671321747275135	4.7671321747275135	4.7671321747275135	0	35.67705427407641	15.721669615909486	0	3241.654207891014	581.2789684710752	0	0	0	0	-0.003527294809954194	-0.0014472913926857152	0	-0.3204616604550965	-0.05350850385975254
183	4.7671321747275135	4.7671321747275135	4.7671321747275135	0	35.677054274035044	15.721669615902172	0	3241.6542078503057	581.2789684674563	0	0	0	0	-0.003527294809956945	-0.0014472913926864431	0	-0.3204616604524721	-0.0535085038595153
184	4.7671321747275135	4.7671321747275135	4.7671321747275135	0	35.6770542739897	15.721669615894156	0	3241.6542078057023	581.2789684634912	0	0	0	0	-0.0035272948099599683	-0.0014472913926872428	0	-0.32046166044960045	-0.05350850385925565
185	4.7671321747275135	4.7671321747275135	4.7671321747275135	0	35.67705427394037	15.721669615885434	0	3241.6542077572026	581.2789684591802	0	0	0	0	-0.0035272948099632625	-0.0014472913926881143	0	-0.32046166044648156	-0.053508503858973586
186	4.7671321747275135	4.7671321747275135	4.7671321747275135	0	35.67705427388707	15.721669615876008	0	3241.6542077048075	581.2789684545231	0	0	0	0	-0.0035272948099668287	-0.0014472913926890576	0	-0.32046166044311536	-0.05350850385866912
187	4.7671321747275135	4.7671321747275135	4.7671321747275135	0	35.677054273829796	15.721669615865881	0	3241.6542076485166	581.27896844952	0	0	0	0	-0.0035272948099706668	-0.0014472913926900726	0	-0.3204616604395019	-0.05350850385834224
188	4.7671321747275135	4.7671321747275135	4.7671321747275135	0	35.67705427376855	15.721669615855049	0	3241.65420758833	581.2789684441709	0	0	0	0	-0.003527294809974776	-0.0014472913926911592	0	-0.3204616604356412	-0.05350850385799295
189	4.7671321747275135	4.7671321747275135	4.7671321747275135	0	35.67705427370332	15.721669615843513	0	3241.6542075242473	581.2789684384758	0	0	0	0	-0.0035272948099791565	-0.0014472913926923175	0	-0.32046166043153324	-0.05350850385762126
190	4.7671321747275135	4.7671321747275135	4.7671321747275135	0	35.67705427363411	15.721669615831273	0	3241.6542074562694	581.2789684324346	0	0	0	0	-0.003527294809983809	-0.0014472913926935475	0	-0.320461660427178	-0.05350850385722715
191	4.7671321747275135	4.7671321747275135	4.7671321747275135	0	35.677054273560934	15.72166961581833	0	3241.6542073843952	581.2789684260474	0	0	0	0	-0.003527294809988733	-0.0014472913926948494	0	-0.3204616604225755	-0.05350850385681063
192	4.7671321747275135	4.7671321747275135	4.7671321747275135	0	35.67705427348378	15.721669615804684	0	3241.6542073086257	581.2789684193141	0	0	0	0	-0.0035272948099939285	-0.0014472913926962228	0	-0.3204616604177258	-0.05350850385637171
193	4.7671321747275135	4.7671321747275135	4.7671321747275135	0	35.677054273402646	15.721669615790333	0	3241.6542072289603	581.2789684122348	0	0	0	0	-0.0035272948099993955	-0.0014472913926976679	0	-0.32046166041262875	-0.05350850385591037
194	4.7671321747275135	4.7671321747275135	4.7671321747275135	0	35.677054273317545	15.72166961577528	0	3241.6542071453996	581.2789684048096	0	0	0	0	-0.003527294810005134	-0.0014472913926991849	0	-0.3204616604072845	-0.053508503855426624
195	4.7671321747275135	4.7671321747275135	4.7671321747275135	0	35.67705427322846	15.721669615759522	0	3241.6542070579426	581.2789683970382	0	0	0	0	-0.0035272948100111444	-0.0014472913927007734	0	-0.320461660401693	-0.053508503854920474
196	4.7671321747275135	4.7671321747275135	4.7671321747275135	0	35.6770542731354	15.72166961574306	0	3241.65420696659	581.2789683889208	0	0	0	0	-0.003527294810017426	-0.0014472913927024338	0	-0.32046166039585416	-0.05350850385439191
197	4.7671321747275135	4.7671321747275135	4.7671321747275135	0	35.677054273038365	15.721669615725895	0	3241.654206871342	581.2789683804575	0	0	0	0	-0.003527294810023979	-0.001447291392704166	0	-0.32046166038976814	-0.053508503853840934
198	4.7671321747275135	4.7671321747275135	4.7671321747275135	0	35.677054272937355	15.721669615708027	0	3241.654206772198	581.278968371648	0	0	0	0	-0.003527294810030804	-0.0014472913927059696	0	-0.3204616603834348	-0.05350850385326755
199	4.7671321747275135	4.7671321747275135	4.7671321747275135	0	35.677054272832365	15.721669615689455	0	3241.654206669158	581.2789683624926	0	0	0	0	-0.0035272948100379003	-0.0014472913927078453	0	-0.32046166037685425	-0.053508503852671765
200	4.7671321747275135	4.7671321747275135	4.7671321747275135	0	35.677054272786314	15.721669615681275	0	3241.6542066255365	581.2789683586263	0	0	0	0	-0.003527294810041533	-0.0014472913927088122	0	-0.32046166037422835	-0.05350850385243038
201	4.7671321747275135	4.7671321747275135	4.7671321747275135	0	35.677054272775166	15.721669615679252	0	3241.6542066169654	581.2789683578791	0	0	0	0	-0.003527294810043065	-0.0014472913927092265	0	-0.3204616603739211	-0.05350850385239707
202	4.7671321747275135	4.7671321747275135	4.7671321747275135	0	35.67705427276451	15.721669615677316	0	3241.654206608764	581.2789683571642	0	0	0	0	-0.0035272948100445274	-0.0014472913927096208	0	-0.32046166037362667	-0.053508503852365136
203	4.7671321747275135	4.7671321747275135	4.7671321747275135	0	35.677054272754326	15.721669615675467	0	3241.6542066009324	581.2789683564815	0	0	0	0	-0.00352729481004592	-0.0014472913927099952	0	-0.3204616603733451	-0.05350850385233458
204	4.7671321747275135	4.7671321747275135	4.7671321747275135	0	35.677054272744634	15.721669615673706	0	3241.6542065934705	581.278968355831	0	0	0	0	-0.0035272948100472427	-0.0014472913927103496	0	-0.3204616603730764	-0.053508503852305406
205	4.7671321747275135	4.7671321747275135	4.7671321747275135	0	35.67705427273542	15.721669615672035	0	3241.654206586378	581.2789683552128	0	0	0	0	-0.0035272948100484956	-0.001447291392710684	0	-0.32046166037282053	-0.05350850385227761
206	4.7671321747275135	4.7671321747275135	4.7671321747275135	0	35.67705427272669	15.72166961567045	0	3241.6542065796552	581.2789683546268	0	0	0	0	-0.0035272948100496786	-0.0014472913927109981	0	-0.3204616603725775	-0.05350850385225119
207	4.7671321747275135	4.7671321747275135	4.7671321747275135	0	35.67705427271844	15.721669615668953	0	3241.6542065733024	581.2789683540731	0	0	0	0	-0.0035272948100507923	-0.0014472913927112926	0	-0.3204616603723473	-0.05350850385222615
208	4.7671321747275135	4.7671321747275135	4.7671321747275135	0	35.677054272710684	15.721669615667544	0	3241.654206567319	581.2789683535515	0	0	0	0	-0.0035272948100518358	-0.001447291392711567	0	-0.32046166037213	-0.05350850385220249
209	4.7671321747275135	4.7671321747275135	4.7671321747275135	0	35.6770542727034	15.721669615666222	0	3241.654206561705	581.2789683530622	0	0	0	0	-0.00352729481005281	-0.0014472913927118213	0	-0.32046166037192547	-0.053508503852180214
210	4.7671321747275135	4.7671321747275135	4.7671321747275135	0	35.67705427269661	15.721669615664988	0	3241.654206556461	581.2789683526051	0	0	0	0	-0.0035272948100537136	-0.0014472913927120557	0	-0.3204616603717338	-0.05350850385215931
211	4.7671321747275135	4.7671321747275135	4.7671321747275135	0	35.6770542726903	15.721669615663842	0	3241.6542065515864	581.2789683521803	0	0	0	0	-0.003527294810054548	-0.00144729139271227	0	-0.320461660371555	-0.05350850385213979
212	4.7671321747275135	4.7671321747275135	4.7671321747275135	0	35.677054272684465	15.721669615662785	0	3241.6542065470817	581.2789683517877	0	0	0	0	-0.003527294810055312	-0.0014472913927124642	0	-0.320461660371389	-0.05350850385212164
213	4.7671321747275135	4.7671321747275135	4.7671321747275135	0	35.67705427267912	15.721669615661813	0	3241.6542065429467	581.2789683514274	0	0	0	0	-0.003527294810056007	-0.0014472913927126385	0	-0.32046166037123586	-0.05350850385210488
214	4.7671321747275135	4.7671321747275135	4.7671321747275135	0	35.67705427267426	15.721669615660932	0	3241.654206539181	581.2789683510993	0	0	0	0	-0.003527294810056632	-0.001447291392712793	0	-0.3204616603710956	-0.053508503852089495
215	4.7671321747275135	4.7671321747275135	4.7671321747275135	0	35.67705427266988	15.721669615660137	0	3241.6542065357853	581.2789683508034	0	0	0	0	-0.003527294810057187	-0.0014472913927129271	0	-0.3204616603709681	-0.05350850385207549
216	4.7671321747275135	4.7671321747275135	4.7671321747275135	0	35.677054272665984	15.72166961565943	0	3241.654206532759	581.2789683505397	0	0	0	0	-0.0035272948100576722	-0.0014472913927130416	0	-0.32046166037085355	-0.053508503852062864
217	4.7671321747275135	4.7671321747275135	4.7671321747275135	0	35.67705427266257	15.721669615658811	0	3241.6542065301023	581.2789683503083	0	0	0	0	-0.0035272948100580873	-0.001447291392713136	0	-0.3204616603707518	-0.053508503852051616
218	4.7671321747275135	4.7671321747275135	4.7671321747275135	0	35.677054272659646	15.721669615658278	0	3241.6542065278154	581.2789683501092	0	0	0	0	-0.003527294810058433	-0.0014472913927132101	0	-0.32046166037066287	-0.05350850385204175
219	4.7671321747275135	4.7671321747275135	4.7671321747275135	0	35.677054272657195	15.721669615657836	0	3241.654206525898	581.2789683499421	0	0	0	0	-0.003527294810058709	-0.0014472913927132645	0	-0.3204616603705868	-0.05350850385203326
220	4.7671321747275135	4.7671321747275135	4.7671321747275135	0	35.67705427265523	15.72166961565748	0	3241.6542065243507	581.2789683498074	0	0	0	0	-0.003527294810058915	-0.0014472913927132988	0	-0.3204616603705236	-0.05350850385202615
221	4.7671321747275135	4.7671321747275135	4.7671321747275135	0	35.677054272653756	15.72166961565721	0	3241.654206523173	581.278968349705	0	0	0	0	-0.0035272948100590513	-0.0014472913927133131	0	-0.3204616603704732	-0.05350850385202042
222	4.7671321747275135	4.7671321747275135	4.7671321747275135	0	35.67705427265276	15.721669615657031	0	3241.6542065223643	581.2789683496347	0	0	0	0	-0.0035272948100591177	-0.0014472913927133075	0	-0.32046166037043566	-0.05350850385201607
223	4.7671321747275135	4.7671321747275135	4.7671321747275135	0	35.67705427265225	15.721669615656939	0	3241.654206521926	581.2789683495968	0	0	0	0	-0.0035272948100591142	-0.0014472913927132817	0	-0.32046166037041096	-0.05350850385201309
224	4.7671321747275135	4.7671321747275135	4.7671321747275135	0	35.67705427265222	15.721669615656934	0	3241.654206521857	581.278968349591	0	0	0	0	-0.0035272948100590414	-0.0014472913927132361	0	-0.32046166037039914	-0.0535085038520115
225	4.7671321747275135	4.7671321747275135	4.7671321747275135	0	35.67705427265267	15.721669615657017	0	3241.6542065221574	581.2789683496175	0	0	0	0	-0.0035272948100588983	-0.0014472913927131704	0	-0.32046166037040014	-0.05350850385201129
226	4.7671321747275135	4.7671321747275135	4.7671321747275135	0	35.677054272653606	15.721669615657188	0	3241.6542065228277	581.2789683496761	0	0	0	0	-0.0035272948100586858	-0.0014472913927130846	0	-0.32046166037041396	-0.053508503852012446
227	4.7671321747275135	4.7671321747275135	4.7671321747275135	0	35.67705427265503	15.721669615657445	0	3241.6542065238677	581.2789683497671	0	0	0	0	-0.003527294810058403	-0.001447291392712979	0	-0.32046166037044066	-0.05350850385201499
228	4.7671321747275135	4.7671321747275135	4.7671321747275135	0	35.67705427265693	15.721669615657792	0	3241.6542065252775	581.2789683498902	0	0	0	0	-0.003527294810058051	-0.0014472913927128532	0	-0.3204616603704802	-0.05350850385201891
229	4.7671321747275135	4.7671321747275135	4.7671321747275135	0	35.67705427265932	15.721669615658227	0	3241.654206527057	581.2789683500456	0	0	0	0	-0.0035272948100576284	-0.0014472913927127075	0	-0.32046166037053253	-0.053508503852024214
230	4.7671321747275135	4.7671321747275135	4.7671321747275135	0	35.67705427266219	15.721669615658747	0	3241.6542065292056	581.2789683502333	0	0	0	0	-0.0035272948100571366	-0.0014472913927125418	0	-0.32046166037059776	-0.053508503852030896
231	4.7671321747275135	4.7671321747275135	4.7671321747275135	0	35.67705427266554	15.721669615659358	0	3241.6542065317244	581.2789683504532	0	0	0	0	-0.003527294810056575	-0.001447291392712356	0	-0.3204616603706758	-0.05350850385203896
232	4.7671321747275135	4.7671321747275135	4.7671321747275135	0	35.67705427266938	15.721669615660055	0	3241.6542065346125	581.2789683507052	0	0	0	0	-0.0035272948100559436	-0.0014472913927121504	0	-0.32046166037076673	-0.053508503852048396
233	4.7671321747275135	4.7671321747275135	4.7671321747275135	0	35.6770542726737	15.72166961566084	0	3241.654206537871	581.2789683509895	0	0	0	0	-0.0035272948100552423	-0.0014472913927119247	0	-0.3204616603708704	-0.053508503852059214
234	4.7671321747275135	4.7671321747275135	4.7671321747275135	0	35.677054272678504	15.721669615661712	0	3241.6542065414983	581.2789683513062	0	0	0	0	-0.0035272948100544712	-0.001447291392711679	0	-0.32046166037098706	-0.05350850385207141
235	4.7671321747275135	4.7671321747275135	4.7671321747275135	0	35.6770542726838	15.721669615662673	0	3241.6542065454955	581.278968351655	0	0	0	0	-0.0035272948100536303	-0.0014472913927114132	0	-0.32046166037111645	-0.053508503852084985
236	4.7671321747275135	4.7671321747275135	4.7671321747275135	0	35.67705427268957	15.721669615663723	0	3241.654206549862	581.278968352036	0	0	0	0	-0.0035272948100527196	-0.0014472913927111274	0	-0.3204616603712587	-0.053508503852099945
237	4.7671321747275135	4.7671321747275135	4.7671321747275135	0	35.67705427269582	15.721669615664858	0	3241.6542065545987	581.2789683524493	0	0	0	0	-0.003527294810051739	-0.0014472913927108216	0	-0.3204616603714138	-0.05350850385211628
238	4.7671321747275135	4.7671321747275135	4.7671321747275135	0	35.677054272702556	15.721669615666082	0	3241.654206559705	581.2789683528947	0	0	0	0	-0.0035272948100506887	-0.001447291392710496	0	-0.3204616603715818	-0.05350850385213399
239	4.7671321747275135	4.7671321747275135	4.7671321747275135	0	35.677054272709775	15.721669615667395	0	3241.6542065651806	581.2789683533725	0	0	0	0	-0.0035272948100495685	-0.0014472913927101503	0	-0.3204616603717626	-0.05350850385215308
240	4.7671321747275135	4.7671321747275135	4.7671321747275135	0	35.67705427271748	15.721669615668795	0	3241.6542065710264	581.2789683538825	0	0	0	0	-0.003527294810048379	-0.0014472913927097845	0	-0.3204616603719563	-0.05350850385217355
