0	4.7671321747275135	4.7671321747275135	4.7671321747275135	0	0	0	0	0	0	0	0	0	0	0	0	0	0	0
1	4.7671321747275135	4.7671321747275135	4.7671321747275135	0	0	0	0	0	0	0	0	0	0	0	0	0	0	0
2	4.7671321747275135	4.7671321747275135	4.7671321747275135	0	0	0	0	0	0	0	0	0	0	0	0	0	0	0
3	4.7671321747275135	4.7671321747275135	4.7671321747275135	0	0	0	0	0	0	0	0	0	0	0	0	0	0	0
4	4.7671321747275135	4.7671321747275135	4.7671321747275135	0	0	0	0	0	0	0	0	0	0	0	0	0	0	0
5	4.7671321747275135	4.7671321747275135	4.7671321747275135	0	0	0	0	0	0	0	0	0	0	0	0	0	0	0
6	4.7671321747275135	4.7671321747275135	4.7671321747275135	0	0	0	0	0	0	0	0	0	0	0	0	0	0	0
7	4.7671321747275135	4.7671321747275135	4.7671321747275135	0	0	0	0	0	0	0	0	0	0	0	0	0	0	0
8	4.7671321747275135	4.7671321747275135	4.7671321747275135	0	0	0	0	0	0	0	0	0	0	0	0	0	0	0
9	4.7671321747275135	4.7671321747275135	4.7671321747275135	0	0	0	0	0	0	0	0	0	0	0	0	0	0	0
10	4.7671321747275135	4.7671321747275135	4.7671321747275135	0	0	0	0	0	0	0	0	0	0	0	0	0	0	0
11	4.7671321747275135	4.7671321747275135	4.7671321747275135	0	0	0	0	0	0	0	0	0	0	0	0	0	0	0
12	4.767132174727514	4.767132174727515	4.7671321747275135	45.590338973213896	50.64621129955232	21.118874111932993	4076.1105050769665	3731.412616269059	643.0618188631828	0	0	0	0.004158031660017422	0.004776120232909748	0.0019476355571605593	0.37171201736000886	0.36019087751096857	0.060342234641383295
13	4.7671321747275135	4.7671321747275135	4.7671321747275135	45.59161011814437	50.990285827723966	21.165778058232505	4717.332831372288	4519.060372818031	765.4153942481552	0	0	0	0.0041581475938283685	0.00477809775839006	0.0019473432038616047	0.4301859027953989	0.4251004270888715	0.07058569086765135
14	4.7671321747275135	4.7671321747275135	4.7671321747275135	45.59161014885351	51.02318132846904	21.170174312973003	4794.99030244371	4621.240001273245	780.6023320023425	0	0	0	0.004158147596629245	0.004778200060746561	0.001947301879869478	0.437267587030818	0.4329889273814985	0.0718231558989793
15	4.7671321747275135	4.7671321747275135	4.7671321747275135	45.59161014885388	51.02712270050763	21.170708270740548	4804.369288879831	4634.341555703262	782.4781697434812	0	0	0	0.004158147596629398	0.004778206094062911	0.001947295536589771	0.4381228688148081	0.433943391330627	0.07197216627022872
16	4.7671321747275135	4.7671321747275135	4.7671321747275135	45.59161014885389	51.027602106849756	21.170774223970376	4805.489190527427	4635.999336465956	782.707342070285	0	0	0	0.004158147596629398	0.004778205817580415	0.0019472945456983524	0.43822499408014204	0.434057414717538	0.07198988988803214
17	4.7671321747275135	4.7671321747275135	4.7671321747275135	45.59161014885388	51.02765865770339	21.170782123582782	4805.619251025073	4636.203586418657	782.7346180532991	0	0	0	0.004158147596629399	0.004778205722982609	0.0019472944113326318	0.43823685446351285	0.4340706438474427	0.07199193768260329
18	4.7671321747275135	4.7671321747275135	4.7671321747275135	45.59161014885388	51.027664668555914	21.17078297924288	4805.632418920305	4636.225721118456	782.7374629189472	0	0	0	0.004158147596629399	0.004778205676827234	0.0019472943905594392	0.4382380552606592	0.43407197875312337	0.07199214344093405
19	4.7671321747275135	4.7671321747275135	4.7671321747275135	45.59161014885389	51.02766534245044	21.170783077608487	4805.63383918216	4636.228349943016	782.7377837435881	0	0	0	0.004158147596629398	0.004778205669330717	0.0019472943877043606	0.43823818477617393	0.434072121734634	0.07199216534657364
20	4.7671321747275135	4.7671321747275135	4.7671321747275135	45.59161014885388	51.02766521727046	21.17078305978505	4805.633527077912	4636.227811998221	782.737715602808	0	0	0	0.004158147596629399	0.004778205667492023	0.001947294387719073	0.43823815631516133	0.43407209001207364	0.07199216047325036
21	4.7671321747275135	4.7671321747275135	4.7671321747275135	45.59161014885388	51.02766512842312	21.170783046968896	4805.633336659757	4636.227480349264	782.7376738261548	0	0	0	0.0041581475966294	0.0047782056683851526	0.0019472943880767155	0.43823813895077235	0.43407207069213805	0.07199215750560911
22	4.7671321747275135	4.7671321747275135	4.7671321747275135	45.59161014885388	51.027665084260185	21.17078304058786	4805.633243381523	4636.227316848273	782.7376533001291	0	0	0	0.0041581475966294	0.004778205668922378	0.0019472943882682576	0.4382381304445748	0.4340720612449925	0.07199215605394985
23	4.7671321747275135	4.7671321747275135	4.7671321747275135	45.59161014885388	51.02766508478164	21.170783040641936	4805.633247243211	4636.227321495247	782.7376540247304	0	0	0	0.004158147596629399	0.004778205669103701	0.0019472943882936993	0.4382381307965688	0.4340720616706369	0.07199215611827259
24	4.7671321747275135	4.7671321747275135	4.7671321747275135	45.59161014885388	51.02766512998748	21.170783047131128	4805.633348244821	4636.227494290188	782.737675999959	0	0	0	0.004158147596629397	0.004778205668929121	0.0019472943881530403	0.4382381400067542	0.4340720719690713	0.07199215769857731
25	4.7671321747275135	4.7671321747275135	4.7671321747275135	45.59161014885389	51.02766514070781	21.170783048685063	4805.633369582779	4636.227531770553	782.7376807000608	0	0	0	0.004158147596629398	0.00477820566870414	0.001947294388092697	0.4382381419527088	0.4340720741243599	0.0719921580302475
26	4.7671321747275135	4.7671321747275135	4.7671321747275135	45.59161014885389	51.02766515020062	21.170783050061633	4805.6333883795005	4636.227564824842	782.7376848426289	0	0	0	0.004158147596629398	0.004778205668498054	0.0019472943880382391	0.4382381436669149	0.4340720760220899	0.07199215832232708
27	4.7671321747275135	4.7671321747275135	4.7671321747275135	45.59161014885389	51.02766515882421	21.170783051312238	4805.633405444177	4636.227594837258	782.7376886037115	0	0	0	0.004158147596629399	0.004778205668310105	0.001947294387988643	0.43823814522316085	0.4340720777448019	0.07199215858747894
28	4.7671321747275135	4.7671321747275135	4.7671321747275135	45.59161014885388	51.0276651665786	21.170783052436875	4805.6334207768095	4636.2276218078	782.7376919833084	0	0	0	0.004158147596629399	0.004778205668140293	0.0019472943879439088	0.43823814662144667	0.4340720792924957	0.07199215882570308
29	4.7671321747275135	4.7671321747275135	4.7671321747275135	45.59161014885388	51.02766517346378	21.17078305343555	4805.633434377398	4636.227645736466	782.7376949814198	0	0	0	0.0041581475966294	0.004778205667988618	0.0019472943879040364	0.43823814786177234	0.4340720806651714	0.0719921590369995
30	4.7671321747275135	4.7671321747275135	4.7671321747275135	45.59161014885388	51.027665179479754	21.170783054308256	4805.633446245942	4636.227666623259	782.7376975980458	0	0	0	0.0041581475966294	0.00477820566785508	0.0019472943878690258	0.43823814894413793	0.43407208186282903	0.07199215922136819
31	4.7671321747275135	4.7671321747275135	4.7671321747275135	45.59161014885388	51.02766518462652	21.170783055055	4805.633456382441	4636.227684468177	782.7376998331861	0	0	0	0.0041581475966294	0.004778205667739678	0.001947294387838877	0.43823814986854337	0.4340720828854685	0.07199215937880915
32	4.7671321747275135	4.7671321747275135	4.7671321747275135	45.59161014885388	51.02766518890408	21.170783055675777	4805.633464786897	4636.227699271221	782.7377016868409	0	0	0	0.0041581475966294	0.004778205667642414	0.00194729438781359	0.4382381506349887	0.4340720837330899	0.0719921595093224
33	4.7671321747275135	4.7671321747275135	4.7671321747275135	45.59161014885388	51.02766519231243	21.17078305617059	4805.633471459309	4636.227711032391	782.7377031590102	0	0	0	0.0041581475966294	0.004778205667563287	0.001947294387793165	0.43823815124347393	0.43407208440569317	0.07199215961290793
34	4.7671321747275135	4.7671321747275135	4.7671321747275135	45.59161014885388	51.02766519485158	21.170783056539435	4805.633476399675	4636.227719751687	782.7377042496937	0	0	0	0.0041581475966294	0.004778205667502297	0.001947294387777602	0.438238151693999	0.43407208490327837	0.07199215968956572
35	4.7671321747275135	4.7671321747275135	4.7671321747275135	45.59161014885388	51.02766519652152	21.170783056782316	4805.633479607998	4636.227725429108	782.7377049588919	0	0	0	0.0041581475966294	0.004778205667459443	0.0019472943877669006	0.4382381519865639	0.4340720852258454	0.0719921597392958
36	4.7671321747275135	4.7671321747275135	4.7671321747275135	45.59161014885388	51.02766519732225	21.17078305689923	4805.633481084276	4636.227728064656	782.7377052866044	0	0	0	0.0041581475966294	0.004778205667434727	0.0019472943877610611	0.43823815212116873	0.43407208537339437	0.07199215976209816
37	4.7671321747275135	4.7671321747275135	4.7671321747275135	45.59161014885388	51.027665197253775	21.17078305689018	4805.63348082851	4636.227727658328	782.7377052328314	0	0	0	0.0041581475966294	0.004778205667428147	0.0019472943877600834	0.4382381520978134	0.4340720853459252	0.0719921597579728
38	4.7671321747275135	4.7671321747275135	4.7671321747275135	45.59161014885388	51.02766519631609	21.170783056755162	4805.6334788407	4636.227724210127	782.7377047975729	0	0	0	0.004158147596629399	0.004778205667439705	0.0019472943877639677	0.438238151916498	0.4340720851434379	0.07199215972691972
39	4.7671321747275135	4.7671321747275135	4.7671321747275135	45.59161014885388	51.027665194509204	21.17078305649418	4805.633475120846	4636.227717720051	782.7377039808288	0	0	0	0.004158147596629399	0.004778205667469399	0.0019472943877727137	0.43823815157722246	0.43407208476593256	0.0719921596689389
40	4.7671321747275135	4.7671321747275135	4.7671321747275135	45.59161014885388	51.0276651918331	21.170783056107233	4805.633469668947	4636.227708188101	782.7377027825991	0	0	0	0.004158147596629398	0.0047782056675172305	0.0019472943877863215	0.43823815107998676	0.43407208421340904	0.07199215958403037
41	4.7671321747275135	4.7671321747275135	4.7671321747275135	45.59161014885388	51.0276651882878	21.17078305559432	4805.633462485004	4636.227695614278	782.7377012028838	0	0	0	0.004158147596629397	0.004778205667583199	0.0019472943878047913	0.438238150424791	0.43407208348586745	0.07199215947219412
42	4.7671321747275135	4.7671321747275135	4.7671321747275135	45.59161014885388	51.02766518387329	21.170783054955443	4805.633453569018	4636.227679998579	782.737699241683	0	0	0	0.004158147596629397	0.004778205667667304	0.0019472943878281227	0.438238149611635	0.43407208258330776	0.07199215933343013
43	4.7671321747275135	4.7671321747275135	4.7671321747275135	45.59161014885388	51.027665178589565	21.1707830541906	4805.633442920986	4636.227661341006	782.7376968989967	0	0	0	0.004158147596629396	0.004778205667769546	0.0019472943878563163	0.43823814864051897	0.4340720815057299	0.07199215916773843
44	4.7671321747275135	4.7671321747275135	4.7671321747275135	45.59161014885388	51.02766517243664	21.17078305329979	4805.633430540911	4636.227639641559	782.7376941748248	0	0	0	0.004158147596629395	0.0047782056678899254	0.0019472943878893715	0.43823814751144274	0.434072080253134	0.07199215897511901
45	4.7671321747275135	4.7671321747275135	4.7671321747275135	45.59161014885388	51.02766516985357	21.170783052923852	4805.633425666123	4636.227631033939	782.7376930983612	0	0	0	0.004158147596629395	0.004778205667962616	0.0019472943879066435	0.4382381470669117	0.43407207976304274	0.07199215889953599
46	4.7671321747275135	4.7671321747275135	4.7671321747275135	45.59161014885388	51.027665168884674	21.170783052781065	4805.633424129615	4636.227628260233	782.7376927554294	0	0	0	0.004158147596629395	0.00477820566800995	0.0019472943879162042	0.4382381469268508	0.43407207961158545	0.0719921588759657
47	4.7671321747275135	4.7671321747275135	4.7671321747275135	45.59161014885388	51.027665167988616	21.170783052649007	4805.633422708582	4636.227625694748	782.737692438256	0	0	0	0.004158147596629396	0.004778205668053728	0.00194729438792506	0.43823814679731643	0.4340720794715202	0.07199215885416785
48	4.7671321747275135	4.7671321747275135	4.7671321747275135	45.59161014885389	51.027665167165395	21.170783052527685	4805.633421403021	4636.227623337482	782.7376921468409	0	0	0	0.004158147596629397	0.004778205668093947	0.0019472943879332105	0.4382381466783086	0.43407207934284703	0.07199215883414244
49	4.7671321747275135	4.7671321747275135	4.7671321747275135	45.59161014885389	51.02766516641501	21.170783052417093	4805.633420212936	4636.227621188436	782.7376918811844	0	0	0	0.004158147596629398	0.00477820566813061	0.0019472943879406562	0.43823814656982735	0.4340720792255659	0.07199215881588945
50	4.7671321747275135	4.7671321747275135	4.7671321747275135	45.59161014885389	51.02766516573747	21.170783052317237	4805.633419138324	4636.227619247611	782.7376916412863	0	0	0	0.004158147596629398	0.004778205668163715	0.0019472943879473969	0.4382381464718726	0.4340720791196768	0.0719921587994089
51	4.7671321747275135	4.7671321747275135	4.7671321747275135	45.59161014885389	51.02766516513277	21.17078305222811	4805.633418179185	4636.227617515006	782.7376914271466	0	0	0	0.004158147596629399	0.004778205668193263	0.0019472943879534326	0.4382381463844444	0.43407207902517986	0.07199215878470079
52	4.7671321747275135	4.7671321747275135	4.7671321747275135	45.59161014885389	51.027665164600904	21.170783052149716	4805.633417335521	4636.2276159906205	782.7376912387655	0	0	0	0.004158147596629399	0.004778205668219254	0.0019472943879587632	0.43823814630754276	0.4340720789420749	0.07199215877176511
53	4.7671321747275135	4.7671321747275135	4.7671321747275135	45.59161014885389	51.02766516414188	21.17078305208205	4805.63341660733	4636.227614674455	782.7376910761426	0	0	0	0.0041581475966294	0.0047782056682416875	0.0019472943879633889	0.4382381462411677	0.434072078870362	0.07199215876060186
54	4.7671321747275135	4.7671321747275135	4.7671321747275135	45.59161014885389	51.02766516375569	21.170783052025122	4805.633415994614	4636.22761356651	782.7376909392783	0	0	0	0.0041581475966294	0.004778205668260564	0.0019472943879673096	0.4382381461853191	0.4340720788100411	0.07199215875121105
55	4.7671321747275135	4.7671321747275135	4.7671321747275135	45.59161014885389	51.02766516344235	21.170783051978923	4805.633415497371	4636.227612666785	782.7376908281724	0	0	0	0.0041581475966294005	0.004778205668275882	0.0019472943879705253	0.43823814613999706	0.4340720787611123	0.07199215874359267
56	4.7671321747275135	4.7671321747275135	4.7671321747275135	45.59161014885389	51.027665163201846	21.17078305194346	4805.6334151156025	4636.22761197528	782.7376907428248	0	0	0	0.0041581475966294005	0.004778205668287644	0.0019472943879730359	0.43823814610520156	0.43407207872357556	0.07199215873774673
57	4.7671321747275135	4.7671321747275135	4.7671321747275135	45.59161014885389	51.02766516303418	21.170783051918725	4805.633414849308	4636.227611491995	782.7376906832358	0	0	0	0.0041581475966294005	0.004778205668295849	0.0019472943879748417	0.43823814608093264	0.43407207869743086	0.07199215873367322
58	4.7671321747275135	4.7671321747275135	4.7671321747275135	45.59161014885389	51.02766516293935	21.170783051904724	4805.633414698486	4636.227611216929	782.7376906494052	0	0	0	0.0041581475966294005	0.0047782056683004955	0.0019472943879759422	0.43823814606719025	0.4340720786826782	0.07199215873137214
59	4.7671321747275135	4.7671321747275135	4.7671321747275135	45.59161014885389	51.027665162917366	21.170783051901456	4805.63341466314	4636.227611150085	782.7376906413331	0	0	0	0.004158147596629401	0.004778205668301586	0.001947294387976338	0.4382381460639744	0.43407207867931763	0.0719921587308435
60	4.7671321747275135	4.7671321747275135	4.7671321747275135	45.59161014885389	51.02766516296822	21.17078305190892	4805.633414743266	4636.22761129146	782.7376906590193	0	0	0	0.004158147596629401	0.004778205668299119	0.0019472943879760285	0.4382381460712851	0.4340720786873491	0.0719921587320873
61	4.7671321747275135	4.7671321747275135	4.7671321747275135	45.59161014885389	51.02766516309191	21.170783051927117	4805.633414938867	4636.227611641055	782.737690702464	0	0	0	0.004158147596629401	0.004778205668293094	0.0019472943879750141	0.43823814608912226	0.4340720787067726	0.07199215873510352
62	4.7671321747275135	4.7671321747275135	4.7671321747275135	45.59161014885388	51.02766516328845	21.170783051956043	4805.633415249941	4636.22761219887	782.7376907716671	0	0	0	0.004158147596629401	0.0047782056682835125	0.0019472943879732948	0.43823814611748607	0.4340720787375882	0.07199215873989218
63	4.7671321747275135	4.7671321747275135	4.7671321747275135	45.59161014885388	51.02766516355781	21.170783051995706	4805.63341567649	4636.227612964905	782.7376908666287	0	0	0	0.004158147596629401	0.004778205668270373	0.0019472943879708705	0.43823814615637635	0.4340720787797958	0.07199215874645327
64	4.7671321747275135	4.7671321747275135	4.7671321747275135	45.59161014885388	51.027665163900025	21.170783052046097	4805.633416218512	4636.227613939161	782.7376909873487	0	0	0	0.004158147596629401	0.004778205668253677	0.001947294387967741	0.4382381462057932	0.4340720788333955	0.0719921587547868
65	4.7671321747275135	4.7671321747275135	4.7671321747275135	45.59161014885388	51.027665164315074	21.170783052107222	4805.633416876009	4636.2276151216365	782.7376911338272	0	0	0	0.004158147596629401	0.004778205668233423	0.0019472943879639067	0.4382381462657366	0.4340720788983872	0.07199215876489277
66	4.7671321747275135	4.7671321747275135	4.7671321747275135	45.59161014885388	51.02766516480297	21.17078305217908	4805.633417648978	4636.227616512332	782.737691306064	0	0	0	0.004158147596629401	0.004778205668209612	0.0019472943879593673	0.4382381463362065	0.434072078974771	0.07199215877677118
67	4.7671321747275135	4.7671321747275135	4.7671321747275135	45.59161014885388	51.02766516536369	21.17078305226167	4805.633418537423	4636.2276181112475	782.7376915040594	0	0	0	0.004158147596629401	0.0047782056681822446	0.001947294387954123	0.438238146417203	0.43407207906254686	0.071992158790422
68	4.7671321747275135	4.7671321747275135	4.7671321747275135	45.591610148853874	51.02766516599726	21.170783052354988	4805.63341954134	4636.2276199183825	782.7376917278131	0	0	0	0.004158147596629401	0.004778205668151319	0.0019472943879481736	0.438238146508726	0.43407207916171475	0.07199215880584527
69	4.7671321747275135	4.7671321747275135	4.7671321747275135	45.591610148853896	51.027665166501706	21.17078305243001	4805.633420232894	4636.227621178921	782.7376918829012	0	0	0	0.0041581475966284845	0.00477820566811834	0.0019472943879370634	0.43823814657154175	0.4340720792290399	0.07199215881633554
70	4.7671321747275135	4.7671321747275135	4.7671321747275135	45.5916101488539	51.02766516669414	21.17078305245868	4805.633420503063	4636.22762167987	782.7376919440034	0	0	0	0.004158147596628615	0.004778205668104978	0.0019472943879336648	0.4382381465961885	0.43407207925478963	0.07199215882040784
71	4.7671321747275135	4.7671321747275135	4.7671321747275135	45.59161014885388	51.02766516660168	21.170783052444612	4805.633420453295	4636.22762159694	782.73769193331	0	0	0	0.004158147596630358	0.0047782056681142495	0.0019472943879412525	0.4382381465920541	0.43407207924941926	0.07199215881968758
72	4.7671321747275135	4.7671321747275135	4.7671321747275135	45.59161014885388	51.02766516660168	21.170783052444612	4805.633420453295	4636.22762159694	782.73769193331	0	0	0	0.004158147596630358	0.0047782056681142495	0.0019472943879412525	0.4382381465920541	0.43407207924941926	0.07199215881968758
73	4.7671321747275135	4.7671321747275135	4.7671321747275135	0.001244781368269804	50.05650809140761	20.806442633909995	729.4256619578885	4599.0979496959735	777.0611603425481	0	0	0	0	0.004777173415101267	0.001944523892085205	0.06651916691902765	0.4341018521986202	0.07196031352172397
74	4.7671321747275135	4.7671321747275135	4.7671321747275135	0	44.99094659205761	18.935167694218794	88.28746272637268	4321.237320741666	735.0646092593893	0	0	0	0	0.004594764601559149	0.0018612392257753212	0.008051155943627628	0.4275176663182308	0.0706371912949513
75	4.7671321747275135	4.767132174727513	4.7671321747275135	0	38.247099885184824	16.545861025394927	10.677002894330048	3732.6261592602577	648.6423471279578	0	0	0	0	0.003922455785976153	0.0015927074146800493	0.0009736627620747347	0.38295100261881004	0.06317043573034957
76	4.7671321747275135	4.7671321747275135	4.7671321747275135	0	36.095015279449626	15.843354667603597	1.2856118634309603	3371.9450124828613	598.2239524778738	0	0	0	0	0.0036227847562013047	0.0014820028853971092	0.0001172381810038231	0.3409901025888534	0.05658936765394562
77	4.7671321747275135	4.7671321747275135	4.7671321747275135	0	35.73717071733337	15.737787929225968	0.15483829460657428	3268.0363986174766	584.5326250639406	0	0	0	0	0.003572106033335453	0.0014648628168953464	14120093727954389e-21	0.32733860653999236	0.05456163022178876
78	4.7671321747275135	4.7671321747275135	4.7671321747275135	0	35.68539840737722	15.723764814463914	0.018483189269684334	3246.3204906420447	581.8273519154297	0	0	0	0	0.0035651439490537924	0.0014626936030763765	16855285415190168e-22	0.32442315135478605	0.05414964604385665
79	4.7671321747275135	4.7671321747275135	4.7671321747275135	0	35.67817879276031	15.721937403812905	0.002159495541166873	3242.4107581439675	581.3640687604849	0	0	0	0	0.0035642326688312543	0.001462429050078557	0	0.32390332252699094	0.05407943029414481
80	4.7671321747275135	4.7671321747275135	4.7671321747275135	0	35.67719656052325	15.721701982129861	0.0002354205070536686	3241.7660714758063	581.2910345233084	0	0	0	0	0.0035641138632860406	0.0014623964871149767	0	0.3238193971791557	0.054068554522617614
81	4.7671321747275135	4.7671321747275135	4.7671321747275135	0	35.67707076612918	15.721673203931156	22804206600647418e-21	3241.6690291616956	581.2805006088034	0	0	0	0	0.0035641025068938723	0.0014623938100586484	0	0.32380726750061656	0.05406704813560705
82	4.7671321747275135	4.7671321747275135	4.7671321747275135	0	35.677054786458505	15.72166970893362	0	3241.655030194961	581.2790422674706	0	0	0	0	0.003564101375909637	0.001462393564478977	0	0.3238056690240686	0.05406685902743156
83	4.7671321747275135	4.7671321747275135	4.7671321747275135	0	35.677054270621205	15.721669614765156	0	3241.6541240120832	581.2789604035434	0	0	0	0	0.003564101350404897	0.0014623935605966162	0	0.323805599828934	0.05406685264932028
84	4.7671321747275135	4.7671321747275135	4.7671321747275135	0	35.67705416472201	15.721669596195198	0	3241.654045271434	581.2789536755455	0	0	0	0	0.0035641013625081594	0.0014623935636439774	0	0.32380559531507425	0.054066852265930686
85	4.7671321747275135	4.7671321747275135	4.7671321747275135	0	35.677054226233686	15.721669607424378	0	3241.654137439255	581.2789620915695	0	0	0	0	0.0035641013641339024	0.0014623935638343186	0	0.32380560275516307	0.05406685296014345
86	4.7671321747275135	4.7671321747275135	4.7671321747275135	0	35.67705427508425	15.72166961632826	0	3241.654210513468	581.2789687614588	0	0	0	0	0.003564101365369947	0.0014623935639710031	0	0.32380560864245067	0.05406685350925186
87	4.7671321747275135	4.7671321747275135	4.7671321747275135	0	35.67705431127371	15.721669622906848	0	3241.6542644940732	581.2789736852135	0	0	0	0	0.0035641013662162943	0.0014623935640540307	0	0.32380561297693716	0.05406685391325591
88	4.7671321747275135	4.7671321747275135	4.7671321747275135	0	35.677054334802044	15.721669627160137	0	3241.654299381071	581.2789768628334	0	0	0	0	0.0035641013666729443	0.001462393564083401	0	0.3238056157586225	0.05406685417215561
89	4.7671321747275135	4.7671321747275135	4.7671321747275135	0	35.677054345669276	15.721669629088133	0	3241.6543151744604	581.2789782943184	0	0	0	0	0.003564101366739896	0.0014623935640591145	0	0.3238056169875067	0.054066854285950955
90	4.7671321747275135	4.7671321747275135	4.7671321747275135	0	35.6770543438754	15.721669628690831	0	3241.654311874242	581.2789779796689	0	0	0	0	0.00356410136641715	0.001462393563981171	0	0.32380561666358976	0.05406685425464194
91	4.7671321747275135	4.7671321747275135	4.7671321747275135	0	35.677054329420415	15.721669625968234	0	3241.654289480416	581.2789759188846	0	0	0	0	0.0035641013657047066	0.0014623935638495705	0	0.32380561478687164	0.05406685407822857
92	4.7671321747275135	4.7671321747275135	4.7671321747275135	0	35.67705430230431	15.72166962092034	0	3241.654247992982	581.2789721119655	0	0	0	0	0.0035641013646025652	0.001462393563664313	0	0.3238056113573524	0.054066853756710845
93	4.7671321747275135	4.7671321747275135	4.7671321747275135	0	35.67705429122292	15.721669618892227	0	3241.654231512048	581.2789706052657	0	0	0	0	0.0035641013643056244	0.0014623935636279691	0	0.3238056100203963	0.054066853631799174
94	4.7671321747275135	4.7671321747275135	4.7671321747275135	0	35.67705428804918	15.72166961833961	0	3241.654227207215	581.2789702162537	0	0	0	0	0.0035641013643482487	0.0014623935636501467	0	0.32380560969203637	0.054066853601470156
95	4.7671321747275135	4.7671321747275135	4.7671321747275135	0	35.67705428501484	15.721669617811258	0	3241.654223092502	581.2789698444287	0	0	0	0	0.0035641013643891613	0.001462393563671386	0	0.3238056093782241	0.05406685357248537
96	4.7671321747275135	4.7671321747275135	4.7671321747275135	0	35.67705428211992	15.721669617307173	0	3241.654219167909	581.2789694897909	0	0	0	0	0.0035641013644283617	0.0014623935636916875	0	0.3238056090789596	0.05406685354484482
97	4.7671321747275135	4.7671321747275135	4.7671321747275135	0	35.677054279364405	15.721669616827354	0	3241.6542154334365	581.2789691523403	0	0	0	0	0.003564101364465851	0.0014623935637110507	0	0.3238056087942428	0.05406685351854851
98	4.7671321747275135	4.7671321747275135	4.7671321747275135	0	35.6770542767483	15.721669616371802	0	3241.654211889084	581.2789688320769	0	0	0	0	0.003564101364501628	0.0014623935637294756	0	0.3238056085240737	0.054066853493596426
99	4.7671321747275135	4.7671321747275135	4.7671321747275135	0	35.67705427427161	15.721669615940517	0	3241.654208534852	581.2789685290006	0	0	0	0	0.003564101364535694	0.0014623935637469625	0	0.3238056082684523	0.054066853469988574
100	4.7671321747275135	4.7671321747275135	4.7671321747275135	0	35.67705427193433	15.721669615533498	0	3241.65420537074	581.2789682431115	0	0	0	0	0.0035641013645680477	0.0014623935637635113	0	0.32380560802737857	0.05406685344772496
101	4.7671321747275135	4.7671321747275135	4.7671321747275135	0	35.67705426973646	15.721669615150745	0	3241.6542023967477	581.2789679744096	0	0	0	0	0.00356410136459869	0.001462393563779122	0	0.32380560780085255	0.05406685342680558
102	4.7671321747275135	4.7671321747275135	4.7671321747275135	0	35.677054267678	15.721669614792258	0	3241.6541996128763	581.2789677228949	0	0	0	0	0.0035641013646276203	0.0014623935637937944	0	0.3238056075888743	0.054066853407230435
103	4.7671321747275135	4.7671321747275135	4.7671321747275135	0	35.677054265758954	15.721669614458039	0	3241.6541970191247	581.2789674885673	0	0	0	0	0.003564101364654839	0.0014623935638075286	0	0.32380560739144365	0.054066853388999525
104	4.7671321747275135	4.7671321747275135	4.7671321747275135	0	35.67705426397932	15.721669614148086	0	3241.6541946154935	581.2789672714268	0	0	0	0	0.003564101364680346	0.0014623935638203248	0	0.3238056072085608	0.054066853372112846
105	4.7671321747275135	4.7671321747275135	4.7671321747275135	0	35.6770542623391	15.721669613862398	0	3241.6541924019825	581.2789670714736	0	0	0	0	0.0035641013647041415	0.001462393563832183	0	0.3238056070402256	0.054066853356570396
106	4.7671321747275135	4.7671321747275135	4.7671321747275135	0	35.67705426083828	15.721669613600977	0	3241.6541903785915	581.2789668887075	0	0	0	0	0.003564101364726225	0.0014623935638431028	0	0.3238056068864381	0.05406685334237219
107	4.7671321747275135	4.7671321747275135	4.7671321747275135	0	35.67705425947688	15.721669613363822	0	3241.6541885453207	581.2789667231285	0	0	0	0	0.003564101364746597	0.0014623935638530846	0	0.3238056067471983	0.05406685332951821
108	4.7671321747275135	4.7671321747275135	4.7671321747275135	0	35.67705425825489	15.721669613150935	0	3241.6541869021703	581.2789665747368	0	0	0	0	0.003564101364765257	0.0014623935638621282	0	0.32380560662250624	0.05406685331800847
109	4.7671321747275135	4.7671321747275135	4.7671321747275135	0	35.677054257172315	15.721669612962314	0	3241.65418544914	581.2789664435322	0	0	0	0	0.003564101364782206	0.0014623935638702337	0	0.3238056065123619	0.05406685330784296
110	4.7671321747275135	4.7671321747275135	4.7671321747275135	0	35.67705425622915	15.721669612797958	0	3241.65418418623	581.2789663295148	0	0	0	0	0.0035641013647974423	0.0014623935638774011	0	0.32380560641676526	0.05406685329902169
111	4.7671321747275135	4.7671321747275135	4.7671321747275135	0	35.67705425542539	15.72166961265787	0	3241.6541831134405	581.2789662326845	0	0	0	0	0.0035641013648109675	0.0014623935638836303	0	0.32380560633571626	0.05406685329154464
112	4.7671321747275135	4.7671321747275135	4.7671321747275135	0	35.677054254761046	15.721669612542048	0	3241.654182230771	581.2789661530414	0	0	0	0	0.003564101364822781	0.0014623935638889214	0	0.323805606269215	0.05406685328541184
113	4.7671321747275135	4.7671321747275135	4.7671321747275135	0	35.67705425423611	15.721669612450492	0	3241.654181538221	581.2789660905855	0	0	0	0	0.0035641013648328827	0.0014623935638932745	0	0.32380560621726145	0.05406685328062326
114	4.7671321747275135	4.7671321747275135	4.7671321747275135	0	35.677054253850585	15.721669612383202	0	3241.654181035792	581.2789660453167	0	0	0	0	0.0035641013648412727	0.0014623935638966893	0	0.32380560617985565	0.054066853277178924
115	4.7671321747275135	4.7671321747275135	4.7671321747275135	0	35.677054253604474	15.721669612340179	0	3241.654180723483	581.2789660172351	0	0	0	0	0.003564101364847951	0.0014623935638991658	0	0.3238056061569975	0.05406685327507881
116	4.7671321747275135	4.7671321747275135	4.7671321747275135	0	35.67705425349777	15.721669612321422	0	3241.6541806012942	581.2789660063407	0	0	0	0	0.0035641013648529175	0.0014623935639007045	0	0.3238056061486871	0.054066853274322944
117	4.7671321747275135	4.7671321747275135	4.7671321747275135	0	35.677054253530486	15.721669612326933	0	3241.6541806692258	581.2789660126334	0	0	0	0	0.0035641013648561723	0.001462393563901305	0	0.3238056061549243	0.05406685327491131
118	4.7671321747275135	4.7671321747275135	4.7671321747275135	0	35.67705425370261	15.72166961235671	0	3241.654180927277	581.2789660361133	0	0	0	0	0.0035641013648577153	0.0014623935639009671	0	0.3238056061757093	0.0540668532768439
119	4.7671321747275135	4.7671321747275135	4.7671321747275135	0	35.67705425401414	15.721669612410752	0	3241.654181375449	581.2789660767804	0	0	0	0	0.003564101364857547	0.0014623935638996912	0	0.323805606211042	0.05406685328012073
120	4.7671321747275135	4.7671321747275135	4.7671321747275135	0	35.677054254465084	15.72166961248906	0	3241.654182013741	581.2789661346346	0	0	0	0	0.0035641013648556666	0.0014623935638974773	0	0.32380560626092236	0.05406685328474179
121	4.7671321747275135	4.7671321747275135	4.7671321747275135	0	35.67705425505544	15.721669612591636	0	3241.654182842153	581.278966209676	0	0	0	0	0.0035641013648520744	0.001462393563894325	0	0.3238056063253505	0.05406685329070709
122	4.7671321747275135	4.7671321747275135	4.7671321747275135	0	35.67705425578521	15.721669612718479	0	3241.6541838606854	581.2789663019046	0	0	0	0	0.003564101364846771	0.0014623935638902348	0	0.32380560640432626	0.05406685329801662
123	4.7671321747275135	4.7671321747275135	4.7671321747275135	0	35.67705425665439	15.721669612869587	0	3241.654185069338	581.2789664113203	0	0	0	0	0.0035641013648397557	0.0014623935638852065	0	0.3238056064978498	0.05406685330667039
124	4.7671321747275135	4.7671321747275135	4.7671321747275135	0	35.677054257662974	15.721669613044961	0	3241.6541864681108	581.2789665379232	0	0	0	0	0.0035641013648310283	0.00146239356387924	0	0.32380560660592095	0.054066853316668384
125	4.7671321747275135	4.7671321747275135	4.7671321747275135	0	35.677054258810976	15.721669613244602	0	3241.654188057004	581.2789666817133	0	0	0	0	0.0035641013648205896	0.0014623935638723353	0	0.32380560672853986	0.05406685332801062
126	4.7671321747275135	4.7671321747275135	4.7671321747275135	0	35.67705426009839	15.72166961346851	0	3241.654189836017	581.2789668426906	0	0	0	0	0.003564101364808439	0.0014623935638644924	0	0.3238056068657065	0.05406685334069709
127	4.7671321747275135	4.7671321747275135	4.7671321747275135	0	35.67705426152521	15.721669613716683	0	3241.6541918051503	581.2789670208549	0	0	0	0	0.0035641013647945766	0.0014623935638557115	0	0.3238056070174208	0.05406685335472779
128	4.7671321747275135	4.7671321747275135	4.7671321747275135	0	35.67705426309144	15.721669613989125	0	3241.654193964404	581.2789672162065	0	0	0	0	0.0035641013647790027	0.0014623935638459924	0	0.32380560718368284	0.05406685337010272
129	4.7671321747275135	4.7671321747275135	4.7671321747275135	0	35.67705426479709	15.721669614285831	0	3241.654196313778	581.2789674287452	0	0	0	0	0.003564101364761717	0.0014623935638353352	0	0.32380560736449254	0.054066853386821885
130	4.7671321747275135	4.7671321747275135	4.7671321747275135	0	35.677054266642145	15.721669614606805	0	3241.6541988532717	581.2789676584712	0	0	0	0	0.0035641013647427196	0.0014623935638237398	0	0.32380560755985	0.05406685340488529
131	4.7671321747275135	4.7671321747275135	4.7671321747275135	0	35.67705426862661	15.721669614952043	0	3241.654201582886	581.2789679053842	0	0	0	0	0.003564101364722011	0.0014623935638112063	0	0.32380560776975514	0.054066853424292925
132	4.7671321747275135	4.7671321747275135	4.7671321747275135	0	35.677054270750496	15.72166961532155	0	3241.6542045026204	581.2789681694844	0	0	0	0	0.00356410136469959	0.0014623935637977346	0	0.323805607994208	0.05406685344504479
133	4.7671321747275135	4.7671321747275135	4.7671321747275135	0	35.67705427123299	15.721669615405895	0	3241.65420511344	581.2789682245207	0	0	0	0	0.0035641013646871243	0.0014623935637930682	0	0.32380560803953207	0.054066853449218216
134	4.7671321747275135	4.7671321747275135	4.7671321747275135	0	35.677054271386446	15.72166961543306	0	3241.6542052636228	581.278968237857	0	0	0	0	0.003564101364676968	0.0014623935637902352	0	0.32380560804918823	0.054066853450091296
135	4.7671321747275135	4.7671321747275135	4.7671321747275135	0	35.67705427153592	15.721669615459522	0	3241.65420540991	581.2789682508474	0	0	0	0	0.0035641013646670735	0.001462393563787475	0	0.32380560805859293	0.05406685345094166
136	4.7671321747275135	4.7671321747275135	4.7671321747275135	0	35.67705427168142	15.721669615485279	0	3241.654205552301	581.2789682634917	0	0	0	0	0.003564101364657441	0.0014623935637847875	0	0.3238056080677462	0.05406685345176931
137	4.7671321747275135	4.7671321747275135	4.7671321747275135	0	35.677054271822946	15.721669615510333	0	3241.6542056907965	581.27896827579	0	0	0	0	0.003564101364648071	0.0014623935637821728	0	0.323805608076648	0.05406685345257424
138	4.7671321747275135	4.7671321747275135	4.7671321747275135	0	35.67705427196049	15.721669615534683	0	3241.6542058253967	581.2789682877423	0	0	0	0	0.0035641013646389623	0.001462393563779631	0	0.3238056080852983	0.054066853453356455
139	4.7671321747275135	4.7671321747275135	4.7671321747275135	0	35.67705427209407	15.72166961555833	0	3241.6542059561007	581.2789682993485	0	0	0	0	0.003564101364630116	0.0014623935637771619	0	0.3238056080936972	0.05406685345411596
140	4.7671321747275135	4.7671321747275135	4.7671321747275135	0	35.677054272223664	15.721669615581273	0	3241.654206082909	581.2789683106088	0	0	0	0	0.003564101364621532	0.0014623935637747656	0	0.32380560810184456	0.054066853454852744
141	4.7671321747275135	4.7671321747275135	4.7671321747275135	0	35.67705427234929	15.721669615603512	0	3241.6542062058215	581.2789683215229	0	0	0	0	0.0035641013646132095	0.0014623935637724421	0	0.3238056081097405	0.05406685345556682
142	4.7671321747275135	4.7671321747275135	4.7671321747275135	0	35.67705427247093	15.721669615625048	0	3241.6542063248385	581.2789683320912	0	0	0	0	0.0035641013646051495	0.0014623935637701913	0	0.323805608117385	0.054066853456258175
143	4.7671321747275135	4.7671321747275135	4.7671321747275135	0	35.6770542725886	15.72166961564588	0	3241.6542064399596	581.2789683423132	0	0	0	0	0.0035641013645973515	0.0014623935637680134	0	0.32380560812477804	0.054066853456926814
144	4.7671321747275135	4.7671321747275135	4.7671321747275135	0	35.67705427270229	15.721669615666007	0	3241.654206551185	581.2789683521894	0	0	0	0	0.003564101364589815	0.001462393563765908	0	0.32380560813191966	0.05406685345757274
145	4.7671321747275135	4.7671321747275135	4.7671321747275135	0	35.67705427281201	15.721669615685432	0	3241.654206658515	581.2789683617194	0	0	0	0	0.003564101364582541	0.0014623935637638758	0	0.32380560813880976	0.05406685345819595
146	4.7671321747275135	4.7671321747275135	4.7671321747275135	0	35.67705427291775	15.721669615704153	0	3241.654206761949	581.2789683709035	0	0	0	0	0.003564101364575529	0.001462393563761916	0	0.32380560814544845	0.05406685345879645
147	4.7671321747275135	4.7671321747275135	4.7671321747275135	0	35.677054273019515	15.72166961572217	0	3241.654206861487	581.2789683797415	0	0	0	0	0.003564101364568779	0.0014623935637600293	0	0.3238056081518356	0.054066853459374224
148	4.7671321747275135	4.7671321747275135	4.7671321747275135	0	35.67705427311731	15.721669615739485	0	3241.6542069571296	581.2789683882335	0	0	0	0	0.003564101364562291	0.0014623935637582152	0	0.3238056081579714	0.054066853459929294
149	4.7671321747275135	4.7671321747275135	4.7671321747275135	0	35.67705427321112	15.721669615756095	0	3241.6542070488763	581.2789683963795	0	0	0	0	0.0035641013645560647	0.001462393563756474	0	0.3238056081638557	0.05406685346046164
150	4.7671321747275135	4.7671321747275135	4.7671321747275135	0	35.67705427330095	15.721669615772	0	3241.654207136727	581.2789684041794	0	0	0	0	0.0035641013645501007	0.0014623935637548056	0	0.3238056081694885	0.05406685346097127
151	4.7671321747275135	4.7671321747275135	4.7671321747275135	0	35.677054273386815	15.721669615787205	0	3241.6542072206826	581.2789684116333	0	0	0	0	0.0035641013645443986	0.00146239356375321	0	0.3238056081748699	0.054066853461458196
152	4.7671321747275135	4.7671321747275135	4.7671321747275135	0	35.677054273468706	15.721669615801703	0	3241.654207300742	581.2789684187412	0	0	0	0	0.003564101364538959	0.001462393563751687	0	0.3238056081799998	0.0540668534619224
153	4.7671321747275135	4.7671321747275135	4.7671321747275135	0	35.67705427354661	15.721669615815498	0	3241.654207376906	581.2789684255031	0	0	0	0	0.003564101364533781	0.0014623935637502368	0	0.3238056081848783	0.05406685346236389
154	4.7671321747275135	4.7671321747275135	4.7671321747275135	0	35.67705427362054	15.721669615828592	0	3241.654207449174	581.2789684319189	0	0	0	0	0.003564101364528865	0.0014623935637488594	0	0.32380560818950527	0.05406685346278266
155	4.7671321747275135	4.7671321747275135	4.7671321747275135	0	35.6770542736905	15.721669615840979	0	3241.6542075175466	581.2789684379886	0	0	0	0	0.0035641013645242112	0.001462393563747555	0	0.3238056081938808	0.054066853463178716
156	4.7671321747275135	4.7671321747275135	4.7671321747275135	0	35.67705427375648	15.721669615852663	0	3241.654207582023	581.2789684437124	0	0	0	0	0.0035641013645198194	0.0014623935637463233	0	0.3238056081980049	0.05406685346355206
157	4.7671321747275135	4.7671321747275135	4.7671321747275135	0	35.677054273818484	15.721669615863645	0	3241.654207642604	581.2789684490901	0	0	0	0	0.0035641013645156894	0.0014623935637451642	0	0.32380560820187754	0.05406685346390269
158	4.7671321747275135	4.7671321747275135	4.7671321747275135	0	35.677054273876514	15.721669615873923	0	3241.654207699289	581.2789684541219	0	0	0	0	0.003564101364511822	0.001462393563744078	0	0.3238056082054987	0.0540668534642306
159	4.7671321747275135	4.7671321747275135	4.7671321747275135	0	35.67705427393057	15.721669615883496	0	3241.654207752079	581.2789684588076	0	0	0	0	0.003564101364508216	0.0014623935637430646	0	0.32380560820886845	0.0540668534645358
160	4.7671321747275135	4.7671321747275135	4.7671321747275135	0	35.677054273980644	15.721669615892367	0	3241.6542078009725	581.2789684631473	0	0	0	0	0.003564101364504872	0.001462393563742124	0	0.3238056082119867	0.05406685346481828
161	4.7671321747275135	4.7671321747275135	4.7671321747275135	0	35.677054274026744	15.721669615900533	0	3241.6542078459706	581.2789684671409	0	0	0	0	0.0035641013645017904	0.0014623935637412561	0	0.3238056082148535	0.054066853465078044
162	4.7671321747275135	4.7671321747275135	4.7671321747275135	0	35.67705427406887	15.721669615907995	0	3241.6542078870725	581.2789684707885	0	0	0	0	0.003564101364498971	0.0014623935637404612	0	0.32380560821746884	0.0540668534653151
163	4.7671321747275135	4.7671321747275135	4.7671321747275135	0	35.67705427410702	15.721669615914754	0	3241.654207924279	581.2789684740901	0	0	0	0	0.003564101364496413	0.001462393563739739	0	0.32380560821983273	0.05406685346552943
164	4.7671321747275135	4.7671321747275135	4.7671321747275135	0	35.67705427414119	15.72166961592081	0	3241.65420795759	581.2789684770456	0	0	0	0	0.0035641013644941177	0.0014623935637390892	0	0.32380560822194515	0.05406685346572105
165	4.7671321747275135	4.7671321747275135	4.7671321747275135	0	35.67705427417139	15.721669615926162	0	3241.654207987005	581.2789684796551	0	0	0	0	0.0035641013644920837	0.0014623935637385127	0	0.3238056082238061	0.05406685346588996
166	4.7671321747275135	4.7671321747275135	4.7671321747275135	0	35.67705427419761	15.72166961593081	0	3241.6542080125246	581.2789684819186	0	0	0	0	0.003564101364490312	0.0014623935637380087	0	0.32380560822541565	0.054066853466036145
167	4.7671321747275135	4.7671321747275135	4.7671321747275135	0	35.677054274219856	15.721669615934754	0	3241.6542080341483	581.2789684838361	0	0	0	0	0.0035641013644888025	0.0014623935637375777	0	0.3238056082267737	0.05406685346615962
168	4.7671321747275135	4.7671321747275135	4.7671321747275135	0	35.677054274238124	15.721669615937996	0	3241.654208051876	581.2789684854075	0	0	0	0	0.0035641013644875552	0.0014623935637372192	0	0.3238056082278803	0.05406685346626038
169	4.7671321747275135	4.7671321747275135	4.7671321747275135	0	35.67705427425242	15.721669615940533	0	3241.654208065708	581.278968486633	0	0	0	0	0.0035641013644865695	0.0014623935637369336	0	0.32380560822873544	0.054066853466338424
170	4.7671321747275135	4.7671321747275135	4.7671321747275135	0	35.67705427426274	15.721669615942366	0	3241.6542080756444	581.2789684875123	0	0	0	0	0.003564101364485846	0.001462393563736721	0	0.3238056082293391	0.054066853466393755
171	4.7671321747275135	4.7671321747275135	4.7671321747275135	0	35.677054274269075	15.721669615943496	0	3241.6542080816853	581.2789684880456	0	0	0	0	0.0035641013644853847	0.0014623935637365808	0	0.32380560822969134	0.05406685346642637
172	4.7671321747275135	4.7671321747275135	4.7671321747275135	0	35.67705427427144	15.721669615943922	0	3241.6542080838303	581.278968488233	0	0	0	0	0.003564101364485185	0.0014623935637365136	0	0.3238056082297921	0.05406685346643626
173	4.7671321747275135	4.7671321747275135	4.7671321747275135	0	35.67705427426983	15.721669615943645	0	3241.6542080820795	581.2789684880743	0	0	0	0	0.0035641013644852476	0.0014623935637365193	0	0.3238056082296414	0.054066853466423447
174	4.7671321747275135	4.7671321747275135	4.7671321747275135	0	35.67705427426424	15.721669615942664	0	3241.654208076433	581.2789684875696	0	0	0	0	0.0035641013644855724	0.0014623935637365975	0	0.32380560822923926	0.05406685346638792
175	4.7671321747275135	4.7671321747275135	4.7671321747275135	0	35.67705427425468	15.72166961594098	0	3241.6542080668905	581.2789684867188	0	0	0	0	0.003564101364486159	0.0014623935637367487	0	0.3238056082285856	0.05406685346632967
176	4.7671321747275135	4.7671321747275135	4.7671321747275135	0	35.677054274241144	15.721669615938591	0	3241.6542080534527	581.278968485522	0	0	0	0	0.003564101364487008	0.0014623935637369727	0	0.32380560822768056	0.054066853466248704
177	4.7671321747275135	4.7671321747275135	4.7671321747275135	0	35.67705427422363	15.721669615935498	0	3241.654208036119	581.2789684839793	0	0	0	0	0.0035641013644881186	0.0014623935637372693	0	0.32380560822652404	0.05406685346614503
178	4.7671321747275135	4.7671321747275135	4.7671321747275135	0	35.677054274202135	15.721669615931704	0	3241.6542080148893	581.2789684820904	0	0	0	0	0.003564101364489491	0.0014623935637376388	0	0.32380560822511606	0.05406685346601863
179	4.7671321747275135	4.7671321747275135	4.7671321747275135	0	35.67705427417667	15.721669615927205	0	3241.6542079897645	581.2789684798555	0	0	0	0	0.0035641013644911257	0.0014623935637380812	0	0.32380560822345666	0.05406685346586952
180	4.7671321747275135	4.7671321747275135	4.7671321747275135	0	35.677054274147224	15.721669615922002	0	3241.6542079607434	581.2789684772746	0	0	0	0	0.0035641013644930226	0.0014623935637385962	0	0.32380560822154575	0.0540668534656977
181	4.7671321747275135	4.7671321747275135	4.7671321747275135	0	35.67705427411381	15.721669615916095	0	3241.654207927827	581.2789684743477	0	0	0	0	0.0035641013644951815	0.001462393563739184	0	0.32380560821938337	0.05406685346550316
182	4.7671321747275135	4.7671321747275135	4.7671321747275135	0	35.67705427407641	15.721669615909486	0	3241.6542078910143	581.2789684710748	0	0	0	0	0.0035641013644976023	0.0014623935637398447	0	0.3238056082169696	0.054066853465285905
183	4.7671321747275135	4.7671321747275135	4.7671321747275135	0	35.67705427403504	15.72166961590217	0	3241.654207850306	581.2789684674558	0	0	0	0	0.003564101364500285	0.001462393563740578	0	0.3238056082143043	0.05406685346504594
184	4.7671321747275135	4.7671321747275135	4.7671321747275135	0	35.67705427398969	15.721669615894154	0	3241.6542078057023	581.2789684634907	0	0	0	0	0.0035641013645032298	0.0014623935637413843	0	0.3238056082113876	0.05406685346478325
185	4.7671321747275135	4.7671321747275135	4.7671321747275135	0	35.67705427394037	15.721669615885434	0	3241.654207757203	581.2789684591797	0	0	0	0	0.003564101364506437	0.0014623935637422634	0	0.3238056082082194	0.05406685346449785
186	4.7671321747275135	4.7671321747275135	4.7671321747275135	0	35.67705427388707	15.721669615876008	0	3241.6542077048075	581.2789684545227	0	0	0	0	0.003564101364509906	0.001462393563743215	0	0.32380560820479976	0.05406685346418973
187	4.7671321747275135	4.7671321747275135	4.7671321747275135	0	35.677054273829796	15.72166961586588	0	3241.6542076485166	581.2789684495195	0	0	0	0	0.003564101364513637	0.0014623935637442396	0	0.32380560820112864	0.05406685346385891
188	4.7671321747275135	4.7671321747275135	4.7671321747275135	0	35.67705427376854	15.721669615855047	0	3241.65420758833	581.2789684441705	0	0	0	0	0.0035641013645176297	0.001462393563745337	0	0.3238056081972061	0.05406685346350536
189	4.7671321747275135	4.7671321747275135	4.7671321747275135	0	35.67705427370332	15.721669615843512	0	3241.6542075242473	581.2789684384753	0	0	0	0	0.0035641013645218845	0.0014623935637465071	0	0.3238056081930321	0.054066853463129096
190	4.7671321747275135	4.7671321747275135	4.7671321747275135	0	35.67705427363411	15.721669615831273	0	3241.654207456269	581.2789684324341	0	0	0	0	0.0035641013645264013	0.00146239356374775	0	0.3238056081886066	0.054066853462730116
191	4.7671321747275135	4.7671321747275135	4.7671321747275135	0	35.677054273560934	15.72166961581833	0	3241.6542073843952	581.278968426047	0	0	0	0	0.0035641013645311805	0.0014623935637490659	0	0.32380560818392967	0.054066853462308426
192	4.7671321747275135	4.7671321747275135	4.7671321747275135	0	35.677054273483776	15.721669615804684	0	3241.6542073086257	581.2789684193137	0	0	0	0	0.0035641013645362216	0.0014623935637504543	0	0.3238056081790013	0.05406685346186402
193	4.7671321747275135	4.7671321747275135	4.7671321747275135	0	35.677054273402646	15.721669615790333	0	3241.6542072289603	581.2789684122345	0	0	0	0	0.0035641013645415246	0.0014623935637519156	0	0.3238056081738215	0.0540668534613969
194	4.7671321747275135	4.7671321747275135	4.7671321747275135	0	35.67705427331754	15.72166961577528	0	3241.654207145399	581.2789684048091	0	0	0	0	0.0035641013645470896	0.0014623935637534495	0	0.32380560816839016	0.05406685346090706
195	4.7671321747275135	4.7671321747275135	4.7671321747275135	0	35.67705427322846	15.721669615759522	0	3241.654207057942	581.2789683970378	0	0	0	0	0.003564101364552917	0.0014623935637550563	0	0.32380560816270737	0.054066853460394505
196	4.7671321747275135	4.7671321747275135	4.7671321747275135	0	35.6770542731354	15.72166961574306	0	3241.6542069665898	581.2789683889205	0	0	0	0	0.0035641013645590063	0.001462393563756736	0	0.3238056081567732	0.05406685345985924
197	4.7671321747275135	4.7671321747275135	4.7671321747275135	0	35.677054273038365	15.721669615725895	0	3241.654206871341	581.2789683804572	0	0	0	0	0.003564101364565357	0.0014623935637584884	0	0.3238056081505875	0.054066853459301255
198	4.7671321747275135	4.7671321747275135	4.7671321747275135	0	35.677054272937355	15.721669615708027	0	3241.654206772197	581.2789683716478	0	0	0	0	0.0035641013645719703	0.0014623935637603136	0	0.3238056081441504	0.05406685345872055
199	4.7671321747275135	4.7671321747275135	4.7671321747275135	0	35.677054272832365	15.721669615689455	0	3241.6542066691572	581.2789683624924	0	0	0	0	0.003564101364578846	0.0014623935637622116	0	0.3238056081374618	0.05406685345811714
200	4.7671321747275135	4.7671321747275135	4.7671321747275135	0	35.677054272786314	15.721669615681275	0	3241.654206625536	581.2789683586261	0	0	0	0	0.003564101364582257	0.0014623935637631713	0	0.32380560813477904	0.054066853457868866
201	4.7671321747275135	4.7671321747275135	4.7671321747275135	0	35.677054272775166	15.721669615679252	0	3241.654206616965	581.278968357879	0	0	0	0	0.0035641013645835795	0.001462393563763564	0	0.3238056081344462	0.05406685345782949
202	4.7671321747275135	4.7671321747275135	4.7671321747275135	0	35.67705427276451	15.721669615677316	0	3241.6542066087636	581.2789683571641	0	0	0	0	0.0035641013645848424	0.0014623935637639392	0	0.32380560813412734	0.054066853457791865
203	4.7671321747275135	4.7671321747275135	4.7671321747275135	0	35.677054272754326	15.721669615675468	0	3241.6542066009324	581.2789683564814	0	0	0	0	0.0035641013645860455	0.0014623935637642967	0	0.32380560813382253	0.05406685345775599
204	4.7671321747275135	4.7671321747275135	4.7671321747275135	0	35.677054272744634	15.721669615673708	0	3241.6542065934705	581.278968355831	0	0	0	0	0.0035641013645871886	0.0014623935637646367	0	0.3238056081335317	0.05406685345772186
205	4.7671321747275135	4.7671321747275135	4.7671321747275135	0	35.67705427273542	15.721669615672036	0	3241.654206586378	581.2789683552128	0	0	0	0	0.0035641013645882724	0.0014623935637649594	0	0.32380560813325493	0.05406685345768948
206	4.7671321747275135	4.7671321747275135	4.7671321747275135	0	35.67705427272669	15.721669615670452	0	3241.6542065796557	581.2789683546268	0	0	0	0	0.003564101364589296	0.0014623935637652645	0	0.32380560813299214	0.054066853457658846
207	4.7671321747275135	4.7671321747275135	4.7671321747275135	0	35.67705427271844	15.721669615668954	0	3241.6542065733024	581.2789683540731	0	0	0	0	0.00356410136459026	0.001462393563765552	0	0.3238056081327434	0.05406685345762997
208	4.7671321747275135	4.7671321747275135	4.7671321747275135	0	35.677054272710684	15.721669615667546	0	3241.6542065673193	581.2789683535516	0	0	0	0	0.003564101364591164	0.0014623935637658222	0	0.32380560813250864	0.054066853457602836
209	4.7671321747275135	4.7671321747275135	4.7671321747275135	0	35.67705427270341	15.721669615666224	0	3241.6542065617055	581.2789683530623	0	0	0	0	0.0035641013645920086	0.0014623935637660748	0	0.3238056081322879	0.054066853457577446
210	4.7671321747275135	4.7671321747275135	4.7671321747275135	0	35.67705427269661	15.721669615664991	0	3241.6542065564613	581.2789683526053	0	0	0	0	0.003564101364592793	0.0014623935637663099	0	0.3238056081320812	0.05406685345755381
211	4.7671321747275135	4.7671321747275135	4.7671321747275135	0	35.6770542726903	15.721669615663846	0	3241.6542065515873	581.2789683521805	0	0	0	0	0.0035641013645935178	0.0014623935637665276	0	0.3238056081318885	0.05406685345753192
212	4.7671321747275135	4.7671321747275135	4.7671321747275135	0	35.67705427268447	15.721669615662787	0	3241.6542065470826	581.2789683517879	0	0	0	0	0.0035641013645941826	0.0014623935637667275	0	0.32380560813170983	0.054066853457511777
213	4.7671321747275135	4.7671321747275135	4.7671321747275135	0	35.67705427267912	15.721669615661817	0	3241.654206542947	581.2789683514276	0	0	0	0	0.0035641013645947876	0.00146239356376691	0	0.3238056081315452	0.05406685345749339
214	4.7671321747275135	4.7671321747275135	4.7671321747275135	0	35.67705427267426	15.721669615660934	0	3241.654206539182	581.2789683510995	0	0	0	0	0.003564101364595333	0.0014623935637670753	0	0.32380560813139453	0.05406685345747674
215	4.7671321747275135	4.7671321747275135	4.7671321747275135	0	35.677054272669885	15.721669615660138	0	3241.654206535786	581.2789683508036	0	0	0	0	0.0035641013645958185	0.001462393563767223	0	0.3238056081312579	0.05406685345746185
216	4.7671321747275135	4.7671321747275135	4.7671321747275135	0	35.677054272665984	15.721669615659431	0	3241.65420653276	581.2789683505399	0	0	0	0	0.0035641013645962443	0.0014623935637673529	0	0.3238056081311353	0.0540668534574487
217	4.7671321747275135	4.7671321747275135	4.7671321747275135	0	35.67705427266257	15.721669615658813	0	3241.6542065301032	581.2789683503086	0	0	0	0	0.00356410136459661	0.0014623935637674656	0	0.32380560813102666	0.0540668534574373
218	4.7671321747275135	4.7671321747275135	4.7671321747275135	0	35.677054272659646	15.72166961565828	0	3241.6542065278163	581.2789683501094	0	0	0	0	0.003564101364596916	0.0014623935637675606	0	0.32380560813093207	0.054066853457427656
219	4.7671321747275135	4.7671321747275135	4.7671321747275135	0	35.6770542726572	15.721669615657836	0	3241.654206525899	581.2789683499424	0	0	0	0	0.0035641013645971624	0.0014623935637676382	0	0.3238056081308515	0.05406685345741975
220	4.7671321747275135	4.7671321747275135	4.7671321747275135	0	35.67705427265524	15.721669615657481	0	3241.6542065243516	581.2789683498077	0	0	0	0	0.003564101364597349	0.0014623935637676983	0	0.32380560813078496	0.0540668534574136
221	4.7671321747275135	4.7671321747275135	4.7671321747275135	0	35.677054272653756	15.721669615657213	0	3241.654206523174	581.2789683497052	0	0	0	0	0.003564101364597476	0.001462393563767741	0	0.32380560813073245	0.0540668534574092
222	4.7671321747275135	4.7671321747275135	4.7671321747275135	0	35.67705427265276	15.721669615657031	0	3241.6542065223653	581.278968349635	0	0	0	0	0.0035641013645975428	0.001462393563767766	0	0.3238056081306939	0.05406685345740654
223	4.7671321747275135	4.7671321747275135	4.7671321747275135	0	35.67705427265225	15.721669615656939	0	3241.654206521927	581.278968349597	0	0	0	0	0.0035641013645975497	0.0014623935637677736	0	0.3238056081306694	0.05406685345740563
224	4.7671321747275135	4.7671321747275135	4.7671321747275135	0	35.67705427265222	15.721669615656934	0	3241.6542065218578	581.2789683495912	0	0	0	0	0.0035641013645974972	0.0014623935637677638	0	0.3238056081306589	0.05406685345740647
225	4.7671321747275135	4.7671321747275135	4.7671321747275135	0	35.677054272652676	15.721669615657015	0	3241.6542065221583	581.2789683496176	0	0	0	0	0.0035641013645973845	0.0014623935637677363	0	0.32380560813066245	0.05406685345740906
226	4.7671321747275135	4.7671321747275135	4.7671321747275135	0	35.67705427265361	15.721669615657186	0	3241.6542065228286	581.2789683496762	0	0	0	0	0.0035641013645972123	0.0014623935637676914	0	0.32380560813068	0.054066853457413404
227	4.7671321747275135	4.7671321747275135	4.7671321747275135	0	35.677054272655035	15.721669615657444	0	3241.6542065238687	581.2789683497672	0	0	0	0	0.0035641013645969803	0.001462393563767629	0	0.3238056081307115	0.05406685345741949
228	4.7671321747275135	4.7671321747275135	4.7671321747275135	0	35.67705427265694	15.72166961565779	0	3241.6542065252784	581.2789683498903	0	0	0	0	0.0035641013645966884	0.0014623935637675491	0	0.3238056081307571	0.05406685345742732
229	4.7671321747275135	4.7671321747275135	4.7671321747275135	0	35.677054272659326	15.721669615658223	0	3241.6542065270573	581.2789683500457	0	0	0	0	0.0035641013645963367	0.0014623935637674518	0	0.3238056081308167	0.054066853457436906
230	4.7671321747275135	4.7671321747275135	4.7671321747275135	0	35.6770542726622	15.721669615658744	0	3241.654206529206	581.2789683502333	0	0	0	0	0.003564101364595925	0.0014623935637673368	0	0.3238056081308903	0.05406685345744824
231	4.7671321747275135	4.7671321747275135	4.7671321747275135	0	35.67705427266555	15.721669615659353	0	3241.654206531725	581.2789683504532	0	0	0	0	0.003564101364595454	0.0014623935637672043	0	0.3238056081309779	0.05406685345746132
232	4.7671321747275135	4.7671321747275135	4.7671321747275135	0	35.67705427266939	15.72166961566005	0	3241.654206534613	581.2789683507052	0	0	0	0	0.003564101364594923	0.0014623935637670545	0	0.32380560813107956	0.054066853457476145
233	4.7671321747275135	4.7671321747275135	4.7671321747275135	0	35.67705427267371	15.721669615660835	0	3241.654206537871	581.2789683509895	0	0	0	0	0.003564101364594332	0.0014623935637668869	0	0.32380560813119524	0.05406685345749272
234	4.7671321747275135	4.7671321747275135	4.7671321747275135	0	35.67705427267851	15.721669615661707	0	3241.6542065414983	581.278968351306	0	0	0	0	0.0035641013645936813	0.0014623935637667021	0	0.3238056081313249	0.05406685345751105
235	4.7671321747275135	4.7671321747275135	4.7671321747275135	0	35.6770542726838	15.721669615662666	0	3241.654206545495	581.2789683516548	0	0	0	0	0.003564101364592971	0.0014623935637664996	0	0.3238056081314686	0.05406685345753112
236	4.7671321747275135	4.7671321747275135	4.7671321747275135	0	35.67705427268957	15.721669615663714	0	3241.654206549862	581.2789683520358	0	0	0	0	0.0035641013645922007	0.0014623935637662797	0	0.3238056081316263	0.054066853457552945
237	4.7671321747275135	4.7671321747275135	4.7671321747275135	0	35.67705427269582	15.72166961566485	0	3241.654206554598	581.278968352449	0	0	0	0	0.0035641013645913706	0.0014623935637660423	0	0.32380560813179804	0.054066853457576516
238	4.7671321747275135	4.7671321747275135	4.7671321747275135	0	35.677054272702556	15.721669615666073	0	3241.654206559704	581.2789683528946	0	0	0	0	0.0035641013645904807	0.0014623935637657873	0	0.3238056081319837	0.054066853457601836
239	4.7671321747275135	4.7671321747275135	4.7671321747275135	0	35.677054272709775	15.721669615667384	0	3241.6542065651797	581.2789683533722	0	0	0	0	0.003564101364589531	0.001462393563765515	0	0.3238056081321835	0.054066853457628905
240	4.7671321747275135	4.7671321747275135	4.7671321747275135	0	35.67705427271748	15.721669615668782	0	3241.654206571025	581.2789683538822	0	0	0	0	0.0035641013645885213	0.001462393563765225	0	0.3238056081323973	0.054066853457657715
