0	4.7671321747275135	4.7671321747275135	4.7671321747275135	0	0	0	0	0	0	0	0	0	0	0	0	0	0	0
1	4.7671321747275135	4.7671321747275135	4.7671321747275135	0	0	0	0	0	0	0	0	0	0	0	0	0	0	0
2	4.7671321747275135	4.7671321747275135	4.7671321747275135	0	0	0	0	0	0	0	0	0	0	0	0	0	0	0
3	4.7671321747275135	4.7671321747275135	4.7671321747275135	0	0	0	0	0	0	0	0	0	0	0	0	0	0	0
4	4.7671321747275135	4.7671321747275135	4.7671321747275135	0	0	0	0	0	0	0	0	0	0	0	0	0	0	0
5	4.7671321747275135	4.7671321747275135	4.7671321747275135	0	0	0	0	0	0	0	0	0	0	0	0	0	0	0
6	4.7671321747275135	4.7671321747275135	4.7671321747275135	0	0	0	0	0	0	0	0	0	0	0	0	0	0	0
7	4.7671321747275135	4.7671321747275135	4.7671321747275135	0	0	0	0	0	0	0	0	0	0	0	0	0	0	0
8	4.7671321747275135	4.7671321747275135	4.7671321747275135	0	0	0	0	0	0	0	0	0	0	0	0	0	0	0
9	4.7671321747275135	4.7671321747275135	4.7671321747275135	0	0	0	0	0	0	0	0	0	0	0	0	0	0	0
10	4.7671321747275135	4.7671321747275135	4.7671321747275135	0	0	0	0	0	0	0	0	0	0	0	0	0	0	0
11	4.7671321747275135	4.7671321747275135	4.7671321747275135	0	0	0	0	0	0	0	0	0	0	0	0	0	0	0
12	4.7671321747275135	4.7671321747275135	4.7671321747275135	45.59033897364838	50.646211309521206	21.118874113635716	4076.110506891082	3731.412618046666	643.0618191718833	0	0	0	0	-0.00247302902020481	-21132935511119228e-21	0	-0.5096292109713021	-0.012663965210753636
13	4.7671321747275135	4.7671321747275135	4.7671321747275135	45.5916101181443	50.990285825332364	21.16577805789531	4717.332830615747	4519.060371897365	765.4153941028867	0	0	0	0	-0.001981062157988808	-49462126705555035e-22	0	-0.22645403474104758	-0.0017725538845434472
14	4.7671321747275135	4.7671321747275135	4.7671321747275135	45.59161014885351	51.02318132474893	21.170174312461263	4794.990297083274	4621.239994317489	780.6023309592221	0	0	0	0	-0.001935480287762852	-3622302406244316e-21	0	-0.1826286575724508	-0.00033994734194762565
15	4.7671321747275135	4.7671321747275135	4.7671321747275135	45.59161014885388	51.027122701531376	21.170708270880745	4804.369290903983	4634.34155848193	782.4781701455813	0	0	0	0	-0.0019300955182584185	-3445097758931393e-21	0	-0.17628893913232227	-0.00015379885056933032
16	4.7671321747275135	4.7671321747275135	4.7671321747275135	45.59161014885389	51.02760210593476	21.170774223842685	4805.4891888477605	4635.999334016926	782.7073417286741	0	0	0	0	-0.0019294488446107052	-34208292237620156e-22	0	-0.17540515618337782	-0.00012975782930806426
17	4.7671321747275135	4.7671321747275135	4.7671321747275135	45.59161014885388	51.02765865799913	21.170782123623766	4805.619251776914	4636.203587591625	782.734618210514	0	0	0	0	-0.0019293735304886362	-34176112702088306e-22	0	-0.17528679422266816	-0.00012671073154212273
18	4.7671321747275135	4.7671321747275135	4.7671321747275135	45.59161014885388	51.027664668523144	21.17078297923823	4805.632418905052	4636.225721120504	782.7374629172349	0	0	0	0	-0.0019293656459898724	-34172344612598384e-22	0	-0.17527288419347137	-0.00012636705370550115
19	4.7671321747275135	4.7671321747275135	4.7671321747275135	45.59161014885389	51.02766534250422	21.17078307761634	4805.633839216899	4636.228349975217	782.7377837495895	0	0	0	0	-0.0019293647811332649	-34171856275756865e-22	0	-0.17527106732118655	-0.00012632366389467943
20	4.7671321747275135	4.7671321747275135	4.7671321747275135	45.59161014885388	51.02766521723576	21.170783059779943	4805.633527005237	4636.22781186288	782.7377155863542	0	0	0	0	-0.0019293649446241975	-34171948509947723e-22	0	-0.1752714157072129	-0.00012633199362951263
21	4.7671321747275135	4.7671321747275135	4.7671321747275135	45.59161014885388	51.02766512837188	21.170783046961574	4805.63333655237	4636.227480172876	782.7376738032087	0	0	0	0	-0.001929365059757665	-341720072357664e-20	0	-0.17527163265718965	-0.00012633717204584333
22	4.7671321747275135	4.7671321747275135	4.7671321747275135	45.59161014885388	51.027665084223514	21.170783040582712	4805.63324330651	4636.227316736558	782.7376532847647	0	0	0	0	-0.0019293651168914667	-34172036380159534e-22	0	-0.17527174021988742	-0.0001263397353022759
23	4.7671321747275135	4.7671321747275135	4.7671321747275135	45.59161014885388	51.027665084790655	21.17078304064336	4805.633247267657	4636.227321553927	782.7376540310221	0	0	0	0	-0.0019293651160256027	-3417203594312713e-21	0	-0.17527173839530627	-0.00012633968339881033
24	4.7671321747275135	4.7671321747275135	4.7671321747275135	45.59161014885389	51.02766513007331	21.170783047143523	4805.633348435812	4636.227494624981	782.737676041981	0	0	0	0	-0.0019293650571600728	-34172005924669177e-22	0	-0.17527162718344613	-0.00012633701633544663
25	4.7671321747275135	4.7671321747275135	4.7671321747275135	45.59161014885389	51.02766514071551	21.170783048686236	4805.63336959657	4636.227531800333	782.7376807034215	0	0	0	0	-0.001929365043416091	-34171999221967776e-22	0	-0.17527160266273897	-0.00012633643335823334
26	4.7671321747275135	4.7671321747275135	4.7671321747275135	45.59161014885389	51.027665150212414	21.17078305006338	4805.633388401939	4636.227564867708	782.737684847772	0	0	0	0	-0.0019293650311537859	-3417199325186147e-21	0	-0.17527158083271793	-0.00012633591450946047
27	4.7671321747275135	4.7671321747275135	4.7671321747275135	45.59161014885389	51.027665158839355	21.17078305131445	4805.633405473715	4636.227594890688	782.7376886103077	0	0	0	0	-0.0019293650200150779	-3417198783019043e-21	0	-0.1752715610100406	-0.00012633544339558402
28	4.7671321747275135	4.7671321747275135	4.7671321747275135	45.59161014885388	51.027665166596336	21.170783052439447	4805.633420811901	4636.227621869274	782.7376919910286	0	0	0	0	-0.001929365009999967	-34171982956954652e-22	0	-0.17527154319470697	-0.00012633502001660398
29	4.7671321747275135	4.7671321747275135	4.7671321747275135	45.59161014885388	51.02766517348336	21.170783053438374	4805.633434416494	4636.227645803466	782.7376949899345	0	0	0	0	-0.0019293650011084531	-34171978632154137e-22	0	-0.17527152738671703	-0.00012633464437252035
30	4.7671321747275135	4.7671321747275135	4.7671321747275135	45.59161014885388	51.02766517950043	21.170783054311226	4805.6334462874975	4636.227666693263	782.7376976070258	0	0	0	0	-0.0019293649933405364	-34171974855788883e-22	0	-0.17527151358607077	-0.00012633431646333316
31	4.7671321747275135	4.7671321747275135	4.7671321747275135	45.59161014885388	51.02766518464754	21.170783055058006	4805.633456424908	4636.227684538666	782.737699842302	0	0	0	0	-0.0019293649866962167	-34171971627858896e-22	0	-0.1752715017927682	-0.00012633403628904236
32	4.7671321747275135	4.7671321747275135	4.7671321747275135	45.59161014885388	51.027665188924686	21.170783055678715	4805.633464828728	4636.227699339675	782.7377016957635	0	0	0	0	-0.001929364981175494	-34171968948364175e-22	0	-0.17527149200680933	-0.000126333803849648
33	4.7671321747275135	4.7671321747275135	4.7671321747275135	45.59161014885388	51.02766519233188	21.170783056173352	4805.633471498957	4636.2277110962905	782.7377031674101	0	0	0	0	-0.0019293649767783685	-34171966817304713e-22	0	-0.17527148422819416	-0.00012633361914515004
34	4.7671321747275135	4.7671321747275135	4.7671321747275135	45.59161014885388	51.027665194869115	21.170783056541918	4805.633476435595	4636.227719808511	782.737704257242	0	0	0	0	-0.00192936497350484	-34171965234680516e-22	0	-0.17527147845692267	-0.0001263334821755485
35	4.7671321747275135	4.7671321747275135	4.7671321747275135	45.59161014885388	51.02766519653639	21.17078305678441	4805.633479638642	4636.227725476338	782.7377049652589	0	0	0	0	-0.0019293649713549084	-34171964200491586e-22	0	-0.17527147469299487	-0.0001263333929408434
36	4.7671321747275135	4.7671321747275135	4.7671321747275135	45.59161014885388	51.027665197333704	21.170783056900827	4805.633481108096	4636.22772809977	782.7377052914609	0	0	0	0	-0.001929364970328574	-3417196371473792e-21	0	-0.17527147293641077	-0.00012633335144103468
37	4.7671321747275135	4.7671321747275135	4.7671321747275135	45.59161014885388	51.027665197261065	21.170783056891175	4805.63348084396	4636.227727678808	782.7377052358481	0	0	0	0	-0.0019293649704258367	-34171963777419513e-22	0	-0.17527147318717037	-0.0001263333576761224
38	4.7671321747275135	4.7671321747275135	4.7671321747275135	45.59161014885388	51.02766519631846	21.17078305675545	4805.633478846233	4636.227724213451	782.7377047984205	0	0	0	0	-0.0019293649716466965	-3417196438853637e-21	0	-0.17527147544527366	-0.00012633341164610654
39	4.7671321747275135	4.7671321747275135	4.7671321747275135	45.59161014885388	51.0276651945059	21.17078305649365	4805.633475114913	4636.227717703701	782.7377039791781	0	0	0	0	-0.0019293649739911534	-3417196554808849e-21	0	-0.17527147971072063	-0.00012633351335098708
40	4.7671321747275135	4.7671321747275135	4.7671321747275135	45.59161014885388	51.02766519182339	21.170783056105783	4805.6334696500035	4636.227708149557	782.7377027781208	0	0	0	0	-0.0019293649774592071	-34171967256075877e-22	0	-0.1752714859835113	-0.00012633366279076407
41	4.7671321747275135	4.7671321747275135	4.7671321747275135	45.59161014885388	51.02766518827091	21.17078305559184	4805.633462451502	4636.227695551018	782.7377011952486	0	0	0	0	-0.0019293649820508582	-3417196951249853e-21	0	-0.17527149426364566	-0.00012633385996543744
42	4.7671321747275135	4.7671321747275135	4.7671321747275135	45.59161014885388	51.02766518384848	21.170783054951826	4805.633453519409	4636.227679908085	782.7376992305617	0	0	0	0	-0.0019293649877661061	-3417197231735644e-21	0	-0.17527150455112372	-0.00012633410487500725
43	4.7671321747275135	4.7671321747275135	4.7671321747275135	45.59161014885388	51.027665178556084	21.17078305418574	4805.633442853725	4636.227661220758	782.7376968840598	0	0	0	0	-0.0019293649946049514	-34171975670649618e-22	0	-0.17527151684594547	-0.00012633439751947347
44	4.7671321747275135	4.7671321747275135	4.7671321747275135	45.59161014885388	51.02766517239373	21.17078305329358	4805.63343045445	4636.227639489036	782.7376941557432	0	0	0	0	-0.0019293650025673935	-34171979572378055e-22	0	-0.17527153114811092	-0.0001263347378988361
45	4.7671321747275135	4.7671321747275135	4.7671321747275135	45.59161014885388	51.027665169848255	21.17078305292307	4805.633425658193	4636.2276310190155	782.7376930965561	0	0	0	0	-0.0019293650058528652	-3417198112078459e-21	0	-0.1752715367626086	-0.00012633487099448566
46	4.7671321747275135	4.7671321747275135	4.7671321747275135	45.59161014885388	51.027665168879366	21.170783052780283	4805.6334241215645	4636.227628245271	782.7376927536078	0	0	0	0	-0.001929365007100036	-3417198165386436e-21	0	-0.17527153863877207	-0.00012633491498178112
47	4.7671321747275135	4.7671321747275135	4.7671321747275135	45.59161014885388	51.02766516798336	21.170783052648236	4805.63342270048	4636.227625679859	782.7376924364328	0	0	0	0	-0.0019293650082530531	-34171982146949217e-22	0	-0.17527154037413148	-0.00012633495566714026
48	4.7671321747275135	4.7671321747275135	4.7671321747275135	45.59161014885389	51.02766516716022	21.170783052526925	4805.6334213949385	4636.227623322779	782.7376921450309	0	0	0	0	-0.0019293650093119162	-34171982600039155e-22	0	-0.17527154196868683	-0.00012633499305056309
49	4.7671321747275135	4.7671321747275135	4.7671321747275135	45.59161014885389	51.02766516640997	21.170783052416354	4805.633420204941	4636.227621174032	782.7376918794023	0	0	0	0	-0.0019293650102766256	-3417198301313417e-21	0	-0.1752715434224381	-0.00012633502713204955
50	4.7671321747275135	4.7671321747275135	4.7671321747275135	45.59161014885389	51.027665165732586	21.17078305231652	4805.633419130488	4636.227619233616	782.7376916395467	0	0	0	0	-0.0019293650111471812	-34171983386234275e-22	0	-0.17527154473538528	-0.00012633505791159974
51	4.7671321747275135	4.7671321747275135	4.7671321747275135	45.59161014885389	51.02766516512808	21.17078305222742	4805.633418171577	4636.227617501532	782.7376914254644	0	0	0	0	-0.0019293650119235832	-34171983719339455e-22	0	-0.17527154590752844	-0.0001263350853892136
52	4.7671321747275135	4.7671321747275135	4.7671321747275135	45.59161014885389	51.02766516459645	21.170783052149062	4805.63341732821	4636.227615977781	782.7376912371553	0	0	0	0	-0.0019293650126058313	-3417198401244972e-21	0	-0.1752715469388675	-0.0001263351095648911
53	4.7671321747275135	4.7671321747275135	4.7671321747275135	45.59161014885389	51.0276651641377	21.17078305208144	4805.633416600388	4636.227614662363	782.7376910746193	0	0	0	0	-0.0019293650131939255	-34171984265565067e-22	0	-0.1752715478294025	-0.0001263351304386323
54	4.7671321747275135	4.7671321747275135	4.7671321747275135	45.59161014885389	51.02766516375183	21.170783052024554	4805.633415988108	4636.227613555276	782.7376909378565	0	0	0	0	-0.0019293650136878659	-34171984478685498e-22	0	-0.17527154857913343	-0.00012633514801043717
55	4.7671321747275135	4.7671321747275135	4.7671321747275135	45.59161014885389	51.02766516343883	21.170783051978407	4805.633415491372	4636.227612656521	782.7376908268669	0	0	0	0	-0.0019293650140876524	-34171984651811006e-22	0	-0.17527154918806032	-0.00012633516228030572
56	4.7671321747275135	4.7671321747275135	4.7671321747275135	45.59161014885389	51.02766516319871	21.170783051942998	4805.63341511018	4636.227611966098	782.7376907416506	0	0	0	0	-0.0019293650143932853	-34171984784941597e-22	0	-0.1752715496561831	-0.00012633517324823796
57	4.7671321747275135	4.7671321747275135	4.7671321747275135	45.59161014885389	51.027665163031465	21.170783051918328	4805.633414844531	4636.227611484008	782.7376906822072	0	0	0	0	-0.0019293650146047644	-3417198487807727e-21	0	-0.17527154998350183	-0.00012633518091423386
58	4.7671321747275135	4.7671321747275135	4.7671321747275135	45.59161014885389	51.0276651629371	21.170783051904394	4805.6334146944255	4636.22761121025	782.7376906485372	0	0	0	0	-0.0019293650147220896	-3417198493121803e-21	0	-0.1752715501700165	-0.00012633518527829343
59	4.7671321747275135	4.7671321747275135	4.7671321747275135	45.59161014885389	51.0276651629156	21.1707830519012	4805.633414659864	4636.227611144824	782.7376906406404	0	0	0	0	-0.0019293650147452612	-34171984944363866e-22	0	-0.1752715502157271	-0.0001263351863404167
60	4.7671321747275135	4.7671321747275135	4.7671321747275135	45.59161014885389	51.02766516296699	21.170783051908742	4805.633414740846	4636.22761128773	782.7376906585166	0	0	0	0	-0.0019293650146742789	-34171984917514785e-22	0	-0.17527155012063364	-0.00012633518410060362
61	4.7671321747275135	4.7671321747275135	4.7671321747275135	45.59161014885389	51.02766516309126	21.17078305192702	4805.6334149373715	4636.2276116389685	782.7376907021661	0	0	0	0	-0.0019293650145091427	-34171984850670786e-22	0	-0.1752715498847361	-0.00012633517855885421
62	4.7671321747275135	4.7671321747275135	4.7671321747275135	45.59161014885388	51.0276651632884	21.17078305195604	4805.633415249441	4636.227612198539	782.7376907715889	0	0	0	0	-0.0019293650142498528	-3417198474383187e-21	0	-0.17527154950803447	-0.0001263351697151685
63	4.7671321747275135	4.7671321747275135	4.7671321747275135	45.59161014885388	51.02766516355841	21.170783051995794	4805.633415677054	4636.2276129664415	782.7376908667846	0	0	0	0	-0.001929365013896409	-3417198459699803e-21	0	-0.17527154899052882	-0.00012633515756954648
64	4.7671321747275135	4.7671321747275135	4.7671321747275135	45.59161014885388	51.027665163901304	21.170783052046286	4805.63341622021	4636.227613942677	782.7376909877537	0	0	0	0	-0.0019293650134488115	-34171984410169278e-22	0	-0.17527154833221908	-0.0001263351421219881
65	4.7671321747275135	4.7671321747275135	4.7671321747275135	45.59161014885388	51.02766516431707	21.170783052107517	4805.63341687891	4636.227615127244	782.7376911344959	0	0	0	0	-0.0019293650129070601	-34171984183345607e-22	0	-0.17527154753310525	-0.00012633512337249342
66	4.7671321747275135	4.7671321747275135	4.7671321747275135	45.59161014885388	51.02766516480572	21.170783052179484	4805.633417653153	4636.227616520143	782.7376913070112	0	0	0	0	-0.0019293650122711552	-3417198391652702e-21	0	-0.1752715465931874	-0.00012633510132106242
67	4.7671321747275135	4.7671321747275135	4.7671321747275135	45.59161014885388	51.02766516536724	21.17078305226219	4805.6334185429405	4636.227618121375	782.7376915052998	0	0	0	0	-0.0019293650115410961	-34171983609713508e-22	0	-0.17527154551246546	-0.00012633507596769507
68	4.7671321747275135	4.7671321747275135	4.7671321747275135	45.591610148853874	51.02766516600164	21.170783052355635	4805.6334195482705	4636.227619930938	782.7376917293616	0	0	0	0	-0.0019293650107168835	-34171983262905083e-22	0	-0.17527154429093944	-0.0001263350473123914
69	4.7671321747275135	4.7671321747275135	4.7671321747275135	45.591610148853896	51.02766516650367	21.170783052430288	4805.633420235493	4636.2276211837325	782.7376918834879	0	0	0	0	-0.0019293650101608305	-34171983010274097e-22	0	-0.17527154344020304	-0.00012633502741725124
70	4.7671321747275135	4.7671321747275135	4.7671321747275135	45.5916101488539	51.02766516669469	21.170783052458745	4805.633420504035	4636.227621681673	782.7376919442231	0	0	0	0	-0.0019293650099550725	-34171982908506485e-22	0	-0.17527154309843962	-0.0001263350194523042
71	4.7671321747275135	4.7671321747275135	4.7671321747275135	45.59161014885388	51.027665166601714	21.17078305244463	4805.633420453474	4636.227621597273	782.737691933351	0	0	0	0	-0.001929365010016122	-34171982930721826e-22	0	-0.17527154315117582	-0.0001263350207050359
72	4.7671321747275135	4.7671321747275135	4.7671321747275135	45.59161014885388	51.027665166601714	21.17078305244463	4805.633420453474	4636.227621597273	782.737691933351	0	0	0	0	-0.001929365010016122	-34171982930721826e-22	0	-0.17527154315117582	-0.0001263350207050359
73	4.7671321747275135	4.7671321747275135	4.7671321747275135	0.0012447813684290272	50.05650809139817	20.806442633906457	729.4256619585676	4599.097949695954	777.0611603425436	0	0	0	0	-0.009158893477883654	-8350268174784103e-21	0	-0.4587521388887059	-0.00019098046532335007
74	4.7671321747275135	4.7671321747275135	4.7671321747275135	0	44.99094658931053	18.93516769316558	88.28746315276527	4321.23731973994	735.0646091080919	0	0	0	0	-0.029654302346956013	-5608234953962376e-20	0	-1.91320704523704	-0.0011211570828661911
75	4.7671321747275135	4.7671321747275135	4.7671321747275135	0	38.24709983526559	16.54586101078939	10.677002992071525	3732.6261584470003	648.6423470278262	0	0	0	0	-0.015340242276184126	-0.0001257733355207182	0	-2.031631489980018	-0.0037613744714437305
76	4.7671321747275135	4.7671321747275135	4.7671321747275135	0	36.09501528191949	15.843354669590031	1.2856118841303705	3371.9450141043462	598.2239526988303	0	0	0	0	-0.002502831046772084	-6195547960308684e-20	0	-0.6802573881428488	-0.003302210440639435
77	4.7671321747275135	4.7671321747275135	4.7671321747275135	0	35.73717071842831	15.737787929237433	0.154838291681807	3268.0363985167955	584.5326250462092	0	0	0	0	-0.0003200162894000256	-14585779778740737e-21	0	-0.14234017767022206	-0.001261555236947447
78	4.7671321747275135	4.7671321747275135	4.7671321747275135	0	35.68539840151284	15.723764813138486	0.018483178999960853	3246.3204893436214	581.8273517479064	0	0	0	0	-3959693277675397e-20	-2605590124209713e-21	0	-0.024609000642847274	-0.00032318685343327635
79	4.7671321747275135	4.7671321747275135	4.7671321747275135	0	35.678178804057815	15.721937406542871	0.0021595184734565166	3242.4107631809543	581.3640693668641	0	0	0	0	-4832360419254374e-21	0	0	-0.0038300216556647164	-6692253152345395e-20
80	4.7671321747275135	4.7671321747275135	4.7671321747275135	0	35.677196566382676	15.721701983493542	0.0002354311454232445	3241.766074828347	581.2910349075332	0	0	0	0	0	0	0	-0.0005387973988959643	-11891672496228523e-21
81	4.7671321747275135	4.7671321747275135	4.7671321747275135	0	35.67707076661977	15.721673204035811	2280488624834098e-20	3241.6690293023057	581.2805006264759	0	0	0	0	0	0	0	-673734673554002e-19	-18347999214443986e-22
82	4.7671321747275135	4.7671321747275135	4.7671321747275135	0	35.677054787454686	15.72166970914848	0	3241.6550310261755	581.279042354423	0	0	0	0	0	0	0	-30212016577723576e-22	0
83	4.7671321747275135	4.7671321747275135	4.7671321747275135	0	35.67705427040784	15.721669614720916	0	3241.654123731665	581.2789603761336	0	0	0	0	0	0	0	0	0
84	4.7671321747275135	4.7671321747275135	4.7671321747275135	0	35.677054164544394	15.721669596156048	0	3241.654045143274	581.2789536612684	0	0	0	0	0	0	0	0	0
85	4.7671321747275135	4.7671321747275135	4.7671321747275135	0	35.67705422621272	15.721669607419363	0	3241.654137451343	581.2789620916553	0	0	0	0	0	0	0	0	0
86	4.7671321747275135	4.7671321747275135	4.7671321747275135	0	35.677054275176786	15.721669616348166	0	3241.6542106219626	581.27896877157	0	0	0	0	0	0	0	0	0
87	4.7671321747275135	4.7671321747275135	4.7671321747275135	0	35.67705431143659	15.721669622942457	0	3241.654264655132	581.2789737010127	0	0	0	0	0	0	0	0	0
88	4.7671321747275135	4.7671321747275135	4.7671321747275135	0	35.677054334992135	15.721669627202234	0	3241.654299550852	581.278976879983	0	0	0	0	0	0	0	0	0
89	4.7671321747275135	4.7671321747275135	4.7671321747275135	0	35.67705434584342	15.721669629127499	0	3241.6543153091216	581.2789783084813	0	0	0	0	0	0	0	0	0
90	4.7671321747275135	4.7671321747275135	4.7671321747275135	0	35.67705434399045	15.721669628718251	0	3241.6543119299417	581.2789779865075	0	0	0	0	0	0	0	0	0
91	4.7671321747275135	4.7671321747275135	4.7671321747275135	0	35.67705432943322	15.72166962597449	0	3241.6542894133117	581.2789759140614	0	0	0	0	0	0	0	0	0
92	4.7671321747275135	4.7671321747275135	4.7671321747275135	0	35.67705430217172	15.721669620896218	0	3241.654247759232	581.2789720911433	0	0	0	0	0	0	0	0	0
93	4.7671321747275135	4.7671321747275135	4.7671321747275135	0	35.67705429123658	15.721669618894538	0	3241.654231523052	581.2789706066528	0	0	0	0	0	0	0	0	0
94	4.7671321747275135	4.7671321747275135	4.7671321747275135	0	35.677054288055	15.721669618340561	0	3241.6542272089177	581.2789702167307	0	0	0	0	0	0	0	0	0
95	4.7671321747275135	4.7671321747275135	4.7671321747275135	0	35.67705428501334	15.72166961781094	0	3241.6542230855475	581.2789698440571	0	0	0	0	0	0	0	0	0
96	4.7671321747275135	4.7671321747275135	4.7671321747275135	0	35.677054282111605	15.721669617305677	0	3241.654219152942	581.278969488632	0	0	0	0	0	0	0	0	0
97	4.7671321747275135	4.7671321747275135	4.7671321747275135	0	35.677054279349804	15.721669616824768	0	3241.6542154111007	581.2789691504554	0	0	0	0	0	0	0	0	0
98	4.7671321747275135	4.7671321747275135	4.7671321747275135	0	35.67705427672793	15.721669616368215	0	3241.654211860024	581.2789688295272	0	0	0	0	0	0	0	0	0
99	4.7671321747275135	4.7671321747275135	4.7671321747275135	0	35.67705427424598	15.721669615936019	0	3241.654208499712	581.2789685258476	0	0	0	0	0	0	0	0	0
100	4.7671321747275135	4.7671321747275135	4.7671321747275135	0	35.67705427190396	15.72166961552818	0	3241.654205330164	581.2789682394165	0	0	0	0	0	0	0	0	0
101	4.7671321747275135	4.7671321747275135	4.7671321747275135	0	35.67705426970187	15.721669615144696	0	3241.6542023513807	581.2789679702339	0	0	0	0	0	0	0	0	0
102	4.7671321747275135	4.7671321747275135	4.7671321747275135	0	35.677054267639704	15.721669614785569	0	3241.654199563362	581.2789677182998	0	0	0	0	0	0	0	0	0
103	4.7671321747275135	4.7671321747275135	4.7671321747275135	0	35.677054265717466	15.721669614450796	0	3241.6541969661075	581.2789674836142	0	0	0	0	0	0	0	0	0
104	4.7671321747275135	4.7671321747275135	4.7671321747275135	0	35.677054263935155	15.72166961414038	0	3241.6541945596177	581.278967266177	0	0	0	0	0	0	0	0	0
105	4.7671321747275135	4.7671321747275135	4.7671321747275135	0	35.67705426229277	15.72166961385432	0	3241.654192343892	581.2789670659885	0	0	0	0	0	0	0	0	0
106	4.7671321747275135	4.7671321747275135	4.7671321747275135	0	35.677054260790314	15.721669613592617	0	3241.6541903189313	581.2789668830483	0	0	0	0	0	0	0	0	0
107	4.7671321747275135	4.7671321747275135	4.7671321747275135	0	35.677054259427784	15.721669613355271	0	3241.6541884847347	581.2789667173568	0	0	0	0	0	0	0	0	0
108	4.7671321747275135	4.7671321747275135	4.7671321747275135	0	35.67705425820518	15.72166961314228	0	3241.654186841303	581.2789665689136	0	0	0	0	0	0	0	0	0
109	4.7671321747275135	4.7671321747275135	4.7671321747275135	0	35.677054257122506	15.721669612953646	0	3241.654185388635	581.278966437719	0	0	0	0	0	0	0	0	0
110	4.7671321747275135	4.7671321747275135	4.7671321747275135	0	35.67705425617976	15.721669612789366	0	3241.654184126732	581.2789663237728	0	0	0	0	0	0	0	0	0
111	4.7671321747275135	4.7671321747275135	4.7671321747275135	0	35.67705425537694	15.721669612649443	0	3241.6541830555934	581.2789662270752	0	0	0	0	0	0	0	0	0
112	4.7671321747275135	4.7671321747275135	4.7671321747275135	0	35.67705425471405	15.721669612533876	0	3241.654182175219	581.2789661476261	0	0	0	0	0	0	0	0	0
113	4.7671321747275135	4.7671321747275135	4.7671321747275135	0	35.677054254191084	15.721669612442666	0	3241.6541814856096	581.2789660854255	0	0	0	0	0	0	0	0	0
114	4.7671321747275135	4.7671321747275135	4.7671321747275135	0	35.677054253808045	15.721669612375813	0	3241.654180986764	581.2789660404734	0	0	0	0	0	0	0	0	0
115	4.7671321747275135	4.7671321747275135	4.7671321747275135	0	35.67705425356493	15.721669612333313	0	3241.654180678683	581.2789660127697	0	0	0	0	0	0	0	0	0
116	4.7671321747275135	4.7671321747275135	4.7671321747275135	0	35.677054253461755	15.721669612315171	0	3241.654180561367	581.2789660023146	0	0	0	0	0	0	0	0	0
117	4.7671321747275135	4.7671321747275135	4.7671321747275135	0	35.6770542534985	15.721669612321385	0	3241.654180634815	581.278966009108	0	0	0	0	0	0	0	0	0
118	4.7671321747275135	4.7671321747275135	4.7671321747275135	0	35.677054253675166	15.721669612351956	0	3241.654180899028	581.2789660331499	0	0	0	0	0	0	0	0	0
119	4.7671321747275135	4.7671321747275135	4.7671321747275135	0	35.67705425399177	15.721669612406883	0	3241.654181354005	581.2789660744403	0	0	0	0	0	0	0	0	0
120	4.7671321747275135	4.7671321747275135	4.7671321747275135	0	35.677054254448294	15.721669612486165	0	3241.654181999746	581.2789661329791	0	0	0	0	0	0	0	0	0
121	4.7671321747275135	4.7671321747275135	4.7671321747275135	0	35.67705425504475	15.721669612589803	0	3241.654182836252	581.2789662087665	0	0	0	0	0	0	0	0	0
122	4.7671321747275135	4.7671321747275135	4.7671321747275135	0	35.67705425578113	15.721669612717799	0	3241.6541838635226	581.2789663018025	0	0	0	0	0	0	0	0	0
123	4.7671321747275135	4.7671321747275135	4.7671321747275135	0	35.67705425665744	15.72166961287015	0	3241.6541850815574	581.2789664120868	0	0	0	0	0	0	0	0	0
124	4.7671321747275135	4.7671321747275135	4.7671321747275135	0	35.677054257673674	15.721669613046856	0	3241.6541864903566	581.2789665396197	0	0	0	0	0	0	0	0	0
125	4.7671321747275135	4.7671321747275135	4.7671321747275135	0	35.67705425882984	15.721669613247919	0	3241.6541880899204	581.2789666844011	0	0	0	0	0	0	0	0	0
126	4.7671321747275135	4.7671321747275135	4.7671321747275135	0	35.67705426012593	15.721669613473338	0	3241.654189880249	581.278966846431	0	0	0	0	0	0	0	0	0
127	4.7671321747275135	4.7671321747275135	4.7671321747275135	0	35.67705426156195	15.721669613723114	0	3241.6541918613416	581.2789670257093	0	0	0	0	0	0	0	0	0
128	4.7671321747275135	4.7671321747275135	4.7671321747275135	0	35.6770542631379	15.721669613997244	0	3241.6541940331986	581.2789672222362	0	0	0	0	0	0	0	0	0
129	4.7671321747275135	4.7671321747275135	4.7671321747275135	0	35.677054264853766	15.721669614295733	0	3241.6541963958202	581.2789674360116	0	0	0	0	0	0	0	0	0
130	4.7671321747275135	4.7671321747275135	4.7671321747275135	0	35.67705426670957	15.721669614618577	0	3241.6541989492066	581.2789676670354	0	0	0	0	0	0	0	0	0
131	4.7671321747275135	4.7671321747275135	4.7671321747275135	0	35.6770542687053	15.721669614965776	0	3241.6542016933568	581.2789679153078	0	0	0	0	0	0	0	0	0
132	4.7671321747275135	4.7671321747275135	4.7671321747275135	0	35.67705427084095	15.721669615337332	0	3241.654204628272	581.2789681808288	0	0	0	0	0	0	0	0	0
133	4.7671321747275135	4.7671321747275135	4.7671321747275135	0	35.67705427123634	15.72166961540654	0	3241.6542051165056	581.278968224773	0	0	0	0	0	0	0	0	0
134	4.7671321747275135	4.7671321747275135	4.7671321747275135	0	35.67705427138996	15.721669615433731	0	3241.654205266881	581.2789682381286	0	0	0	0	0	0	0	0	0
135	4.7671321747275135	4.7671321747275135	4.7671321747275135	0	35.6770542715396	15.721669615460216	0	3241.6542054133515	581.2789682511373	0	0	0	0	0	0	0	0	0
136	4.7671321747275135	4.7671321747275135	4.7671321747275135	0	35.677054271685265	15.721669615485999	0	3241.654205555917	581.278968263799	0	0	0	0	0	0	0	0	0
137	4.7671321747275135	4.7671321747275135	4.7671321747275135	0	35.67705427182694	15.721669615511074	0	3241.6542056945773	581.2789682761139	0	0	0	0	0	0	0	0	0
138	4.7671321747275135	4.7671321747275135	4.7671321747275135	0	35.67705427196462	15.721669615535443	0	3241.6542058293326	581.2789682880818	0	0	0	0	0	0	0	0	0
139	4.7671321747275135	4.7671321747275135	4.7671321747275135	0	35.677054272098324	15.72166961555911	0	3241.6542059601825	581.2789682997028	0	0	0	0	0	0	0	0	0
140	4.7671321747275135	4.7671321747275135	4.7671321747275135	0	35.67705427222805	15.72166961558207	0	3241.6542060871275	581.2789683109769	0	0	0	0	0	0	0	0	0
141	4.7671321747275135	4.7671321747275135	4.7671321747275135	0	35.67705427235378	15.721669615604323	0	3241.654206210167	581.278968321904	0	0	0	0	0	0	0	0	0
142	4.7671321747275135	4.7671321747275135	4.7671321747275135	0	35.67705427247552	15.721669615625874	0	3241.654206329302	581.2789683324843	0	0	0	0	0	0	0	0	0
143	4.7671321747275135	4.7671321747275135	4.7671321747275135	0	35.67705427259329	15.72166961564672	0	3241.6542064445316	581.2789683427177	0	0	0	0	0	0	0	0	0
144	4.7671321747275135	4.7671321747275135	4.7671321747275135	0	35.67705427270707	15.721669615666858	0	3241.654206555856	581.2789683526041	0	0	0	0	0	0	0	0	0
145	4.7671321747275135	4.7671321747275135	4.7671321747275135	0	35.67705427281686	15.721669615686293	0	3241.654206663275	581.2789683621436	0	0	0	0	0	0	0	0	0
146	4.7671321747275135	4.7671321747275135	4.7671321747275135	0	35.67705427292267	15.721669615705023	0	3241.6542067667897	581.2789683713362	0	0	0	0	0	0	0	0	0
147	4.7671321747275135	4.7671321747275135	4.7671321747275135	0	35.67705427302449	15.721669615723048	0	3241.654206866399	581.2789683801819	0	0	0	0	0	0	0	0	0
148	4.7671321747275135	4.7671321747275135	4.7671321747275135	0	35.67705427312233	15.721669615740367	0	3241.6542069621028	581.2789683886807	0	0	0	0	0	0	0	0	0
149	4.7671321747275135	4.7671321747275135	4.7671321747275135	0	35.677054273216186	15.721669615756982	0	3241.6542070539017	581.2789683968325	0	0	0	0	0	0	0	0	0
150	4.7671321747275135	4.7671321747275135	4.7671321747275135	0	35.67705427330605	15.72166961577289	0	3241.6542071417957	581.2789684046375	0	0	0	0	0	0	0	0	0
151	4.7671321747275135	4.7671321747275135	4.7671321747275135	0	35.67705427339193	15.721669615788095	0	3241.6542072257844	581.2789684120955	0	0	0	0	0	0	0	0	0
152	4.7671321747275135	4.7671321747275135	4.7671321747275135	0	35.677054273473836	15.721669615802593	0	3241.6542073058677	581.2789684192066	0	0	0	0	0	0	0	0	0
153	4.7671321747275135	4.7671321747275135	4.7671321747275135	0	35.67705427355175	15.721669615816387	0	3241.6542073820465	581.2789684259708	0	0	0	0	0	0	0	0	0
154	4.7671321747275135	4.7671321747275135	4.7671321747275135	0	35.67705427362567	15.721669615829475	0	3241.65420745432	581.2789684323881	0	0	0	0	0	0	0	0	0
155	4.7671321747275135	4.7671321747275135	4.7671321747275135	0	35.67705427369562	15.72166961584186	0	3241.654207522688	581.2789684384585	0	0	0	0	0	0	0	0	0
156	4.7671321747275135	4.7671321747275135	4.7671321747275135	0	35.67705427376158	15.721669615853537	0	3241.654207587151	581.2789684441819	0	0	0	0	0	0	0	0	0
157	4.7671321747275135	4.7671321747275135	4.7671321747275135	0	35.67705427382355	15.72166961586451	0	3241.6542076477094	581.2789684495585	0	0	0	0	0	0	0	0	0
158	4.7671321747275135	4.7671321747275135	4.7671321747275135	0	35.67705427388154	15.721669615874779	0	3241.6542077043623	581.2789684545882	0	0	0	0	0	0	0	0	0
159	4.7671321747275135	4.7671321747275135	4.7671321747275135	0	35.67705427393554	15.721669615884343	0	3241.6542077571103	581.2789684592708	0	0	0	0	0	0	0	0	0
160	4.7671321747275135	4.7671321747275135	4.7671321747275135	0	35.67705427398556	15.7216696158932	0	3241.654207805953	581.2789684636066	0	0	0	0	0	0	0	0	0
161	4.7671321747275135	4.7671321747275135	4.7671321747275135	0	35.67705427403159	15.721669615901353	0	3241.6542078508905	581.2789684675955	0	0	0	0	0	0	0	0	0
162	4.7671321747275135	4.7671321747275135	4.7671321747275135	0	35.67705427407364	15.721669615908802	0	3241.654207891923	581.2789684712375	0	0	0	0	0	0	0	0	0
163	4.7671321747275135	4.7671321747275135	4.7671321747275135	0	35.677054274111704	15.721669615915543	0	3241.6542079290502	581.2789684745326	0	0	0	0	0	0	0	0	0
164	4.7671321747275135	4.7671321747275135	4.7671321747275135	0	35.67705427414578	15.72166961592158	0	3241.6542079622727	581.2789684774807	0	0	0	0	0	0	0	0	0
165	4.7671321747275135	4.7671321747275135	4.7671321747275135	0	35.67705427417588	15.721669615926913	0	3241.65420799159	581.278968480082	0	0	0	0	0	0	0	0	0
166	4.7671321747275135	4.7671321747275135	4.7671321747275135	0	35.677054274201986	15.72166961593154	0	3241.654208017002	581.2789684823363	0	0	0	0	0	0	0	0	0
167	4.7671321747275135	4.7671321747275135	4.7671321747275135	0	35.67705427422411	15.721669615935463	0	3241.654208038509	581.2789684842436	0	0	0	0	0	0	0	0	0
168	4.7671321747275135	4.7671321747275135	4.7671321747275135	0	35.67705427424225	15.72166961593868	0	3241.6542080561107	581.2789684858042	0	0	0	0	0	0	0	0	0
169	4.7671321747275135	4.7671321747275135	4.7671321747275135	0	35.677054274256406	15.721669615941192	0	3241.6542080698077	581.2789684870177	0	0	0	0	0	0	0	0	0
170	4.7671321747275135	4.7671321747275135	4.7671321747275135	0	35.677054274266574	15.721669615943	0	3241.6542080795994	581.2789684878843	0	0	0	0	0	0	0	0	0
171	4.7671321747275135	4.7671321747275135	4.7671321747275135	0	35.677054274272756	15.721669615944101	0	3241.654208085486	581.2789684884041	0	0	0	0	0	0	0	0	0
172	4.7671321747275135	4.7671321747275135	4.7671321747275135	0	35.67705427427495	15.721669615944498	0	3241.6542080874674	581.2789684885769	0	0	0	0	0	0	0	0	0
173	4.7671321747275135	4.7671321747275135	4.7671321747275135	0	35.67705427427317	15.72166961594419	0	3241.654208085544	581.2789684884028	0	0	0	0	0	0	0	0	0
174	4.7671321747275135	4.7671321747275135	4.7671321747275135	0	35.6770542742674	15.721669615943176	0	3241.654208079715	581.2789684878818	0	0	0	0	0	0	0	0	0
175	4.7671321747275135	4.7671321747275135	4.7671321747275135	0	35.67705427425764	15.721669615941456	0	3241.654208069981	581.2789684870139	0	0	0	0	0	0	0	0	0
176	4.7671321747275135	4.7671321747275135	4.7671321747275135	0	35.6770542742439	15.721669615939033	0	3241.6542080563418	581.278968485799	0	0	0	0	0	0	0	0	0
177	4.7671321747275135	4.7671321747275135	4.7671321747275135	0	35.67705427422617	15.721669615935905	0	3241.654208038798	581.2789684842373	0	0	0	0	0	0	0	0	0
178	4.7671321747275135	4.7671321747275135	4.7671321747275135	0	35.677054274204465	15.72166961593207	0	3241.6542080173485	581.2789684823287	0	0	0	0	0	0	0	0	0
179	4.7671321747275135	4.7671321747275135	4.7671321747275135	0	35.677054274178765	15.721669615927532	0	3241.6542079919946	581.2789684800731	0	0	0	0	0	0	0	0	0
180	4.7671321747275135	4.7671321747275135	4.7671321747275135	0	35.677054274149086	15.721669615922288	0	3241.6542079627347	581.2789684774706	0	0	0	0	0	0	0	0	0
181	4.7671321747275135	4.7671321747275135	4.7671321747275135	0	35.67705427411542	15.721669615916339	0	3241.6542079295705	581.2789684745212	0	0	0	0	0	0	0	0	0
182	4.7671321747275135	4.7671321747275135	4.7671321747275135	0	35.67705427407777	15.721669615909684	0	3241.654207892501	581.2789684712249	0	0	0	0	0	0	0	0	0
183	4.7671321747275135	4.7671321747275135	4.7671321747275135	0	35.67705427403614	15.721669615902325	0	3241.654207851526	581.2789684675816	0	0	0	0	0	0	0	0	0
184	4.7671321747275135	4.7671321747275135	4.7671321747275135	0	35.677054273990514	15.72166961589426	0	3241.654207806646	581.2789684635916	0	0	0	0	0	0	0	0	0
185	4.7671321747275135	4.7671321747275135	4.7671321747275135	0	35.67705427394091	15.72166961588549	0	3241.654207757861	581.2789684592544	0	0	0	0	0	0	0	0	0
186	4.7671321747275135	4.7671321747275135	4.7671321747275135	0	35.677054273887315	15.721669615876015	0	3241.654207705171	581.2789684545705	0	0	0	0	0	0	0	0	0
187	4.7671321747275135	4.7671321747275135	4.7671321747275135	0	35.67705427382974	15.721669615865835	0	3241.6542076485757	581.2789684495397	0	0	0	0	0	0	0	0	0
188	4.7671321747275135	4.7671321747275135	4.7671321747275135	0	35.67705427376818	15.72166961585495	0	3241.6542075880757	581.2789684441618	0	0	0	0	0	0	0	0	0
189	4.7671321747275135	4.7671321747275135	4.7671321747275135	0	35.67705427370264	15.72166961584336	0	3241.6542075236703	581.2789684384371	0	0	0	0	0	0	0	0	0
190	4.7671321747275135	4.7671321747275135	4.7671321747275135	0	35.677054273633104	15.721669615831065	0	3241.6542074553595	581.2789684323654	0	0	0	0	0	0	0	0	0
191	4.7671321747275135	4.7671321747275135	4.7671321747275135	0	35.67705427355959	15.721669615818064	0	3241.6542073831442	581.2789684259469	0	0	0	0	0	0	0	0	0
192	4.7671321747275135	4.7671321747275135	4.7671321747275135	0	35.67705427348209	15.721669615804359	0	3241.654207307023	581.2789684191815	0	0	0	0	0	0	0	0	0
193	4.7671321747275135	4.7671321747275135	4.7671321747275135	0	35.67705427340061	15.72166961578995	0	3241.6542072269976	581.278968412069	0	0	0	0	0	0	0	0	0
194	4.7671321747275135	4.7671321747275135	4.7671321747275135	0	35.677054273315136	15.721669615774832	0	3241.6542071430667	581.2789684046098	0	0	0	0	0	0	0	0	0
195	4.7671321747275135	4.7671321747275135	4.7671321747275135	0	35.67705427322568	15.721669615759012	0	3241.6542070552305	581.2789683968036	0	0	0	0	0	0	0	0	0
196	4.7671321747275135	4.7671321747275135	4.7671321747275135	0	35.677054273132235	15.721669615742487	0	3241.6542069634893	581.2789683886505	0	0	0	0	0	0	0	0	0
197	4.7671321747275135	4.7671321747275135	4.7671321747275135	0	35.67705427303481	15.721669615725254	0	3241.654206867843	581.2789683801504	0	0	0	0	0	0	0	0	0
198	4.7671321747275135	4.7671321747275135	4.7671321747275135	0	35.677054272933404	15.721669615707318	0	3241.6542067682917	581.2789683713036	0	0	0	0	0	0	0	0	0
199	4.7671321747275135	4.7671321747275135	4.7671321747275135	0	35.67705427282801	15.721669615688677	0	3241.6542066648353	581.2789683621097	0	0	0	0	0	0	0	0	0
200	4.7671321747275135	4.7671321747275135	4.7671321747275135	0	35.677054272786	15.721669615681211	0	3241.6542066252837	581.2789683586051	0	0	0	0	0	0	0	0	0
201	4.7671321747275135	4.7671321747275135	4.7671321747275135	0	35.67705427277485	15.721669615679192	0	3241.6542066167167	581.2789683578582	0	0	0	0	0	0	0	0	0
202	4.7671321747275135	4.7671321747275135	4.7671321747275135	0	35.677054272764195	15.721669615677259	0	3241.6542066085194	581.2789683571435	0	0	0	0	0	0	0	0	0
203	4.7671321747275135	4.7671321747275135	4.7671321747275135	0	35.67705427275401	15.721669615675413	0	3241.6542066006923	581.2789683564612	0	0	0	0	0	0	0	0	0
204	4.7671321747275135	4.7671321747275135	4.7671321747275135	0	35.67705427274432	15.721669615673656	0	3241.6542065932344	581.278968355811	0	0	0	0	0	0	0	0	0
205	4.7671321747275135	4.7671321747275135	4.7671321747275135	0	35.67705427273511	15.721669615671987	0	3241.6542065861468	581.278968355193	0	0	0	0	0	0	0	0	0
206	4.7671321747275135	4.7671321747275135	4.7671321747275135	0	35.67705427272639	15.721669615670404	0	3241.654206579429	581.2789683546074	0	0	0	0	0	0	0	0	0
207	4.7671321747275135	4.7671321747275135	4.7671321747275135	0	35.677054272718145	15.72166961566891	0	3241.6542065730805	581.278968354054	0	0	0	0	0	0	0	0	0
208	4.7671321747275135	4.7671321747275135	4.7671321747275135	0	35.677054272710386	15.721669615667503	0	3241.654206567102	581.2789683535327	0	0	0	0	0	0	0	0	0
209	4.7671321747275135	4.7671321747275135	4.7671321747275135	0	35.67705427270311	15.721669615666185	0	3241.654206561493	581.2789683530439	0	0	0	0	0	0	0	0	0
210	4.7671321747275135	4.7671321747275135	4.7671321747275135	0	35.67705427269632	15.721669615664952	0	3241.654206556254	581.2789683525872	0	0	0	0	0	0	0	0	0
211	4.7671321747275135	4.7671321747275135	4.7671321747275135	0	35.677054272690015	15.72166961566381	0	3241.6542065513845	581.2789683521627	0	0	0	0	0	0	0	0	0
212	4.7671321747275135	4.7671321747275135	4.7671321747275135	0	35.67705427268419	15.721669615662753	0	3241.6542065468852	581.2789683517706	0	0	0	0	0	0	0	0	0
213	4.7671321747275135	4.7671321747275135	4.7671321747275135	0	35.67705427267885	15.721669615661785	0	3241.654206542755	581.2789683514106	0	0	0	0	0	0	0	0	0
214	4.7671321747275135	4.7671321747275135	4.7671321747275135	0	35.67705427267399	15.721669615660904	0	3241.6542065389954	581.2789683510829	0	0	0	0	0	0	0	0	0
215	4.7671321747275135	4.7671321747275135	4.7671321747275135	0	35.67705427266962	15.721669615660112	0	3241.654206535605	581.2789683507874	0	0	0	0	0	0	0	0	0
216	4.7671321747275135	4.7671321747275135	4.7671321747275135	0	35.67705427266573	15.721669615659405	0	3241.654206532585	581.2789683505242	0	0	0	0	0	0	0	0	0
217	4.7671321747275135	4.7671321747275135	4.7671321747275135	0	35.677054272662325	15.721669615658788	0	3241.654206529934	581.2789683502933	0	0	0	0	0	0	0	0	0
218	4.7671321747275135	4.7671321747275135	4.7671321747275135	0	35.677054272659404	15.721669615658257	0	3241.654206527653	581.2789683500946	0	0	0	0	0	0	0	0	0
219	4.7671321747275135	4.7671321747275135	4.7671321747275135	0	35.67705427265697	15.721669615657815	0	3241.6542065257418	581.2789683499282	0	0	0	0	0	0	0	0	0
220	4.7671321747275135	4.7671321747275135	4.7671321747275135	0	35.67705427265501	15.72166961565746	0	3241.6542065242006	581.2789683497939	0	0	0	0	0	0	0	0	0
221	4.7671321747275135	4.7671321747275135	4.7671321747275135	0	35.67705427265354	15.721669615657193	0	3241.6542065230287	581.2789683496919	0	0	0	0	0	0	0	0	0
222	4.7671321747275135	4.7671321747275135	4.7671321747275135	0	35.677054272652555	15.721669615657014	0	3241.654206522227	581.2789683496222	0	0	0	0	0	0	0	0	0
223	4.7671321747275135	4.7671321747275135	4.7671321747275135	0	35.67705427265205	15.721669615656921	0	3241.6542065217945	581.2789683495848	0	0	0	0	0	0	0	0	0
224	4.7671321747275135	4.7671321747275135	4.7671321747275135	0	35.67705427265203	15.721669615656918	0	3241.6542065217322	581.2789683495796	0	0	0	0	0	0	0	0	0
225	4.7671321747275135	4.7671321747275135	4.7671321747275135	0	35.67705427265249	15.721669615657001	0	3241.6542065220397	581.2789683496065	0	0	0	0	0	0	0	0	0
226	4.7671321747275135	4.7671321747275135	4.7671321747275135	0	35.67705427265344	15.721669615657172	0	3241.654206522717	581.2789683496659	0	0	0	0	0	0	0	0	0
227	4.7671321747275135	4.7671321747275135	4.7671321747275135	0	35.67705427265487	15.721669615657431	0	3241.6542065237636	581.2789683497574	0	0	0	0	0	0	0	0	0
228	4.7671321747275135	4.7671321747275135	4.7671321747275135	0	35.67705427265679	15.721669615657778	0	3241.65420652518	581.2789683498811	0	0	0	0	0	0	0	0	0
229	4.7671321747275135	4.7671321747275135	4.7671321747275135	0	35.677054272659184	15.721669615658211	0	3241.654206526967	581.2789683500372	0	0	0	0	0	0	0	0	0
230	4.7671321747275135	4.7671321747275135	4.7671321747275135	0	35.67705427266207	15.721669615658733	0	3241.654206529123	581.2789683502255	0	0	0	0	0	0	0	0	0
231	4.7671321747275135	4.7671321747275135	4.7671321747275135	0	35.67705427266544	15.721669615659343	0	3241.654206531649	581.2789683504459	0	0	0	0	0	0	0	0	0
232	4.7671321747275135	4.7671321747275135	4.7671321747275135	0	35.67705427266928	15.721669615660039	0	3241.6542065345448	581.2789683506986	0	0	0	0	0	0	0	0	0
233	4.7671321747275135	4.7671321747275135	4.7671321747275135	0	35.677054272673615	15.721669615660824	0	3241.65420653781	581.2789683509836	0	0	0	0	0	0	0	0	0
234	4.7671321747275135	4.7671321747275135	4.7671321747275135	0	35.67705427267843	15.721669615661696	0	3241.654206541445	581.2789683513009	0	0	0	0	0	0	0	0	0
235	4.7671321747275135	4.7671321747275135	4.7671321747275135	0	35.67705427268373	15.721669615662657	0	3241.65420654545	581.2789683516504	0	0	0	0	0	0	0	0	0
236	4.7671321747275135	4.7671321747275135	4.7671321747275135	0	35.67705427268952	15.721669615663703	0	3241.654206549825	581.2789683520322	0	0	0	0	0	0	0	0	0
237	4.7671321747275135	4.7671321747275135	4.7671321747275135	0	35.677054272695784	15.72166961566484	0	3241.6542065545696	581.2789683524461	0	0	0	0	0	0	0	0	0
238	4.7671321747275135	4.7671321747275135	4.7671321747275135	0	35.67705427270254	15.721669615666062	0	3241.6542065596836	581.2789683528923	0	0	0	0	0	0	0	0	0
239	4.7671321747275135	4.7671321747275135	4.7671321747275135	0	35.677054272709775	15.721669615667373	0	3241.654206565168	581.2789683533708	0	0	0	0	0	0	0	0	0
240	4.7671321747275135	4.7671321747275135	4.7671321747275135	0	35.67705427271749	15.721669615668771	0	3241.6542065710214	581.2789683538816	0	0	0	0	0	0	0	0	0
