0	4.7671321747275135	4.7671321747275135	4.7671321747275135	0	0	0	0	0	0	0	0	0	0	0	0	0	0	0
1	4.7671321747275135	4.7671321747275135	4.7671321747275135	0	0	0	0	0	0	0	0	0	0	0	0	0	0	0
2	4.7671321747275135	4.7671321747275135	4.7671321747275135	0	0	0	0	0	0	0	0	0	0	0	0	0	0	0
3	4.7671321747275135	4.7671321747275135	4.7671321747275135	0	0	0	0	0	0	0	0	0	0	0	0	0	0	0
4	4.7671321747275135	4.7671321747275135	4.7671321747275135	0	0	0	0	0	0	0	0	0	0	0	0	0	0	0
5	4.7671321747275135	4.7671321747275135	4.7671321747275135	0	0	0	0	0	0	0	0	0	0	0	0	0	0	0
6	4.7671321747275135	4.7671321747275135	4.7671321747275135	0	0	0	0	0	0	0	0	0	0	0	0	0	0	0
7	4.7671321747275135	4.7671321747275135	4.7671321747275135	0	0	0	0	0	0	0	0	0	0	0	0	0	0	0
8	4.7671321747275135	4.7671321747275135	4.7671321747275135	0	0	0	0	0	0	0	0	0	0	0	0	0	0	0
9	4.7671321747275135	4.7671321747275135	4.7671321747275135	0	0	0	0	0	0	0	0	0	0	0	0	0	0	0
10	4.7671321747275135	4.7671321747275135	4.7671321747275135	0	0	0	0	0	0	0	0	0	0	0	0	0	0	0
11	4.7671321747275135	4.7671321747275135	4.7671321747275135	0	0	0	0	0	0	0	0	0	0	0	0	0	0	0
12	4.7671321747275135	4.7671321747275135	4.7671321747275135	45.59033907967906	50.646222772496806	21.11887584946364	4076.1107328119715	3731.4127245807813	643.061839797917	0	0	0	0	0.2539331676467814	3.5913267699556277	0	34.473789247966174	115.814390322589
13	4.7671321747275135	4.7671321747275135	4.7671321747275135	45.59161011816092	50.990284673770475	21.165777887319212	4717.33421986986	4519.062047090129	765.4156559804755	0	0	0	0	0.19596363059517108	3.5792242206294342	0	20.604842306355824	130.39297468931693
14	4.7671321747275135	4.7671321747275135	4.7671321747275135	45.5916101488535	51.02317788112805	21.170173834886054	4794.98620448713	4621.234694253999	780.6015350613663	0	0	0	0	0.19036480954146176	3.578049412668286	0	17.779833498070758	132.06150623782895
15	4.7671321747275135	4.7671321747275135	4.7671321747275135	45.59161014885389	51.02712412426713	21.170708469001756	4804.37138047722	4634.344417930784	782.4785847520293	0	0	0	0	0.18966634681205627	3.5778972473615505	0	17.306470062572714	132.2516881138181
16	4.7671321747275135	4.7671321747275135	4.7671321747275135	45.59161014885388	51.027601443571115	21.170774130437923	4805.488226734285	4635.997953707272	782.7071473028757	0	0	0	0	0.1895780372786186	3.5778773055145177	0	17.233241060632146	132.2727939426767
17	4.7671321747275135	4.7671321747275135	4.7671321747275135	45.59161014885388	51.02765918478855	21.170782197030597	4805.620452470678	4636.205437912945	782.7348679924177	0	0	0	0	0.18956683091468038	3.577874699099164	0	17.222357134525755	132.2750861177481
18	4.7671321747275135	4.7671321747275135	4.7671321747275135	45.59161014885388	51.02766475334007	21.1707829911946	4805.632685710094	4636.226190638727	782.7375217457288	0	0	0	0	0.1895656664483431	3.5778744224515204	0	17.22104217995806	132.27526861353738
19	4.7671321747275135	4.7671321747275135	4.7671321747275135	45.59161014885389	51.027665316034636	21.170783073613137	4805.633743323981	4636.228144012078	782.737760454531	0	0	0	0	0.18956552930849452	3.577874392064944	0	17.220895100948265	132.27528108880068
20	4.7671321747275135	4.7671321747275135	4.7671321747275135	45.59161014885388	51.02766514715462	21.170783049708515	4805.6333827383	4636.227568839101	782.7376844060751	0	0	0	0	0.1895655644006711	3.57787439992162	0	17.220925707709316	132.2752748763373
21	4.7671321747275135	4.7671321747275135	4.7671321747275135	45.59161014885388	51.02766507252559	21.170783039136527	4805.633223581931	4636.227312693086	782.7376507083353	0	0	0	0	0.189565579975509	3.5778744034158403	0	17.220939694137737	132.27527217794247
22	4.7671321747275135	4.7671321747275135	4.7671321747275135	45.59161014885388	51.02766509214755	21.170783041897177	4805.633265854876	4636.227375574033	782.7376593613118	0	0	0	0	0.18956557603300814	3.5778744025476064	0	17.220937060233535	132.27527299361617
23	4.7671321747275135	4.7671321747275135	4.7671321747275135	45.59161014885389	51.02766513057953	21.17078304733241	4805.6333470013515	4636.227503252986	782.7376763738246	0	0	0	0	0.18956556800839353	3.5778744007808823	0	17.22093053575233	132.27527442576246
24	4.7671321747275135	4.7671321747275135	4.7671321747275135	45.59161014885389	51.02766514687137	21.17078304964186	4805.633380339114	4636.227556679687	782.7376834192132	0	0	0	0	0.18956556449315864	3.5778744000257787	0	17.220927646075484	132.27527499576783
25	4.7671321747275135	4.7671321747275135	4.7671321747275135	45.59161014885388	51.027665161176394	21.17078305166984	4805.633409589999	4636.227603568236	782.7376896015729	0	0	0	0	0.18956556140458547	3.577874399362621	0	17.220925108004533	132.27527549567503
26	4.7671321747275135	4.7671321747275135	4.7671321747275135	45.59161014885388	51.027665173494604	21.170783053416358	4805.633434754006	4636.227643918633	782.7376949209034	0	0	0	0	0.18956555874267397	3.5778743987914106	0	17.220922921539476	132.2752759254841
27	4.7671321747275135	4.7671321747275135	4.7671321747275135	45.59161014885388	51.02766518382599	21.170783054881408	4805.633455831135	4636.227677730878	782.737699377205	0	0	0	0	0.18956555650742418	3.577874398312146	0	17.22092108668032	132.27527628519502
28	4.7671321747275135	4.7671321747275135	4.7671321747275135	45.59161014885388	51.02766519217056	21.170783056064995	4805.633472821386	4636.227705004971	782.7377029704775	0	0	0	0	0.18956555469883604	3.5778743979248278	0	17.22091960342706	132.2752765748078
29	4.7671321747275135	4.7671321747275135	4.7671321747275135	45.59161014885388	51.02766519852831	21.170783056967117	4805.633485724758	4636.227725740911	782.7377057007209	0	0	0	0	0.18956555331690964	3.577874397629456	0	17.220918471779697	132.27527679432242
30	4.7671321747275135	4.7671321747275135	4.7671321747275135	45.59161014885388	51.02766520289924	21.170783057587773	4805.633494541254	4636.2277399387	782.7377075679352	0	0	0	0	0.1895655523616449	3.577874397426031	0	17.220917691738233	132.27527694373887
31	4.7671321747275135	4.7671321747275135	4.7671321747275135	45.59161014885388	51.027665205283355	21.17078305792696	4805.633499270871	4636.227747598337	782.7377085721205	0	0	0	0	0.18956555183304186	3.5778743973145524	0	17.220917263302667	132.2752770230572
32	4.7671321747275135	4.7671321747275135	4.7671321747275135	45.59161014885388	51.02766520568065	21.170783057984686	4805.63349991361	4636.227748719823	782.7377087132768	0	0	0	0	0.1895655517311005	3.57787439729502	0	17.220917186472995	132.27527703227736
33	4.7671321747275135	4.7671321747275135	4.7671321747275135	45.59161014885388	51.02766520409113	21.170783057760946	4805.633496469471	4636.227743303155	782.737707991404	0	0	0	0	0.18956555205582085	3.577874397367434	0	17.220917461249222	132.2752769713994
34	4.7671321747275135	4.7671321747275135	4.7671321747275135	45.59161014885388	51.02766520051478	21.17078305725574	4805.633488938454	4636.2277313483355	782.7377064065022	0	0	0	0	0.1895655528072029	3.5778743975317946	0	17.220918087631347	132.27527684042326
35	4.7671321747275135	4.7671321747275135	4.7671321747275135	45.59161014885388	51.027665194951624	21.170783056469066	4805.633477320559	4636.227712855365	782.7377039585713	0	0	0	0	0.1895655539852466	3.5778743977881016	0	17.22091906561937	132.275276639349
36	4.7671321747275135	4.7671321747275135	4.7671321747275135	45.59161014885388	51.027665187401645	21.170783055400932	4805.6334616157865	4636.227687824242	782.7377006476113	0	0	0	0	0.18956555558995203	3.5778743981363546	0	17.220920395213287	132.27527636817655
37	4.7671321747275135	4.7671321747275135	4.7671321747275135	45.59161014885388	51.027665177864854	21.17078305405133	4805.633441824136	4636.227656254967	782.7376964736223	0	0	0	0	0.18956555762131913	3.5778743985765544	0	17.220922076413107	132.27527602690597
38	4.7671321747275135	4.7671321747275135	4.7671321747275135	45.59161014885388	51.02766517202763	21.170783053223385	4805.6334300116905	4636.2276373321865	782.737693977691	0	0	0	0	0.1895655588919892	3.577874398846799	0	17.22092309936227	132.27527582478382
39	4.7671321747275135	4.7671321747275135	4.7671321747275135	45.59161014885388	51.027665170492654	21.170783053003078	4805.633427324817	4636.227632917596	782.7376934035158	0	0	0	0	0.1895655592640417	3.577874398918913	0	17.220923358797464	132.27527578093697
40	4.7671321747275135	4.7671321747275135	4.7671321747275135	45.59161014885388	51.02766516907135	21.170783052799077	4805.633424837219	4636.22762883004	782.7376928719026	0	0	0	0	0.1895655596085647	3.57787439898569	0	17.220923599085026	132.27527574034917
41	4.7671321747275135	4.7671321747275135	4.7671321747275135	45.59161014885388	51.027665167763715	21.170783052611387	4805.633422548896	4636.22762506952	782.7376923828516	0	0	0	0	0.18956555992555815	3.5778743990471296	0	17.220923820224957	132.27527570302044
42	4.7671321747275135	4.7671321747275135	4.7671321747275135	45.59161014885389	51.02766516656976	21.17078305244001	4805.633420459849	4636.227621636036	782.7376919363628	0	0	0	0	0.1895655602150221	3.5778743991032322	0	17.220924022217254	132.2752756689508
43	4.7671321747275135	4.7671321747275135	4.7671321747275135	45.59161014885389	51.02766516548949	21.170783052284943	4805.633418570077	4636.227618529588	782.7376915324362	0	0	0	0	0.18956556047695652	3.577874399153998	0	17.22092420506192	132.27527563814022
44	4.7671321747275135	4.7671321747275135	4.7671321747275135	45.59161014885389	51.02766516452289	21.170783052146184	4805.633416879581	4636.227615750175	782.7376911710718	0	0	0	0	0.18956556071136144	3.5778743991994264	0	17.220924368758954	132.27527561058872
45	4.7671321747275135	4.7671321747275135	4.7671321747275135	45.59161014885389	51.027665163669965	21.170783052023737	4805.63341538836	4636.227613297797	782.7376908522695	0	0	0	0	0.18956556091823684	3.577874399239518	0	17.220924513308358	132.27527558629626
46	4.7671321747275135	4.7671321747275135	4.7671321747275135	45.59161014885389	51.02766516293072	21.1707830519176	4805.633414096414	4636.227611172455	782.7376905760293	0	0	0	0	0.18956556109758274	3.5778743992742723	0	17.22092463871013	132.2752755652629
47	4.7671321747275135	4.7671321747275135	4.7671321747275135	45.59161014885389	51.02766516230514	21.170783051827772	4805.633413003744	4636.227609374148	782.7376903423514	0	0	0	0	0.1895655612493991	3.5778743993036897	0	17.220924744964268	132.2752755474886
48	4.7671321747275135	4.7671321747275135	4.7671321747275135	45.59161014885389	51.027665161793244	21.170783051754256	4805.633412110348	4636.227607902878	782.7376901512356	0	0	0	0	0.18956556137368596	3.57787439932777	0	17.220924832070775	132.27527553297335
49	4.7671321747275135	4.7671321747275135	4.7671321747275135	45.59161014885389	51.02766516139502	21.17078305169705	4805.633411416229	4636.227606758643	782.737690002682	0	0	0	0	0.1895655614704433	3.577874399346513	0	17.22092490002965	132.2752755217172
50	4.7671321747275135	4.7671321747275135	4.7671321747275135	45.59161014885389	51.02766516111048	21.170783051656155	4805.633410921385	4636.227605941443	782.7376898966905	0	0	0	0	0.1895655615396711	3.5778743993599194	0	17.220924948840892	132.2752755137201
51	4.7671321747275135	4.7671321747275135	4.7671321747275135	45.59161014885389	51.02766516093961	21.17078305163157	4805.633410625816	4636.227605451279	782.7376898332612	0	0	0	0	0.18956556158136942	3.5778743993679885	0	17.220924978504506	132.27527550898208
52	4.7671321747275135	4.7671321747275135	4.7671321747275135	45.59161014885389	51.02766516088242	21.170783051623292	4805.633410529523	4636.22760528815	782.7376898123941	0	0	0	0	0.18956556159553822	3.5778743993707205	0	17.220924989020485	132.27527550750312
53	4.7671321747275135	4.7671321747275135	4.7671321747275135	45.59161014885389	51.0276651609389	21.17078305163133	4805.633410632505	4636.227605452057	782.7376898340892	0	0	0	0	0.1895655615821775	3.577874399368115	0	17.220924980388833	132.27527550928323
54	4.7671321747275135	4.7671321747275135	4.7671321747275135	45.59161014885389	51.02766516110906	21.170783051655675	4805.633410934762	4636.227605943	782.7376898983464	0	0	0	0	0.18956556154128726	3.577874399360173	0	17.220924952609547	132.27527551432243
55	4.7671321747275135	4.7671321747275135	4.7671321747275135	45.59161014885388	51.027665161392896	21.17078305169633	4805.633411436294	4636.227606760977	782.7376900051659	0	0	0	0	0.1895655614728675	3.5778743993468938	0	17.22092490568263	132.27527552262066
56	4.7671321747275135	4.7671321747275135	4.7671321747275135	45.59161014885388	51.02766516179041	21.170783051753297	4805.633412137103	4636.227607905991	782.7376901545474	0	0	0	0	0.1895655613769182	3.5778743993282776	0	17.220924839608085	132.275275534178
57	4.7671321747275135	4.7671321747275135	4.7671321747275135	45.59161014885388	51.027665162301595	21.17078305182657	4805.633413037186	4636.22760937804	782.7376903464911	0	0	0	0	0.18956556125343943	3.577874399304324	0	17.2209247543859	132.2752755489944
58	4.7671321747275135	4.7671321747275135	4.7671321747275135	45.59161014885388	51.02766516292646	21.170783051916157	4805.633414136545	4636.227611177125	782.737690580997	0	0	0	0	0.1895655611024311	3.5778743992750335	0	17.22092465001609	132.27527556706985
59	4.7671321747275135	4.7671321747275135	4.7671321747275135	45.59161014885388	51.027665163665	21.170783052022056	4805.633415435179	4636.227613303246	782.7376908580651	0	0	0	0	0.18956556092389332	3.577874399240406	0	17.22092452649865	132.27527558840438
60	4.7671321747275135	4.7671321747275135	4.7671321747275135	45.59161014885388	51.02766516451722	21.170783052144262	4805.6334169330885	4636.227615756401	782.7376911776953	0	0	0	0	0.18956556071782596	3.5778743992004416	0	17.220924383833573	132.27527561299797
61	4.7671321747275135	4.7671321747275135	4.7671321747275135	45.591610148853874	51.02766516548311	21.17078305228278	4805.633418630274	4636.227618536593	782.7376915398877	0	0	0	0	0.18956556048422912	3.5778743991551396	0	17.220924222020866	132.27527564085065
62	4.7671321747275135	4.7671321747275135	4.7671321747275135	45.59161014885388	51.02766516613709	21.170783052376947	4805.6334197259475	4636.227620344801	782.7376917745041	0	0	0	0	0.18956556032157187	3.577874399124789	0	17.22092411400273	132.27527565859313
63	4.7671321747275135	4.7671321747275135	4.7671321747275135	45.59161014885389	51.02766516642281	21.170783052418507	4805.633420145285	4636.227621052753	782.7376918652388	0	0	0	0	0.1895655602454775	3.5778743991118676	0	17.22092406842823	132.27527566509818
64	4.7671321747275135	4.7671321747275135	4.7671321747275135	45.591610148853896	51.027665166650486	21.170783052451622	4805.63342048106	4636.227621620029	782.7376919379162	0	0	0	0	0.1895655601849223	3.5778743991015265	0	17.22092403183564	132.27527567029767
65	4.7671321747275135	4.7671321747275135	4.7671321747275135	45.5916101488539	51.027665166820114	21.170783052476292	4805.633420733275	4636.227622046628	782.7376919925364	0	0	0	0	0.18956556013990628	3.577874399093766	0	17.220924004224965	132.27527567419165
66	4.7671321747275135	4.7671321747275135	4.7671321747275135	45.5916101488539	51.02766516693169	21.170783052492514	4805.633420901928	4636.227622332551	782.7376920290992	0	0	0	0	0.18956556011042944	3.5778743990885853	0	17.2209239855962	132.27527567678007
67	4.7671321747275135	4.7671321747275135	4.7671321747275135	45.5916101488539	51.02766516698523	21.17078305250029	4805.633420987019	4636.227622477796	782.7376920476047	0	0	0	0	0.1895655600964918	3.577874399085985	0	17.22092397594935	132.27527567806294
68	4.7671321747275135	4.7671321747275135	4.7671321747275135	45.5916101488539	51.02766516698072	21.17078305249962	4805.63342098855	4636.227622482366	782.737692048053	0	0	0	0	0.18956556009809333	3.5778743990859656	0	17.22092397528441	132.2752756780403
69	4.7671321747275135	4.7671321747275135	4.7671321747275135	45.591610148853896	51.027665166918155	21.170783052490503	4805.633420906518	4636.2276223462595	782.7376920304439	0	0	0	0	0.18956556011523407	3.577874399088526	0	17.220923983601388	132.27527567671208
70	4.7671321747275135	4.7671321747275135	4.7671321747275135	45.591610148853896	51.027665166797554	21.17078305247294	4805.633420740926	4636.227622069476	782.7376919947775	0	0	0	0	0.18956556014791398	3.577874399093667	0	17.220924000900272	132.27527567407836
71	4.7671321747275135	4.7671321747275135	4.7671321747275135	45.59161014885389	51.0276651666189	21.170783052446932	4805.633420491772	4636.227621652016	782.7376919410539	0	0	0	0	0.1895655601961331	3.577874399101388	0	17.220924027181074	132.27527567013908
72	4.7671321747275135	4.7671321747275135	4.7671321747275135	45.59161014885389	51.0276651666189	21.170783052446932	4805.633420491772	4636.227621652016	782.7376919410539	0	0	0	0	0.1895655601961331	3.577874399101388	0	17.220924027181074	132.27527567013908
73	4.7671321747275135	4.7671321747275135	4.7671321747275135	0.001244740237634683	50.05650969285111	20.806443232312866	729.4254743115066	4599.0979563619385	777.0611613585304	0	0	0	0	0.20272864142098862	3.447836438393635	0	17.72457155892939	130.29031235349711
74	4.7671321747275135	4.7671321747275135	4.7671321747275135	0	44.99093279349576	18.93516272431075	88.28743791146472	4321.23705511411	735.0645698857875	0	0	0	0	0.26799398234562544	2.524401429313066	0	21.41560396206709	111.58911350222347
75	4.7671321747275135	4.7671321747275135	4.7671321747275135	0	38.24709191819229	16.5458591583919	10.67704453262216	3732.62583355669	648.6423074352556	0	0	0	0	0.2530863300752624	0.7450584054572231	0	24.802741328024787	55.52515349145433
76	4.7671321747275135	4.7671321747275135	4.7671321747275135	0	36.0950183623989	15.843356293230627	1.2856347769525138	3371.945716327407	598.224055721061	0	0	0	0	0.09118807297029487	0.1093960928105716	0	14.383216338293913	14.709641817686213
77	4.7671321747275135	4.7671321747275135	4.7671321747275135	0	35.737171147918005	15.737787978467445	0.1548379701246033	3268.036382918277	584.5326221049975	0	0	0	0	0.019196282411084918	0.013825376961744401	0	4.645538633057931	2.837263306997525
78	4.7671321747275135	4.7671321747275135	4.7671321747275135	0	35.68539664264259	15.723764490918581	0.018481587179084772	3246.3203120814405	581.8273286115485	0	0	0	0	0.0032758211033748403	0.0017136963836604296	0	1.0979284336022814	0.47267415641922816
79	4.7671321747275135	4.7671321747275135	4.7671321747275135	0	35.67818328375929	15.721938482433718	0.002168479361185738	3242.4126888700453	581.3643018450651	0	0	0	0	0.0005053220192194535	0.00021067453243515266	0	0.21763583657521635	0.07227433262683415
80	4.7671321747275135	4.7671321747275135	4.7671321747275135	0	35.67719905640075	15.721702560963578	0.0002399129788876431	3241.7674372919964	581.2911918340166	0	0	0	0	7122136559435668e-20	2478732217079297e-20	0	0.037815427505040494	0.010137714276434479
81	4.7671321747275135	4.7671321747275135	4.7671321747275135	0	35.67707073780175	15.72167319337118	2267569094527902e-20	3241.6688901425355	581.2804865618976	0	0	0	0	8652172877667678e-21	2561093913959961e-21	0	0.005596384167230606	0.0012272860418734892
82	4.7671321747275135	4.7671321747275135	4.7671321747275135	0	35.677055342651634	15.721669829938586	0	3241.6554622968324	581.2790881406044	0	0	0	0	0	0	0	0.0005840084113529913	9162993220627638e-20
83	4.7671321747275135	4.7671321747275135	4.7671321747275135	0	35.6770540516698	15.721669567977731	0	3241.6539028806305	581.2789379386896	0	0	0	0	0	0	0	-0.000125708309895087	-2414705595275572e-20
84	4.7671321747275135	4.7671321747275135	4.7671321747275135	0	35.67705410905885	15.721669583716551	0	3241.6540195250645	581.2789500944633	0	0	0	0	0	0	0	-8231138893629618e-20	-1420777716060144e-20
85	4.7671321747275135	4.7671321747275135	4.7671321747275135	0	35.677054280039826	15.721669619838854	0	3241.6541950339088	581.2789673904757	0	0	0	0	0	0	0	-6579286292622644e-21	0
86	4.7671321747275135	4.7671321747275135	4.7671321747275135	0	35.67705439035874	15.721669642762809	0	3241.6543106169747	581.2789787595086	0	0	0	0	0	0	0	4347700689400584e-20	8266074933398101e-21
87	4.7671321747275135	4.7671321747275135	4.7671321747275135	0	35.67705444001558	15.721669652488417	0	3241.6543662742633	581.2789842015623	0	0	0	0	0	0	0	6785749062358941e-20	12505054612914637e-21
88	4.7671321747275135	4.7671321747275135	4.7671321747275135	0	35.677054429010354	15.721669649015679	0	3241.654362005774	581.2789837166364	0	0	0	0	0	0	0	6656216489612802e-20	12078736714109031e-21
89	4.7671321747275135	4.7671321747275135	4.7671321747275135	0	35.67705435734305	15.721669632344595	0	3241.654297811507	581.2789773047313	0	0	0	0	0	0	0	39591029711621626e-21	6987121236981259e-21
90	4.7671321747275135	4.7671321747275135	4.7671321747275135	0	35.67705431335236	15.721669622775106	0	3241.654254845475	581.2789730487817	0	0	0	0	0	0	0	21252679670715507e-21	3633394515594504e-21
91	4.7671321747275135	4.7671321747275135	4.7671321747275135	0	35.677054301816284	15.721669620743642	0	3241.6542412148638	581.2789717195864	0	0	0	0	0	0	0	1527469400597632e-20	26017251378047178e-22
92	4.7671321747275135	4.7671321747275135	4.7671321747275135	0	35.67705429113568	15.721669618863189	0	3241.6542285965306	581.2789704891968	0	0	0	0	0	0	0	974021561442077e-20	16468301190668861e-22
93	4.7671321747275135	4.7671321747275135	4.7671321747275135	0	35.677054281310554	15.721669617133747	0	3241.654216990477	581.2789693576133	0	0	0	0	0	0	0	4649244496048847e-21	0
94	4.7671321747275135	4.7671321747275135	4.7671321747275135	0	35.677054272340904	15.721669615555316	0	3241.6542063967013	581.2789683248355	0	0	0	0	0	0	0	0	0
95	4.7671321747275135	4.7671321747275135	4.7671321747275135	0	35.67705426422672	15.721669614127896	0	3241.6541968152046	581.2789673908637	0	0	0	0	0	0	0	-42021759211440816e-22	0
96	4.7671321747275135	4.7671321747275135	4.7671321747275135	0	35.67705425696801	15.721669612851487	0	3241.6541882459865	581.2789665556977	0	0	0	0	0	0	0	-7962625219965104e-21	-14050063653648952e-22
97	4.7671321747275135	4.7671321747275135	4.7671321747275135	0	35.67705425056478	15.721669611726089	0	3241.6541806890473	581.2789658193376	0	0	0	0	0	0	0	-11279567245602478e-21	-19760295888429523e-22
98	4.7671321747275135	4.7671321747275135	4.7671321747275135	0	35.67705424501702	15.721669610751702	0	3241.6541741443866	581.2789651817834	0	0	0	0	0	0	0	-14153001998056226e-21	-2470278453269056e-21
99	4.7671321747275135	4.7671321747275135	4.7671321747275135	0	35.677054240324736	15.721669609928325	0	3241.654168612005	581.278964643035	0	0	0	0	0	0	0	-16582929477326335e-21	-28877529586432084e-22
100	4.7671321747275135	4.7671321747275135	4.7671321747275135	0	35.67705423648792	15.72166960925596	0	3241.6541640919017	581.2789642030926	0	0	0	0	0	0	0	-18569349683412805e-21	-32284531049654014e-22
101	4.7671321747275135	4.7671321747275135	4.7671321747275135	0	35.67705423350658	15.721669608734606	0	3241.654160584077	581.2789638619561	0	0	0	0	0	0	0	-2011226261631565e-20	-3492378892235642e-21
102	4.7671321747275135	4.7671321747275135	4.7671321747275135	0	35.677054231380716	15.721669608364262	0	3241.6541580885314	581.2789636196253	0	0	0	0	0	0	0	-21211668276034856e-21	-36795303204539275e-22
103	4.7671321747275135	4.7671321747275135	4.7671321747275135	0	35.67705423011032	15.72166960814493	0	3241.6541566052642	581.2789634761004	0	0	0	0	0	0	0	-21867566662570423e-21	-37899073896202597e-22
104	4.7671321747275135	4.7671321747275135	4.7671321747275135	0	35.6770542296954	15.721669608076608	0	3241.654156134276	581.2789634313815	0	0	0	0	0	0	0	-2207995777592237e-20	-3823510099734635e-21
105	4.7671321747275135	4.7671321747275135	4.7671321747275135	0	35.67705423013596	15.721669608159297	0	3241.6541566755664	581.2789634854685	0	0	0	0	0	0	0	-21848841616090673e-21	-37803384507970576e-22
106	4.7671321747275135	4.7671321747275135	4.7671321747275135	0	35.67705423143198	15.721669608392999	0	3241.6541582291356	581.2789636383612	0	0	0	0	0	0	0	-21174218183075337e-21	-36603924428075265e-22
107	4.7671321747275135	4.7671321747275135	4.7671321747275135	0	35.67705423358348	15.72166960877771	0	3241.654160794983	581.27896389006	0	0	0	0	0	0	0	-20056087476876375e-21	-3463672075766039e-21
108	4.7671321747275135	4.7671321747275135	4.7671321747275135	0	35.67705423659046	15.721669609313432	0	3241.65416437311	581.2789642405645	0	0	0	0	0	0	0	-18494449497493774e-21	-3190177349672596e-21
109	4.7671321747275135	4.7671321747275135	4.7671321747275135	0	35.67705424045291	15.721669610000164	0	3241.6541689635146	581.278964689875	0	0	0	0	0	0	0	-1648930424492754e-20	-2839908264527202e-21
110	4.7671321747275135	4.7671321747275135	4.7671321747275135	0	35.67705424517083	15.721669610837909	0	3241.654174566199	581.2789652379913	0	0	0	0	0	0	0	-14040651719177663e-21	-241286482032985e-20
111	4.7671321747275135	4.7671321747275135	4.7671321747275135	0	35.67705425074423	15.721669611826664	0	3241.654181181161	581.2789658849135	0	0	0	0	0	0	0	-11148491920244172e-21	-1909047017080545e-21
112	4.7671321747275135	4.7671321747275135	4.7671321747275135	0	35.6770542571731	15.72166961296643	0	3241.6541888084025	581.2789666306415	0	0	0	0	0	0	0	-7812824848127022e-21	-13284548547792839e-22
113	4.7671321747275135	4.7671321747275135	4.7671321747275135	0	35.67705426445744	15.721669614257207	0	3241.6541974479223	581.2789674751755	0	0	0	0	0	0	0	-4033650502826254e-21	0
114	4.7671321747275135	4.7671321747275135	4.7671321747275135	0	35.677054268212274	15.721669614919554	0	3241.6542018644323	581.2789679061699	0	0	0	0	0	0	0	-20993187076622194e-22	0
115	4.7671321747275135	4.7671321747275135	4.7671321747275135	0	35.67705426866524	15.721669614994854	0	3241.6542023380975	581.2789679512698	0	0	0	0	0	0	0	-18882589898690386e-22	0
116	4.7671321747275135	4.7671321747275135	4.7671321747275135	0	35.67705426910657	15.721669615068222	0	3241.654202799567	581.278967995208	0	0	0	0	0	0	0	-16826344544315964e-22	0
117	4.7671321747275135	4.7671321747275135	4.7671321747275135	0	35.67705426953628	15.721669615139657	0	3241.6542032488396	581.2789680379844	0	0	0	0	0	0	0	-14824451013498922e-22	0
118	4.7671321747275135	4.7671321747275135	4.7671321747275135	0	35.67705426995435	15.721669615209159	0	3241.654203685916	581.278968079599	0	0	0	0	0	0	0	-12876909306239263e-22	0
119	4.7671321747275135	4.7671321747275135	4.7671321747275135	0	35.67705427036079	15.721669615276728	0	3241.654204110796	581.2789681200521	0	0	0	0	0	0	0	-10983719422536987e-22	0
120	4.7671321747275135	4.7671321747275135	4.7671321747275135	0	35.677054270755605	15.721669615342364	0	3241.65420452348	581.2789681593433	0	0	0	0	0	0	0	0	0
121	4.7671321747275135	4.7671321747275135	4.7671321747275135	0	35.677054271138786	15.721669615406068	0	3241.6542049239674	581.2789681974729	0	0	0	0	0	0	0	0	0
122	4.7671321747275135	4.7671321747275135	4.7671321747275135	0	35.677054271510336	15.721669615467839	0	3241.6542053122585	581.2789682344406	0	0	0	0	0	0	0	0	0
123	4.7671321747275135	4.7671321747275135	4.7671321747275135	0	35.67705427187026	15.721669615527675	0	3241.654205688353	581.2789682702468	0	0	0	0	0	0	0	0	0
124	4.7671321747275135	4.7671321747275135	4.7671321747275135	0	35.67705427221855	15.721669615585581	0	3241.6542060522515	581.2789683048911	0	0	0	0	0	0	0	0	0
125	4.7671321747275135	4.7671321747275135	4.7671321747275135	0	35.67705427255521	15.721669615641554	0	3241.6542064039536	581.2789683383737	0	0	0	0	0	0	0	0	0
126	4.7671321747275135	4.7671321747275135	4.7671321747275135	0	35.67705427288024	15.721669615695593	0	3241.6542067434593	581.2789683706947	0	0	0	0	0	0	0	0	0
127	4.7671321747275135	4.7671321747275135	4.7671321747275135	0	35.67705427319364	15.721669615747699	0	3241.6542070707687	581.2789684018538	0	0	0	0	0	0	0	0	0
128	4.7671321747275135	4.7671321747275135	4.7671321747275135	0	35.67705427349541	15.721669615797873	0	3241.654207385882	581.2789684318512	0	0	0	0	0	0	0	0	0
129	4.7671321747275135	4.7671321747275135	4.7671321747275135	0	35.677054273785544	15.721669615846114	0	3241.654207688798	581.2789684606869	0	0	0	0	0	0	0	0	0
130	4.7671321747275135	4.7671321747275135	4.7671321747275135	0	35.677054274064055	15.721669615892422	0	3241.6542079795186	581.2789684883609	0	0	0	0	0	0	0	0	0
131	4.7671321747275135	4.7671321747275135	4.7671321747275135	0	35.67705427433093	15.721669615936797	0	3241.6542082580427	581.2789685148731	0	0	0	0	0	0	0	0	0
132	4.7671321747275135	4.7671321747275135	4.7671321747275135	0	35.677054274586176	15.72166961597924	0	3241.6542085243705	581.2789685402237	0	0	0	0	0	0	0	0	0
133	4.7671321747275135	4.7671321747275135	4.7671321747275135	0	35.67705427482979	15.72166961601975	0	3241.6542087785015	581.2789685644125	0	0	0	0	0	0	0	0	0
134	4.7671321747275135	4.7671321747275135	4.7671321747275135	0	35.67705427506178	15.721669616058325	0	3241.6542090204366	581.2789685874395	0	0	0	0	0	0	0	1089191000611131e-21	0
135	4.7671321747275135	4.7671321747275135	4.7671321747275135	0	35.67705427528214	15.72166961609497	0	3241.6542092501754	581.2789686093048	0	0	0	0	0	0	0	1191547071289547e-21	0
136	4.7671321747275135	4.7671321747275135	4.7671321747275135	0	35.67705427549086	15.72166961612968	0	3241.6542094677175	581.2789686300084	0	0	0	0	0	0	0	12884679596122248e-22	0
137	4.7671321747275135	4.7671321747275135	4.7671321747275135	0	35.67705427568796	15.721669616162458	0	3241.6542096730636	581.2789686495503	0	0	0	0	0	0	0	1379953665579165e-21	0
138	4.7671321747275135	4.7671321747275135	4.7671321747275135	0	35.677054275873424	15.721669616193303	0	3241.654209866213	581.2789686679305	0	0	0	0	0	0	0	14660041891903667e-22	0
139	4.7671321747275135	4.7671321747275135	4.7671321747275135	0	35.67705427604726	15.721669616222217	0	3241.6542100471665	581.2789686851489	0	0	0	0	0	0	0	1546619530445829e-21	0
140	4.7671321747275135	4.7671321747275135	4.7671321747275135	0	35.67705427620946	15.721669616249196	0	3241.6542102159233	581.2789687012056	0	0	0	0	0	0	0	1621799689345555e-21	0
141	4.7671321747275135	4.7671321747275135	4.7671321747275135	0	35.67705427636003	15.721669616274243	0	3241.6542103724837	581.2789687161005	0	0	0	0	0	0	0	16915446658895408e-22	0
142	4.7671321747275135	4.7671321747275135	4.7671321747275135	0	35.67705427649898	15.721669616297357	0	3241.6542105168483	581.2789687298338	0	0	0	0	0	0	0	17558544600777906e-22	0
143	4.7671321747275135	4.7671321747275135	4.7671321747275135	0	35.677054276626286	15.721669616318538	0	3241.654210649016	581.2789687424053	0	0	0	0	0	0	0	18147290719103002e-22	0
144	4.7671321747275135	4.7671321747275135	4.7671321747275135	0	35.67705427674197	15.721669616337786	0	3241.6542107689875	581.2789687538151	0	0	0	0	0	0	0	1868168501387073e-21	0
145	4.7671321747275135	4.7671321747275135	4.7671321747275135	0	35.67705427684602	15.7216696163551	0	3241.654210876763	581.2789687640632	0	0	0	0	0	0	0	19161727485081065e-22	0
146	4.7671321747275135	4.7671321747275135	4.7671321747275135	0	35.67705427693844	15.721669616370484	0	3241.654210972342	581.2789687731495	0	0	0	0	0	0	0	1958741813273403e-21	0
147	4.7671321747275135	4.7671321747275135	4.7671321747275135	0	35.67705427701923	15.721669616383934	0	3241.6542110557243	581.278968781074	0	0	0	0	0	0	0	19958756956829595e-22	0
148	4.7671321747275135	4.7671321747275135	4.7671321747275135	0	35.677054277088395	15.72166961639545	0	3241.6542111269105	581.2789687878369	0	0	0	0	0	0	0	2027574395736779e-21	0
149	4.7671321747275135	4.7671321747275135	4.7671321747275135	0	35.67705427714592	15.721669616405034	0	3241.6542111859003	581.278968793438	0	0	0	0	0	0	0	20538379134348603e-22	0
150	4.7671321747275135	4.7671321747275135	4.7671321747275135	0	35.67705427719182	15.721669616412687	0	3241.654211232694	581.2789687978774	0	0	0	0	0	0	0	20746662487772037e-22	0
151	4.7671321747275135	4.7671321747275135	4.7671321747275135	0	35.67705427722609	15.721669616418405	0	3241.654211267291	581.2789688011551	0	0	0	0	0	0	0	2090059401763808e-21	0
152	4.7671321747275135	4.7671321747275135	4.7671321747275135	0	35.67705427724873	15.72166961642219	0	3241.654211289692	581.278968803271	0	0	0	0	0	0	0	21000173723946734e-22	0
153	4.7671321747275135	4.7671321747275135	4.7671321747275135	0	35.677054277259735	15.721669616424043	0	3241.6542112998964	581.2789688042253	0	0	0	0	0	0	0	21045401606698014e-22	0
154	4.7671321747275135	4.7671321747275135	4.7671321747275135	0	35.67705427725912	15.721669616423963	0	3241.6542112979046	581.2789688040177	0	0	0	0	0	0	0	21036277665891925e-22	0
155	4.7671321747275135	4.7671321747275135	4.7671321747275135	0	35.67705427724686	15.72166961642195	0	3241.6542112837164	581.2789688026486	0	0	0	0	0	0	0	20972801901528443e-22	0
156	4.7671321747275135	4.7671321747275135	4.7671321747275135	0	35.67705427722298	15.721669616418005	0	3241.654211257332	581.2789688001176	0	0	0	0	0	0	0	20854974313607584e-22	0
157	4.7671321747275135	4.7671321747275135	4.7671321747275135	0	35.677054277187466	15.721669616412125	0	3241.6542112187512	581.2789687964249	0	0	0	0	0	0	0	20682794902129323e-22	0
158	4.7671321747275135	4.7671321747275135	4.7671321747275135	0	35.67705427714032	15.721669616404315	0	3241.6542111679737	581.2789687915705	0	0	0	0	0	0	0	20456263667093703e-22	0
159	4.7671321747275135	4.7671321747275135	4.7671321747275135	0	35.677054277081545	15.72166961639457	0	3241.6542111050003	581.2789687855543	0	0	0	0	0	0	0	2017538060850069e-21	0
160	4.7671321747275135	4.7671321747275135	4.7671321747275135	0	35.67705427701114	15.721669616382894	0	3241.6542110298305	581.2789687783765	0	0	0	0	0	0	0	198401457263503e-20	0
161	4.7671321747275135	4.7671321747275135	4.7671321747275135	0	35.677054276929105	15.721669616369283	0	3241.654210942464	581.2789687700368	0	0	0	0	0	0	0	19450559020642514e-22	0
162	4.7671321747275135	4.7671321747275135	4.7671321747275135	0	35.677054276835435	15.72166961635374	0	3241.6542108429016	581.2789687605355	0	0	0	0	0	0	0	19006620491377362e-22	0
163	4.7671321747275135	4.7671321747275135	4.7671321747275135	0	35.67705427673014	15.721669616336264	0	3241.6542107311425	581.2789687498724	0	0	0	0	0	0	0	18508330138554825e-22	0
164	4.7671321747275135	4.7671321747275135	4.7671321747275135	0	35.67705427661321	15.721669616316857	0	3241.6542106071875	581.2789687380476	0	0	0	0	0	0	0	17955687962174902e-22	0
165	4.7671321747275135	4.7671321747275135	4.7671321747275135	0	35.677054276484654	15.721669616295515	0	3241.654210471036	581.2789687250611	0	0	0	0	0	0	0	17348693962237595e-22	0
166	4.7671321747275135	4.7671321747275135	4.7671321747275135	0	35.67705427634447	15.72166961627224	0	3241.654210322688	581.2789687109129	0	0	0	0	0	0	0	1668734813874291e-21	0
167	4.7671321747275135	4.7671321747275135	4.7671321747275135	0	35.67705427619265	15.721669616247034	0	3241.6542101621435	581.2789686956029	0	0	0	0	0	0	0	15971650491690842e-22	0
168	4.7671321747275135	4.7671321747275135	4.7671321747275135	0	35.6770542760292	15.721669616219895	0	3241.654209989403	581.2789686791311	0	0	0	0	0	0	0	15201601021081388e-22	0
169	4.7671321747275135	4.7671321747275135	4.7671321747275135	0	35.677054275854125	15.721669616190821	0	3241.654209804466	581.2789686614977	0	0	0	0	0	0	0	14377199726914557e-22	0
170	4.7671321747275135	4.7671321747275135	4.7671321747275135	0	35.677054275667416	15.721669616159817	0	3241.6542096073326	581.2789686427026	0	0	0	0	0	0	0	13498446609190337e-22	0
171	4.7671321747275135	4.7671321747275135	4.7671321747275135	0	35.677054275469075	15.721669616126878	0	3241.6542093980033	581.2789686227457	0	0	0	0	0	0	0	12565341667908745e-22	0
172	4.7671321747275135	4.7671321747275135	4.7671321747275135	0	35.6770542752591	15.721669616092008	0	3241.6542091764773	581.2789686016271	0	0	0	0	0	0	0	11577884903069763e-22	0
173	4.7671321747275135	4.7671321747275135	4.7671321747275135	0	35.677054275037506	15.721669616055204	0	3241.654208942755	581.2789685793467	0	0	0	0	0	0	0	10536076314673405e-22	0
174	4.7671321747275135	4.7671321747275135	4.7671321747275135	0	35.67705427480427	15.721669616016467	0	3241.654208696836	581.2789685559046	0	0	0	0	0	0	0	0	0
175	4.7671321747275135	4.7671321747275135	4.7671321747275135	0	35.67705427455941	15.721669615975797	0	3241.654208438721	581.2789685313008	0	0	0	0	0	0	0	0	0
176	4.7671321747275135	4.7671321747275135	4.7671321747275135	0	35.67705427430292	15.721669615933195	0	3241.6542081684097	581.2789685055353	0	0	0	0	0	0	0	0	0
177	4.7671321747275135	4.7671321747275135	4.7671321747275135	0	35.677054274034795	15.72166961588866	0	3241.654207885902	581.278968478608	0	0	0	0	0	0	0	0	0
178	4.7671321747275135	4.7671321747275135	4.7671321747275135	0	35.67705427375504	15.721669615842192	0	3241.654207591198	581.2789684505191	0	0	0	0	0	0	0	0	0
179	4.7671321747275135	4.7671321747275135	4.7671321747275135	0	35.67705427346366	15.721669615793791	0	3241.6542072842976	581.2789684212684	0	0	0	0	0	0	0	0	0
180	4.7671321747275135	4.7671321747275135	4.7671321747275135	0	35.67705427316064	15.721669615743457	0	3241.654206965201	581.2789683908559	0	0	0	0	0	0	0	0	0
181	4.7671321747275135	4.7671321747275135	4.7671321747275135	0	35.677054272950336	15.721669615708482	0	3241.654206746681	581.278968370051	0	0	0	0	0	0	0	0	0
182	4.7671321747275135	4.7671321747275135	4.7671321747275135	0	35.6770542729244	15.721669615704068	0	3241.6542067274036	581.2789683682727	0	0	0	0	0	0	0	0	0
183	4.7671321747275135	4.7671321747275135	4.7671321747275135	0	35.67705427289922	15.721669615699781	0	3241.6542067086857	581.2789683665459	0	0	0	0	0	0	0	0	0
184	4.7671321747275135	4.7671321747275135	4.7671321747275135	0	35.6770542728748	15.721669615695623	0	3241.6542066905276	581.2789683648709	0	0	0	0	0	0	0	0	0
185	4.7671321747275135	4.7671321747275135	4.7671321747275135	0	35.67705427285113	15.721669615691594	0	3241.6542066729294	581.2789683632475	0	0	0	0	0	0	0	0	0
186	4.7671321747275135	4.7671321747275135	4.7671321747275135	0	35.677054272828215	15.721669615687693	0	3241.654206655891	581.2789683616758	0	0	0	0	0	0	0	0	0
187	4.7671321747275135	4.7671321747275135	4.7671321747275135	0	35.67705427280605	15.72166961568392	0	3241.6542066394118	581.2789683601557	0	0	0	0	0	0	0	0	0
188	4.7671321747275135	4.7671321747275135	4.7671321747275135	0	35.67705427278465	15.721669615680275	0	3241.654206623493	581.2789683586872	0	0	0	0	0	0	0	0	0
189	4.7671321747275135	4.7671321747275135	4.7671321747275135	0	35.677054272764	15.72166961567676	0	3241.6542066081333	581.2789683572704	0	0	0	0	0	0	0	0	0
190	4.7671321747275135	4.7671321747275135	4.7671321747275135	0	35.6770542727441	15.721669615673372	0	3241.654206593333	581.2789683559052	0	0	0	0	0	0	0	0	0
191	4.7671321747275135	4.7671321747275135	4.7671321747275135	0	35.677054272724966	15.721669615670114	0	3241.654206579093	581.2789683545917	0	0	0	0	0	0	0	0	0
192	4.7671321747275135	4.7671321747275135	4.7671321747275135	0	35.67705427270658	15.721669615666983	0	3241.654206565413	581.2789683533299	0	0	0	0	0	0	0	0	0
193	4.7671321747275135	4.7671321747275135	4.7671321747275135	0	35.67705427268894	15.721669615663982	0	3241.654206552292	581.2789683521197	0	0	0	0	0	0	0	0	0
194	4.7671321747275135	4.7671321747275135	4.7671321747275135	0	35.677054272672066	15.721669615661108	0	3241.654206539731	581.2789683509612	0	0	0	0	0	0	0	0	0
195	4.7671321747275135	4.7671321747275135	4.7671321747275135	0	35.677054272655944	15.721669615658364	0	3241.65420652773	581.2789683498543	0	0	0	0	0	0	0	0	0
196	4.7671321747275135	4.7671321747275135	4.7671321747275135	0	35.677054272640575	15.721669615655747	0	3241.654206516288	581.278968348799	0	0	0	0	0	0	0	0	0
197	4.7671321747275135	4.7671321747275135	4.7671321747275135	0	35.677054272625966	15.721669615653258	0	3241.6542065054064	581.2789683477955	0	0	0	0	0	0	0	0	0
198	4.7671321747275135	4.7671321747275135	4.7671321747275135	0	35.67705427261211	15.721669615650898	0	3241.654206495084	581.2789683468436	0	0	0	0	0	0	0	0	0
199	4.7671321747275135	4.7671321747275135	4.7671321747275135	0	35.677054272599	15.721669615648667	0	3241.6542064853215	581.2789683459433	0	0	0	0	0	0	0	0	0
200	4.7671321747275135	4.7671321747275135	4.7671321747275135	0	35.67705427258665	15.721669615646565	0	3241.654206476119	581.2789683450947	0	0	0	0	0	0	0	0	0
201	4.7671321747275135	4.7671321747275135	4.7671321747275135	0	35.67705427257506	15.72166961564459	0	3241.654206467476	581.2789683442977	0	0	0	0	0	0	0	0	0
202	4.7671321747275135	4.7671321747275135	4.7671321747275135	0	35.67705427256422	15.721669615642744	0	3241.6542064593923	581.2789683435524	0	0	0	0	0	0	0	0	0
203	4.7671321747275135	4.7671321747275135	4.7671321747275135	0	35.67705427255414	15.721669615641026	0	3241.6542064518685	581.2789683428588	0	0	0	0	0	0	0	0	0
204	4.7671321747275135	4.7671321747275135	4.7671321747275135	0	35.67705427254481	15.721669615639437	0	3241.6542064449045	581.2789683422168	0	0	0	0	0	0	0	0	0
205	4.7671321747275135	4.7671321747275135	4.7671321747275135	0	35.67705427253623	15.721669615637976	0	3241.6542064385003	581.2789683416264	0	0	0	0	0	0	0	0	0
206	4.7671321747275135	4.7671321747275135	4.7671321747275135	0	35.67705427252841	15.721669615636644	0	3241.654206432656	581.2789683410876	0	0	0	0	0	0	0	0	0
207	4.7671321747275135	4.7671321747275135	4.7671321747275135	0	35.677054272521346	15.721669615635442	0	3241.654206427371	581.2789683406006	0	0	0	0	0	0	0	0	0
208	4.7671321747275135	4.7671321747275135	4.7671321747275135	0	35.677054272515036	15.721669615634365	0	3241.654206422646	581.2789683401652	0	0	0	0	0	0	0	0	0
209	4.7671321747275135	4.7671321747275135	4.7671321747275135	0	35.67705427250948	15.721669615633418	0	3241.6542064184805	581.2789683397815	0	0	0	0	0	0	0	0	0
210	4.7671321747275135	4.7671321747275135	4.7671321747275135	0	35.67705427250468	15.7216696156326	0	3241.6542064148744	581.2789683394494	0	0	0	0	0	0	0	0	0
211	4.7671321747275135	4.7671321747275135	4.7671321747275135	0	35.67705427250063	15.72166961563191	0	3241.6542064118285	581.278968339169	0	0	0	0	0	0	0	0	0
212	4.7671321747275135	4.7671321747275135	4.7671321747275135	0	35.67705427249734	15.721669615631349	0	3241.6542064093424	581.2789683389402	0	0	0	0	0	0	0	0	0
213	4.7671321747275135	4.7671321747275135	4.7671321747275135	0	35.6770542724948	15.721669615630915	0	3241.6542064074156	581.2789683387631	0	0	0	0	0	0	0	0	0
214	4.7671321747275135	4.7671321747275135	4.7671321747275135	0	35.67705427249302	15.721669615630612	0	3241.6542064060486	581.2789683386376	0	0	0	0	0	0	0	0	0
215	4.7671321747275135	4.7671321747275135	4.7671321747275135	0	35.677054272491986	15.721669615630434	0	3241.6542064052414	581.2789683385637	0	0	0	0	0	0	0	0	0
216	4.7671321747275135	4.7671321747275135	4.7671321747275135	0	35.677054272491716	15.721669615630388	0	3241.6542064049936	581.2789683385415	0	0	0	0	0	0	0	0	0
217	4.7671321747275135	4.7671321747275135	4.7671321747275135	0	35.67705427249219	15.721669615630468	0	3241.654206405306	581.2789683385711	0	0	0	0	0	0	0	0	0
218	4.7671321747275135	4.7671321747275135	4.7671321747275135	0	35.67705427249343	15.721669615630677	0	3241.6542064061778	581.2789683386521	0	0	0	0	0	0	0	0	0
219	4.7671321747275135	4.7671321747275135	4.7671321747275135	0	35.677054272495425	15.721669615631015	0	3241.6542064076093	581.2789683387849	0	0	0	0	0	0	0	0	0
220	4.7671321747275135	4.7671321747275135	4.7671321747275135	0	35.67705427249817	15.72166961563148	0	3241.6542064096006	581.2789683389693	0	0	0	0	0	0	0	0	0
221	4.7671321747275135	4.7671321747275135	4.7671321747275135	0	35.67705427250167	15.721669615632075	0	3241.654206412152	581.2789683392054	0	0	0	0	0	0	0	0	0
222	4.7671321747275135	4.7671321747275135	4.7671321747275135	0	35.67705427250592	15.721669615632798	0	3241.6542064152623	581.2789683394932	0	0	0	0	0	0	0	0	0
223	4.7671321747275135	4.7671321747275135	4.7671321747275135	0	35.67705427251093	15.72166961563365	0	3241.6542064189325	581.2789683398325	0	0	0	0	0	0	0	0	0
224	4.7671321747275135	4.7671321747275135	4.7671321747275135	0	35.6770542725167	15.72166961563463	0	3241.654206423163	581.2789683402236	0	0	0	0	0	0	0	0	0
225	4.7671321747275135	4.7671321747275135	4.7671321747275135	0	35.677054272523215	15.721669615635738	0	3241.6542064279524	581.2789683406663	0	0	0	0	0	0	0	0	0
226	4.7671321747275135	4.7671321747275135	4.7671321747275135	0	35.67705427253049	15.721669615636975	0	3241.654206433302	581.2789683411606	0	0	0	0	0	0	0	0	0
227	4.7671321747275135	4.7671321747275135	4.7671321747275135	0	35.67705427253852	15.721669615638339	0	3241.6542064392115	581.2789683417067	0	0	0	0	0	0	0	0	0
228	4.7671321747275135	4.7671321747275135	4.7671321747275135	0	35.6770542725473	15.721669615639833	0	3241.6542064456803	581.2789683423043	0	0	0	0	0	0	0	0	0
229	4.7671321747275135	4.7671321747275135	4.7671321747275135	0	35.67705427255684	15.721669615641455	0	3241.654206452709	581.2789683429536	0	0	0	0	0	0	0	0	0
230	4.7671321747275135	4.7671321747275135	4.7671321747275135	0	35.677054272567126	15.721669615643206	0	3241.6542064602972	581.2789683436546	0	0	0	0	0	0	0	0	0
231	4.7671321747275135	4.7671321747275135	4.7671321747275135	0	35.677054272578175	15.721669615645084	0	3241.654206468445	581.2789683444072	0	0	0	0	0	0	0	0	0
232	4.7671321747275135	4.7671321747275135	4.7671321747275135	0	35.67705427258998	15.721669615647093	0	3241.654206477153	581.2789683452114	0	0	0	0	0	0	0	0	0
233	4.7671321747275135	4.7671321747275135	4.7671321747275135	0	35.67705427260253	15.721669615649228	0	3241.65420648642	581.2789683460674	0	0	0	0	0	0	0	0	0
234	4.7671321747275135	4.7671321747275135	4.7671321747275135	0	35.67705427261585	15.721669615651493	0	3241.6542064962473	581.2789683469749	0	0	0	0	0	0	0	0	0
235	4.7671321747275135	4.7671321747275135	4.7671321747275135	0	35.67705427262991	15.721669615653886	0	3241.654206506634	581.2789683479341	0	0	0	0	0	0	0	0	0
236	4.7671321747275135	4.7671321747275135	4.7671321747275135	0	35.67705427264473	15.721669615656406	0	3241.654206517581	581.278968348945	0	0	0	0	0	0	0	0	0
237	4.7671321747275135	4.7671321747275135	4.7671321747275135	0	35.67705427266031	15.721669615659055	0	3241.654206529087	581.2789683500075	0	0	0	0	0	0	0	0	0
238	4.7671321747275135	4.7671321747275135	4.7671321747275135	0	35.677054272676635	15.721669615661833	0	3241.6542065411527	581.2789683511218	0	0	0	0	0	0	0	0	0
239	4.7671321747275135	4.7671321747275135	4.7671321747275135	0	35.677054272693724	15.72166961566474	0	3241.6542065537783	581.2789683522875	0	0	0	0	0	0	0	0	0
240	4.7671321747275135	4.7671321747275135	4.7671321747275135	0	35.67705427271156	15.721669615667775	0	3241.6542065669637	581.278968353505	0	0	0	0	0	0	0	0	0
