0	4.7671321747275135	4.7671321747275135	4.7671321747275135	0	0	0	0	0	0	0	0	0	0	0	0	0	0	0
1	4.7671321747275135	4.7671321747275135	4.7671321747275135	0	0	0	0	0	0	0	0	0	0	0	0	0	0	0
2	4.7671321747275135	4.7671321747275135	4.7671321747275135	0	0	0	0	0	0	0	0	0	0	0	0	0	0	0
3	4.7671321747275135	4.7671321747275135	4.7671321747275135	0	0	0	0	0	0	0	0	0	0	0	0	0	0	0
4	4.7671321747275135	4.7671321747275135	4.7671321747275135	0	0	0	0	0	0	0	0	0	0	0	0	0	0	0
5	4.7671321747275135	4.7671321747275135	4.7671321747275135	0	0	0	0	0	0	0	0	0	0	0	0	0	0	0
6	4.7671321747275135	4.7671321747275135	4.7671321747275135	0	0	0	0	0	0	0	0	0	0	0	0	0	0	0
7	4.7671321747275135	4.7671321747275135	4.7671321747275135	0	0	0	0	0	0	0	0	0	0	0	0	0	0	0
8	4.7671321747275135	4.7671321747275135	4.7671321747275135	0	0	0	0	0	0	0	0	0	0	0	0	0	0	0
9	4.7671321747275135	4.7671321747275135	4.7671321747275135	0	0	0	0	0	0	0	0	0	0	0	0	0	0	0
10	4.7671321747275135	4.7671321747275135	4.7671321747275135	0	0	0	0	0	0	0	0	0	0	0	0	0	0	0
11	4.7671321747275135	4.7671321747275135	4.7671321747275135	0	0	0	0	0	0	0	0	0	0	0	0	0	0	0
12	4.767132174727514	4.767132174727512	4.7671321747275135	45.59033445324279	50.646179775970545	21.11886698474535	4076.0893107406787	3731.3889219081393	643.057878299038	0	0	0	-4.360748757619889	-5.451113909734016	-2.103134820126903	-1661.3986407477346	-1491.063476865259	-255.57657285612984
13	4.7671321747275135	4.7671321747275135	4.7671321747275135	45.59161011810593	50.99028510227193	21.165777949972114	4717.333757838346	4519.061417780438	765.4155616998312	0	0	0	-4.362158515878447	-5.607449160669402	-2.1218382235125355	-2518.268599798429	-2442.5708629553756	-408.5994993089879
14	4.7671321747275135	4.7671321747275135	4.7671321747275135	45.5916101488534	51.0231730862587	21.170173194327017	4794.975516565169	4621.2208985451125	780.5994591908612	0	0	0	-4.362158582279109	-5.647961509883715	-2.12686428592049	-2699.8037627808726	-2662.2992897420763	-442.42924902437676
15	4.7671321747275135	4.7671321747275135	4.7671321747275135	45.59161014885389	51.02711758430054	21.1707075852647	4804.356099226968	4634.323446020972	782.4755492487254	0	0	0	-4.362158582280875	-5.656517703345409	-2.1279667926510872	-2731.1693242280517	-2702.9236224998463	-448.4483369187232
16	4.7671321747275135	4.7671321747275135	4.7671321747275135	45.59161014885389	51.02760005882802	21.170773942265555	4805.484771597606	4635.992962068857	782.7064471720089	0	0	0	-4.362158582280875	-5.658037691920944	-2.12816781945153	-2736.0888784470235	-2709.704825052383	-449.4173727723555
17	4.7671321747275135	4.7671321747275135	4.7671321747275135	45.59161014885388	51.02765796906335	21.170782028744355	4805.6174654719935	4636.200828938587	782.7342462684373	0	0	0	-4.362158582280875	-5.658279450951718	-2.1282004870847504	-2736.807433766837	-2710.7573302479536	-449.5625941403457
18	4.7671321747275135	4.7671321747275135	4.7671321747275135	45.59161014885389	51.02766462537689	21.170782973520552	4805.632260707329	4636.225466362552	782.7374293860756	0	0	0	-4.362158582280875	-5.658314458075772	-2.128205311115272	-2736.904870594768	-2710.9093197524176	-449.5828320646302
19	4.7671321747275135	4.7671321747275135	4.7671321747275135	45.59161014885388	51.027665148858006	21.170783049581498	4805.633412511602	4636.227585951443	782.7376888905022	0	0	0	-4.362158582280876	-5.658318355768467	-2.1282058634317798	-2736.914799537993	-2710.9262977356602	-449.5849821284599
20	4.7671321747275135	4.7671321747275135	4.7671321747275135	45.59161014885389	51.02766518737629	21.17078305543969	4805.63346463295	4636.22769862211	782.7377016302612	0	0	0	-4.362158582280875	-5.658318610648134	-2.1282059004726466	-2736.9154360847187	-2710.9275449860793	-449.5851294041186
21	4.7671321747275135	4.7671321747275135	4.7671321747275135	45.59161014885388	51.02766516066981	21.170783051594853	4805.633408152078	4636.227601761741	782.7376893279162	0	0	0	-4.362158582280876	-5.658318464755857	-2.128205880554827	-2736.9150280695135	-2710.926921055583	-449.5850454462767
22	4.7671321747275135	4.7671321747275135	4.7671321747275135	45.59161014885388	51.0276651502047	21.170783050085824	4805.633386242275	4636.227563750606	782.7376845299508	0	0	0	-4.362158582280876	-5.658318405845705	-2.128205872474012	-2736.9148650427856	-2710.9266682254756	-449.58501169411267
23	4.7671321747275135	4.7671321747275135	4.7671321747275135	45.59161014885388	51.027665155980955	21.170783050912608	4805.633398903541	4636.227584588706	782.7376872363649	0	0	0	-4.362158582280875	-5.658318433917677	-2.128205876230202	-2736.9149470045354	-2710.926786495757	-449.58502814762653
24	4.7671321747275135	4.7671321747275135	4.7671321747275135	45.59161014885389	51.027665160848244	21.170783051613242	4805.633408996821	4636.22760176162	782.737689426818	0	0	0	-4.362158582280875	-5.658318459041833	-2.128205879645645	-2736.91501835689	-2710.926894320559	-449.5850427546632
25	4.7671321747275135	4.7671321747275135	4.7671321747275135	45.59161014885389	51.027665163610415	21.170783052011796	4805.633414534702	4636.227611292898	782.7376906350557	0	0	0	-4.362158582280875	-5.658318473287291	-2.1282058815902634	-2736.915058646868	-2710.9269560110747	-449.585051049558
26	4.7671321747275135	4.7671321747275135	4.7671321747275135	45.59161014885388	51.027665166026516	21.17078305236045	4805.633419374765	4636.227619625216	782.7376916911679	0	0	0	-4.362158582280876	-5.658318485744868	-2.1282058832905784	-2736.9150938797466	-2710.927009973306	-449.5850583041564
27	4.7671321747275135	4.7671321747275135	4.7671321747275135	45.59161014885388	51.02766516809655	21.170783052659196	4805.633423517012	4636.227626758576	782.7376925951545	0	0	0	-4.362158582280876	-5.658318496414564	-2.1282058847465897	-2736.915124055525	-2710.9270562072534	-449.5850645184583
28	4.7671321747275135	4.7671321747275135	4.7671321747275135	45.59161014885388	51.02766516982051	21.170783052908046	4805.633426961441	4636.227632692977	782.7376933470155	0	0	0	-4.362158582280876	-5.658318505296381	-2.1282058859582973	-2736.915149174205	-2710.9270947129166	-449.58506969246383
29	4.7671321747275135	4.7671321747275135	4.7671321747275135	45.59161014885388	51.0276651711984	21.17078305310699	4805.633429708053	4636.227637428418	782.7376939467508	0	0	0	-4.362158582280876	-5.658318512390317	-2.1282058869257017	-2736.915169235785	-2710.9271254902956	-449.58507382617285
30	4.7671321747275135	4.7671321747275135	4.7671321747275135	45.59161014885388	51.02766517223022	21.170783053256038	4805.633431756849	4636.2276409649	782.7376943943606	0	0	0	-4.362158582280876	-5.658318517696374	-2.128205887648802	-2736.9151842402653	-2710.9271485393906	-449.58507691958545
31	4.7671321747275135	4.7671321747275135	4.7671321747275135	45.59161014885388	51.02766517291598	21.17078305335518	4805.633433107827	4636.2276433024235	782.7376946898447	0	0	0	-4.362158582280876	-5.65831852121455	-2.128205888127599	-2736.915194187646	-2710.9271638602013	-449.5850789727016
32	4.7671321747275135	4.7671321747275135	4.7671321747275135	45.59161014885388	51.02766517325566	21.17078305340442	4805.633433760989	4636.227644440987	782.7376948332032	0	0	0	-4.362158582280876	-5.658318522944846	-2.1282058883620922	-2736.915199077928	-2710.927171452728	-449.58507998552125
33	4.7671321747275135	4.7671321747275135	4.7671321747275135	45.59161014885388	51.02766517324928	21.170783053403756	4805.633433716334	4636.227644380592	782.7376948244361	0	0	0	-4.362158582280876	-5.658318522887262	-2.1282058883522823	-2736.91519891111	-2710.9271713169705	-449.5850799580445
34	4.7671321747275135	4.7671321747275135	4.7671321747275135	45.59161014885388	51.027665172896825	21.170783053353194	4805.633432973862	4636.2276431212385	782.7376946635434	0	0	0	-4.362158582280875	-5.658318521041798	-2.1282058880981687	-2736.9151936871926	-2710.9271634529287	-449.5850788902713
35	4.7671321747275135	4.7671321747275135	4.7671321747275135	45.59161014885388	51.027665172198304	21.17078305325273	4805.6334315335735	4636.227640662925	782.7376943505251	0	0	0	-4.362158582280875	-5.658318517408453	-2.1282058875997514	-2736.915183406176	-2710.927147860603	-449.58507678220167
36	4.7671321747275135	4.7671321747275135	4.7671321747275135	45.59161014885388	51.027665171153714	21.17078305310236	4805.633429395467	4636.2276370056525	782.7376938853812	0	0	0	-4.362158582280875	-5.658318511987229	-2.1282058868570304	-2736.9151680680598	-2710.927124539993	-449.5850736338356
37	4.7671321747275135	4.7671321747275135	4.7671321747275135	45.59161014885388	51.027665169763054	21.17078305290209	4805.633426559544	4636.227632149421	782.7376932681116	0	0	0	-4.362158582280875	-5.658318504778125	-2.128205885870006	-2736.915147672844	-2710.927093491099	-449.585069445173
38	4.7671321747275135	4.7671321747275135	4.7671321747275135	45.59161014885388	51.02766516802633	21.17078305265192	4805.633423025805	4636.227626094231	782.7376924987165	0	0	0	-4.362158582280875	-5.658318495781139	-2.128205884638678	-2736.9151222205287	-2710.927054713921	-449.58506421621405
39	4.7671321747275135	4.7671321747275135	4.7671321747275135	45.59161014885388	51.027665167423116	21.17078305256456	4805.6334218729935	4636.227624099673	782.7376922465769	0	0	0	-4.362158582280875	-5.658318492813571	-2.128205884236205	-2736.915113745832	-2710.9270416763143	-449.5850624679567
40	4.7671321747275135	4.7671321747275135	4.7671321747275135	45.59161014885388	51.02766516716108	21.17078305252627	4805.633421425645	4636.227623311226	782.7376921478744	0	0	0	-4.362158582280875	-5.658318491638281	-2.1282058840795672	-2736.9151103282816	-2710.927036325738	-449.5850617576404
41	4.7671321747275135	4.7671321747275135	4.7671321747275135	45.59161014885388	51.02766516691882	21.170783052490876	4805.633421012117	4636.22762258232	782.7376920566301	0	0	0	-4.362158582280875	-5.658318490551727	-2.128205883934757	-2736.915107168533	-2710.9270313783313	-449.5850611008815
42	4.7671321747275135	4.7671321747275135	4.7671321747275135	45.59161014885389	51.027665166696345	21.170783052458365	4805.63342063241	4636.227621912954	782.7376919728438	0	0	0	-4.362158582280875	-5.658318489553908	-2.1282058838017743	-2736.915104266587	-2710.927026834096	-449.5850604976799
43	4.7671321747275135	4.7671321747275135	4.7671321747275135	45.59161014885389	51.02766516649364	21.170783052428746	4805.633420286524	4636.227621303131	782.7376918965156	0	0	0	-4.362158582280875	-5.6583184886448255	-2.128205883680619	-2736.9151016224437	-2710.927022693031	-449.58505994803556
44	4.7671321747275135	4.7671321747275135	4.7671321747275135	45.59161014885389	51.02766516631072	21.170783052402015	4805.633419974458	4636.227620752848	782.7376918276456	0	0	0	-4.362158582280875	-5.658318487824479	-2.128205883571291	-2736.915099236103	-2710.9270189551366	-449.58505945194855
45	4.7671321747275135	4.7671321747275135	4.7671321747275135	45.59161014885389	51.02766516614758	21.170783052378173	4805.6334196962125	4636.227620262108	782.7376917662336	0	0	0	-4.362158582280875	-5.658318487092868	-2.128205883473791	-2736.915097107564	-2710.927015620413	-449.58505900941884
46	4.7671321747275135	4.7671321747275135	4.7671321747275135	45.59161014885389	51.02766516600421	21.17078305235722	4805.633419451788	4636.227619830908	782.7376917122798	0	0	0	-4.362158582280875	-5.658318486449993	-2.128205883388118	-2736.915095236828	-2710.9270126888596	-449.58505862044643
47	4.7671321747275135	4.7671321747275135	4.7671321747275135	45.59161014885389	51.02766516588063	21.170783052339157	4805.633419241184	4636.22761945925	782.7376916657842	0	0	0	-4.362158582280875	-5.658318485895853	-2.128205883314273	-2736.9150936238943	-2710.9270101604766	-449.5850582850313
48	4.7671321747275135	4.7671321747275135	4.7671321747275135	45.59161014885389	51.027665165776824	21.170783052323983	4805.6334190644	4636.227619147133	782.7376916267466	0	0	0	-4.362158582280875	-5.658318485430449	-2.1282058832522552	-2736.915092268763	-2710.927008035265	-449.5850580031735
49	4.7671321747275135	4.7671321747275135	4.7671321747275135	45.59161014885389	51.027665165692795	21.170783052311698	4805.633418921438	4636.227618894556	782.7376915951671	0	0	0	-4.362158582280875	-5.658318485053781	-2.128205883202065	-2736.915091171434	-2710.927006313223	-449.58505777487306
50	4.7671321747275135	4.7671321747275135	4.7671321747275135	45.59161014885389	51.02766516562855	21.1707830523023	4805.6334188122955	4636.227618701522	782.7376915710457	0	0	0	-4.362158582280875	-5.658318484765849	-2.1282058831637025	-2736.915090331908	-2710.927004994352	-449.58505760012986
51	4.7671321747275135	4.7671321747275135	4.7671321747275135	45.59161014885389	51.02766516558408	21.170783052295793	4805.633418736974	4636.227618568028	782.7376915543825	0	0	0	-4.362158582280875	-5.658318484566652	-2.1282058831371673	-2736.915089750184	-2710.927004078652	-449.58505747894395
52	4.7671321747275135	4.7671321747275135	4.7671321747275135	45.59161014885389	51.02766516555939	21.170783052292176	4805.633418695473	4636.2276184940765	782.7376915451774	0	0	0	-4.362158582280876	-5.658318484456192	-2.12820588312246	-2736.9150894262625	-2710.927003566122	-449.5850574113154
53	4.7671321747275135	4.7671321747275135	4.7671321747275135	45.59161014885389	51.02766516555448	21.170783052291444	4805.633418687793	4636.227618479666	782.7376915434304	0	0	0	-4.362158582280876	-5.658318484434467	-2.12820588311958	-2736.9150893601436	-2710.9270034567626	-449.5850573972441
54	4.7671321747275135	4.7671321747275135	4.7671321747275135	45.59161014885389	51.02766516556935	21.170783052293604	4805.633418713934	4636.2276185247965	782.7376915491415	0	0	0	-4.362158582280876	-5.6583184845014785	-2.128205883128527	-2736.915089551827	-2710.927003750574	-449.58505743673015
55	4.7671321747275135	4.7671321747275135	4.7671321747275135	45.59161014885389	51.027665165604006	21.170783052298656	4805.633418773894	4636.227618629468	782.7376915623107	0	0	0	-4.362158582280876	-5.658318484657225	-2.128205883149302	-2736.915090001313	-2710.9270044475556	-449.5850575297735
56	4.7671321747275135	4.7671321747275135	4.7671321747275135	45.59161014885388	51.02766516565843	21.170783052306593	4805.633418867676	4636.227618793681	782.737691582938	0	0	0	-4.362158582280876	-5.658318484901708	-2.128205883181905	-2736.9150907086014	-2710.927005547708	-449.5850576763741
57	4.7671321747275135	4.7671321747275135	4.7671321747275135	45.59161014885388	51.027665165732635	21.17078305231742	4805.633418995279	4636.227619017436	782.7376916110235	0	0	0	-4.362158582280876	-5.6583184852349255	-2.1282058832263346	-2736.915091673692	-2710.927007051031	-449.58505787653206
58	4.7671321747275135	4.7671321747275135	4.7671321747275135	45.59161014885388	51.027665165826626	21.17078305233114	4805.633419156701	4636.227619300732	782.7376916465671	0	0	0	-4.362158582280876	-5.6583184856568804	-2.1282058832825923	-2736.915092896585	-2710.927008957525	-449.5850581302473
59	4.7671321747275135	4.7671321747275135	4.7671321747275135	45.59161014885388	51.02766516594039	21.170783052347744	4805.633419351944	4636.227619643569	782.7376916895688	0	0	0	-4.362158582280876	-5.65831848616757	-2.1282058833506774	-2736.915094377281	-2710.927011267189	-449.5850584375199
60	4.7671321747275135	4.7671321747275135	4.7671321747275135	45.59161014885388	51.02766516607393	21.170783052367238	4805.633419581009	4636.227620045947	782.7376917400286	0	0	0	-4.362158582280877	-5.658318486766996	-2.12820588343059	-2736.915096115779	-2710.9270139800237	-449.58505879834973
61	4.7671321747275135	4.7671321747275135	4.7671321747275135	45.59161014885388	51.02766516622726	21.17078305238962	4805.6334198438935	4636.227620507867	782.7376917979465	0	0	0	-4.362158582280877	-5.6583184874551575	-2.12820588352233	-2736.9150981120797	-2710.927017096029	-449.5850592127369
62	4.7671321747275135	4.7671321747275135	4.7671321747275135	45.591610148853874	51.02766516640036	21.170783052414894	4805.633420140599	4636.227621029328	782.7376918633225	0	0	0	-4.362158582280877	-5.658318488232054	-2.1282058836258977	-2736.9151003661827	-2710.9270206152046	-449.58505968068135
63	4.7671321747275135	4.7671321747275135	4.7671321747275135	45.59161014885388	51.027665166484645	21.1707830524273	4805.633420270771	4636.227621261563	782.7376918922131	0	0	0	-4.362158582280405	-5.65831848854781	-2.12820588366889	-2736.915101380101	-2710.9270222164273	-449.5850598922884
64	4.7671321747275135	4.7671321747275135	4.7671321747275135	45.59161014885389	51.02766516653409	21.170783052434622	4805.633420341198	4636.227621388947	782.7376919079486	0	0	0	-4.3621585822799815	-5.658318488708953	-2.128205883691304	-2736.9151019413866	-2710.9270231120236	-449.5850600099803
65	4.7671321747275135	4.7671321747275135	4.7671321747275135	45.591610148853896	51.027665166571836	21.17078305244021	4805.633420395347	4636.22762148698	782.7376919200526	0	0	0	-4.362158582279737	-5.658318488836227	-2.1282058837089988	-2736.9151023738555	-2710.927023802885	-449.58506010069203
66	4.7671321747275135	4.7671321747275135	4.7671321747275135	45.5916101488539	51.027665166597885	21.170783052444065	4805.633420433217	4636.227621555661	782.737691928525	0	0	0	-4.362158582279673	-5.658318488929632	-2.1282058837219746	-2736.915102677507	-2710.9270242890116	-449.58506016442357
67	4.7671321747275135	4.7671321747275135	4.7671321747275135	45.5916101488539	51.02766516661223	21.17078305244619	4805.633420454808	4636.2276215949905	782.7376919333658	0	0	0	-4.362158582279788	-5.658318488989168	-2.128205883730231	-2736.915102852342	-2710.9270245704033	-449.585060201175
68	4.7671321747275135	4.7671321747275135	4.7671321747275135	45.5916101488539	51.027665166614874	21.170783052446577	4805.633420460122	4636.2276216049695	782.7376919345751	0	0	0	-4.362158582280083	-5.6583184890148335	-2.1282058837337683	-2736.9151028983592	-2710.9270246470605	-449.5850602109462
69	4.7671321747275135	4.7671321747275135	4.7671321747275135	45.5916101488539	51.02766516660582	21.170783052445234	4805.633420449157	4636.227621585596	782.7376919321529	0	0	0	-4.362158582280556	-5.65831848900663	-2.1282058837325866	-2736.9151028155597	-2710.927024518983	-449.58506019373726
70	4.7671321747275135	4.7671321747275135	4.7671321747275135	45.591610148853896	51.027665166585074	21.170783052442157	4805.633420421913	4636.227621536872	782.737691926099	0	0	0	-4.36215858228121	-5.658318488964557	-2.128205883726686	-2736.915102603943	-2710.9270241861705	-449.5850601495482
71	4.7671321747275135	4.7671321747275135	4.7671321747275135	45.59161014885389	51.027665166552616	21.170783052437347	4805.633420378391	4636.227621458797	782.7376919164137	0	0	0	-4.362158582282043	-5.658318488888615	-2.1282058837160656	-2736.915102263509	-2710.9270236486236	-449.58506007837894
72	4.7671321747275135	4.7671321747275135	4.7671321747275135	45.59161014885389	51.027665166552616	21.170783052437347	4805.633420378391	4636.227621458797	782.7376919164137	0	0	0	-4.362158582282043	-5.658318488888615	-2.1282058837160656	-2736.915102263509	-2710.9270236486236	-449.58506007837894
73	4.7671321747275135	4.7671321747275135	4.7671321747275135	0.0012497404632673193	50.05676854315115	20.806540237364747	729.4474784914338	4599.101045597337	777.0616359739109	0	0	0	-0.0013886861550400419	-7.041116615089858	-2.631103706180249	-1075.5352443297	-2754.241793235421	-455.9669296907423
74	4.7671321747275135	4.7671321747275135	4.7671321747275135	0	44.989549301079556	18.93466402734841	88.29687527647849	4321.1891779382095	735.0574128442057	0	0	0	-0.00047591902302878677	-14.049002230811736	-5.084365696064106	-218.64456476755657	-3097.67182599813	-505.2368517489538
75	4.7671321747275135	4.7671321747275135	4.7671321747275135	0	38.2471075782665	16.545892526447698	10.682462870941015	3732.6222743052535	648.6421865960104	0	0	0	-0.0004759074125231938	-12.04228925537103	-4.030065983605077	-37.16160782639793	-3117.6049152535584	-498.59790408462004
76	4.7671321747275135	4.7671321747275135	4.7671321747275135	0	36.09652904562614	15.843864735194074	1.2918155355489922	3372.0878052103158	598.2454661778223	0	0	0	-0.0004759074122575236	-6.957084879516923	-2.1874298339790603	-5.789801958448882	-2481.439469799236	-400.923287460133
77	4.7671321747275135	4.7671321747275135	4.7671321747275135	0	35.73742019435445	15.73786337679908	0.15564953829800204	3268.098580945318	584.5410557980349	0	0	0	-0.00047590741225751786	-5.640132632495063	-1.7648847643244423	-0.8545645529874129	-2145.0582606633593	-353.5661598297308
78	4.7671321747275135	4.7671321747275135	4.7671321747275135	0	35.68548180457726	15.72378805345992	0.018715757890561138	3246.3525992097193	581.8314476222761	0	0	0	-0.00047590741225751786	-5.398836813742608	-1.694999214720566	-0.1216839541622382	-2048.9176674546466	-340.9198320846973
79	4.7671321747275135	4.7671321747275135	4.7671321747275135	0	35.67820922802234	15.721945157508909	0.0022296170313228928	3242.4254683671047	581.3658501156234	0	0	0	-0.00047590741225751786	-5.358366088780438	-1.6841859468457347	-0.01678158590757145	-2027.363882586904	-338.2433277875802
80	4.7671321747275135	4.7671321747275135	4.7671321747275135	0	35.67720774936981	15.721704693874818	0.00025814066202095576	3241.772748022536	581.2918071352412	0	0	0	-0.00047590741225751786	-5.351608716242043	-1.6824690952684505	-0.004066447128383933	-2023.0948718614	-337.73870669940817
81	4.7671321747275135	4.7671321747275135	4.7671321747275135	0	35.677073239189276	15.721673788155217	27460550884201182e-21	3241.6708423200735	581.2807023376731	0	0	0	-0.00047590741225751786	-5.350824528923957	-1.6823070009806882	-0.0033200372297944964	-2022.3339932602473	-337.65309375487
82	4.7671321747275135	4.7671321747275135	4.7671321747275135	0	35.6770563353813	15.721670053776366	250016711611483e-20	3241.656273693639	581.2791751743631	0	0	0	-0.00047590741225751786	-5.350726530104006	-1.682288646140311	-0.0032492008935505073	-2022.2167122193357	-337.6406520722651
83	4.7671321747275135	4.7671321747275135	4.7671321747275135	0	35.677054268938235	15.721669612470334	0	3241.654235569162	581.278969865443	0	0	0	-0.00047590741225751786	-5.350713372052378	-1.682286259905622	-0.0032420258138701327	-2022.198944262971	-337.63886977364444
84	4.7671321747275135	4.7671321747275135	4.7671321747275135	0	35.67705428470395	15.721669619656609	0	3241.654206220213	581.2789682271166	0	0	0	-0.00047590741225751786	-5.350713182391574	-1.6822862297322139	-0.003241993899308774	-2022.1984170717737	-337.638832456594
85	4.7671321747275135	4.7671321747275135	4.7671321747275135	0	35.67705429556894	15.721669622136401	0	3241.654205257247	581.2789685756679	0	0	0	-0.00047590741225751786	-5.350713154951022	-1.6822862236010778	-0.003241993899308774	-2022.1983088306358	-337.638827075165
86	4.7671321747275135	4.7671321747275135	4.7671321747275135	0	35.67705427707203	15.721669616633525	0	3241.6542061256673	581.2789684963348	0	0	0	-0.00047590741225751786	-5.350713140159015	-1.6822862156347205	-0.003241993899308774	-2022.1983432707302	-337.63882880510744
87	4.7671321747275135	4.7671321747275135	4.7671321747275135	0	35.677054275069366	15.721669616171152	0	3241.654206323867	581.278968437719	0	0	0	-0.00047590741225751786	-5.350713144253069	-1.682286216475064	-0.003241993899308774	-2022.1983609777603	-337.638829676057
88	4.7671321747275135	4.7671321747275135	4.7671321747275135	0	35.677054273316486	15.721669615767263	0	3241.6542064976575	581.2789683861453	0	0	0	-0.00047590741225751786	-5.350713147870447	-1.682286217220678	-0.003241993899308774	-2022.1983765555244	-337.63883044230363
89	4.7671321747275135	4.7671321747275135	4.7671321747275135	0	35.67705427181339	15.721669615421858	0	3241.6542066470383	581.2789683416136	0	0	0	-0.00047590741225751786	-5.350713151011149	-1.6822862178715623	-0.003241993899308774	-2022.1983900040223	-337.63883110384734
90	4.7671321747275135	4.7671321747275135	4.7671321747275135	0	35.67705427056006	15.721669615134937	0	3241.6542067720093	581.2789683041237	0	0	0	-0.00047590741225751786	-5.350713153675176	-1.6822862184277168	-0.003241993899308774	-2022.1984013232538	-337.63883166068814
91	4.7671321747275135	4.7671321747275135	4.7671321747275135	0	35.67705426955652	15.7216696149065	0	3241.6542068725707	581.278968273676	0	0	0	-0.00047590741225751786	-5.350713155862527	-1.6822862188891414	-0.003241993899308774	-2022.1984105132194	-337.63883211282604
92	4.7671321747275135	4.7671321747275135	4.7671321747275135	0	35.677054268802756	15.721669614736546	0	3241.6542069487227	581.2789682502702	0	0	0	-0.00047590741225751786	-5.350713157573202	-1.6822862192558363	-0.003241993899308774	-2022.198417573919	-337.6388324602609
93	4.7671321747275135	4.7671321747275135	4.7671321747275135	0	35.677054268298775	15.721669614625077	0	3241.654207000465	581.2789682339063	0	0	0	-0.00047590741225751786	-5.350713158807201	-1.6822862195278014	-0.003241993899308774	-2022.1984225053523	-337.63883270299294
94	4.7671321747275135	4.7671321747275135	4.7671321747275135	0	35.677054268044564	15.721669614572091	0	3241.654207027797	581.2789682245846	0	0	0	-0.00047590741225751786	-5.350713159564525	-1.6822862197050368	-0.003241993899308774	-2022.1984253075193	-337.638832841022
95	4.7671321747275135	4.7671321747275135	4.7671321747275135	0	35.67705426804014	15.721669614577591	0	3241.65420703072	581.2789682223047	0	0	0	-0.00047590741225751786	-5.3507131598451725	-1.6822862197875423	-0.003241993899308774	-2022.1984259804203	-337.63883287434817
96	4.7671321747275135	4.7671321747275135	4.7671321747275135	0	35.677054268285495	15.721669614641574	0	3241.6542070092332	581.2789682270668	0	0	0	-0.00047590741225751786	-5.350713159649144	-1.6822862197753181	-0.003241993899308774	-2022.198424524055	-337.63883280297136
97	4.7671321747275135	4.7671321747275135	4.7671321747275135	0	35.67705426878062	15.721669614764041	0	3241.6542069633365	581.278968238871	0	0	0	-0.00047590741225751786	-5.35071315897644	-1.6822862196683643	-0.003241993899308774	-2022.1984209384239	-337.63883262689166
98	4.7671321747275135	4.7671321747275135	4.7671321747275135	0	35.677054269525534	15.721669614944993	0	3241.6542068930303	581.2789682577171	0	0	0	-0.00047590741225751786	-5.350713157827061	-1.6822862194666806	-0.003241993899308774	-2022.1984152235264	-337.63883234610904
99	4.7671321747275135	4.7671321747275135	4.7671321747275135	0	35.67705427052022	15.721669615184428	0	3241.6542067983146	581.2789682836052	0	0	0	-0.00047590741225751786	-5.350713156201005	-1.682286219170267	-0.003241993899308774	-2022.1984073793626	-337.63883196062346
100	4.7671321747275135	4.7671321747275135	4.7671321747275135	0	35.67705427176469	15.721669615482348	0	3241.654206679189	581.2789683165353	0	0	0	-0.00047590741225751786	-5.3507131540982735	-1.6822862187791239	-0.003241993899308774	-2022.1983974059328	-337.6388314704349
101	4.7671321747275135	4.7671321747275135	4.7671321747275135	0	35.67705427244499	15.721669615642629	0	3241.6542066131774	581.2789683353146	0	0	0	-0.00047590741225751786	-5.350713152849371	-1.6822862185360126	-0.003241993899308774	-2022.1983917257198	-337.63883119118935
102	4.7671321747275135	4.7671321747275135	4.7671321747275135	0	35.677054272473	15.721669615645425	0	3241.654206609175	581.2789683372126	0	0	0	-0.00047590741225751786	-5.350713152653748	-1.6822862184836034	-0.003241993899308774	-2022.198391162284	-337.6388311634069
103	4.7671321747275135	4.7671321747275135	4.7671321747275135	0	35.67705427250028	15.721669615648146	0	3241.6542066052766	581.2789683390617	0	0	0	-0.00047590741225751786	-5.3507131524631575	-1.6822862184325413	-0.003241993899308774	-2022.1983906133614	-337.6388311363399
104	4.7671321747275135	4.7671321747275135	4.7671321747275135	0	35.677054272526846	15.721669615650795	0	3241.654206601482	581.2789683408619	0	0	0	-0.00047590741225751786	-5.350713152277598	-1.6822862183828269	-0.003241993899308774	-2022.1983900789521	-337.63883110998836
105	4.7671321747275135	4.7671321747275135	4.7671321747275135	0	35.67705427255268	15.721669615653372	0	3241.6542065977915	581.2789683426132	0	0	0	-0.00047590741225751786	-5.350713152097071	-1.6822862183344596	-0.003241993899308774	-2022.1983895590556	-337.6388310843523
106	4.7671321747275135	4.7671321747275135	4.7671321747275135	0	35.6770542725778	15.721669615655875	0	3241.654206594205	581.2789683443156	0	0	0	-0.00047590741225751786	-5.350713151921576	-1.6822862182874398	-0.003241993899308774	-2022.1983890536724	-337.63883105943177
107	4.7671321747275135	4.7671321747275135	4.7671321747275135	0	35.6770542726022	15.721669615658305	0	3241.654206590722	581.278968345969	0	0	0	-0.00047590741225751786	-5.350713151751112	-1.6822862182417673	-0.003241993899308774	-2022.1983885628024	-337.6388310352267
108	4.7671321747275135	4.7671321747275135	4.7671321747275135	0	35.67705427262587	15.721669615660662	0	3241.6542065873427	581.2789683475735	0	0	0	-0.00047590741225751786	-5.35071315158568	-1.6822862181974423	-0.003241993899308774	-2022.1983880864454	-337.6388310117371
109	4.7671321747275135	4.7671321747275135	4.7671321747275135	0	35.677054272648824	15.721669615662947	0	3241.6542065840677	581.2789683491292	0	0	0	-0.00047590741225751786	-5.350713151425279	-1.6822862181544644	-0.003241993899308774	-2022.1983876246015	-337.63883098896304
110	4.7671321747275135	4.7671321747275135	4.7671321747275135	0	35.67705427267105	15.72166961566516	0	3241.6542065808967	581.2789683506359	0	0	0	-0.00047590741225751786	-5.35071315126991	-1.6822862181128342	-0.003241993899308774	-2022.198387177271	-337.6388309669044
111	4.7671321747275135	4.7671321747275135	4.7671321747275135	0	35.67705427269256	15.721669615667299	0	3241.6542065778294	581.2789683520937	0	0	0	-0.00047590741225751786	-5.350713151119574	-1.6822862180725513	-0.003241993899308774	-2022.1983867444533	-337.63883094556127
112	4.7671321747275135	4.7671321747275135	4.7671321747275135	0	35.67705427271334	15.721669615669365	0	3241.654206574866	581.2789683535026	0	0	0	-0.00047590741225751786	-5.3507131509742685	-1.6822862180336156	-0.003241993899308774	-2022.198386326149	-337.6388309249336
113	4.7671321747275135	4.7671321747275135	4.7671321747275135	0	35.6770542727334	15.721669615671358	0	3241.6542065720064	581.2789683548625	0	0	0	-0.00047590741225751786	-5.350713150833996	-1.6822862179960274	-0.003241993899308774	-2022.1983859223576	-337.6388309050214
114	4.7671321747275135	4.7671321747275135	4.7671321747275135	0	35.67705427275274	15.721669615673278	0	3241.654206569251	581.2789683561737	0	0	0	-0.00047590741225751786	-5.350713150698754	-1.6822862179597864	-0.003241993899308774	-2022.1983855330793	-337.6388308858247
115	4.7671321747275135	4.7671321747275135	4.7671321747275135	0	35.677054272771365	15.721669615675125	0	3241.6542065665994	581.2789683574358	0	0	0	-0.00047590741225751786	-5.350713150568544	-1.682286217924893	-0.003241993899308774	-2022.1983851583143	-337.6388308673435
116	4.7671321747275135	4.7671321747275135	4.7671321747275135	0	35.677054272789256	15.7216696156769	0	3241.6542065640515	581.2789683586491	0	0	0	-0.00047590741225751786	-5.350713150443366	-1.6822862178913467	-0.003241993899308774	-2022.1983847980625	-337.63883084957774
117	4.7671321747275135	4.7671321747275135	4.7671321747275135	0	35.67705427280643	15.7216696156786	0	3241.6542065616077	581.2789683598133	0	0	0	-0.00047590741225751786	-5.35071315032322	-1.682286217859148	-0.003241993899308774	-2022.1983844523238	-337.6388308325275
118	4.7671321747275135	4.7671321747275135	4.7671321747275135	0	35.67705427282288	15.721669615680229	0	3241.6542065592675	581.2789683609288	0	0	0	-0.00047590741225751786	-5.350713150208106	-1.6822862178282965	-0.003241993899308774	-2022.1983841210981	-337.6388308161927
119	4.7671321747275135	4.7671321747275135	4.7671321747275135	0	35.67705427283861	15.721669615681785	0	3241.6542065570316	581.2789683619953	0	0	0	-0.00047590741225751786	-5.350713150098024	-1.6822862177987925	-0.003241993899308774	-2022.1983838043857	-337.63883080057343
120	4.7671321747275135	4.7671321747275135	4.7671321747275135	0	35.67705427285362	15.721669615683268	0	3241.6542065548997	581.278968363013	0	0	0	-0.00047590741225751786	-5.3507131499929725	-1.6822862177706357	-0.003241993899308774	-2022.1983835021863	-337.6388307856696
121	4.7671321747275135	4.7671321747275135	4.7671321747275135	0	35.677054272867906	15.721669615684679	0	3241.654206552871	581.2789683639817	0	0	0	-0.00047590741225751786	-5.350713149892953	-1.6822862177438265	-0.003241993899308774	-2022.1983832145	-337.63883077148125
122	4.7671321747275135	4.7671321747275135	4.7671321747275135	0	35.67705427288146	15.721669615686015	0	3241.654206550947	581.2789683649014	0	0	0	-0.00047590741225751786	-5.350713149797966	-1.6822862177183644	-0.003241993899308774	-2022.1983829413268	-337.6388307580084
123	4.7671321747275135	4.7671321747275135	4.7671321747275135	0	35.6770542728943	15.72166961568728	0	3241.6542065491262	581.2789683657724	0	0	0	-0.00047590741225751786	-5.35071314970801	-1.68228621769425	-0.003241993899308774	-2022.198382682667	-337.638830745251
124	4.7671321747275135	4.7671321747275135	4.7671321747275135	0	35.677054272906425	15.721669615688471	0	3241.65420654741	581.2789683665943	0	0	0	-0.00047590741225751786	-5.350713149623087	-1.6822862176714826	-0.003241993899308774	-2022.19838243852	-337.63883073320915
125	4.7671321747275135	4.7671321747275135	4.7671321747275135	0	35.67705427291782	15.721669615689589	0	3241.654206545797	581.2789683673674	0	0	0	-0.00047590741225751786	-5.3507131495431945	-1.6822862176500628	-0.003241993899308774	-2022.1983822088864	-337.63883072188275
126	4.7671321747275135	4.7671321747275135	4.7671321747275135	0	35.677054272928494	15.721669615690635	0	3241.654206544288	581.2789683680915	0	0	0	-0.00047590741225751786	-5.350713149468334	-1.6822862176299902	-0.003241993899308774	-2022.1983819937657	-337.63883071127185
127	4.7671321747275135	4.7671321747275135	4.7671321747275135	0	35.67705427293845	15.721669615691606	0	3241.6542065428835	581.2789683687668	0	0	0	-0.00047590741225751786	-5.350713149398506	-1.6822862176112652	-0.003241993899308774	-2022.1983817931582	-337.6388307013764
128	4.7671321747275135	4.7671321747275135	4.7671321747275135	0	35.67705427294767	15.721669615692507	0	3241.6542065415824	581.278968369393	0	0	0	-0.00047590741225751786	-5.35071314933371	-1.6822862175938873	-0.003241993899308774	-2022.198381607064	-337.63883069219645
129	4.7671321747275135	4.7671321747275135	4.7671321747275135	0	35.677054272956184	15.721669615693333	0	3241.6542065403855	581.2789683699705	0	0	0	-0.00047590741225751786	-5.350713149273944	-1.682286217577857	-0.003241993899308774	-2022.1983814354828	-337.63883068373195
130	4.7671321747275135	4.7671321747275135	4.7671321747275135	0	35.677054272963964	15.721669615694088	0	3241.6542065392923	581.278968370499	0	0	0	-0.00047590741225751786	-5.350713149219211	-1.6822862175631739	-0.003241993899308774	-2022.1983812784147	-337.63883067598294
131	4.7671321747275135	4.7671321747275135	4.7671321747275135	0	35.67705427297103	15.721669615694768	0	3241.654206538303	581.2789683709785	0	0	0	-0.00047590741225751786	-5.3507131491695095	-1.6822862175498383	-0.003241993899308774	-2022.1983811358598	-337.6388306689495
132	4.7671321747275135	4.7671321747275135	4.7671321747275135	0	35.67705427297737	15.721669615695378	0	3241.6542065374174	581.2789683714092	0	0	0	-0.00047590741225751786	-5.35071314912484	-1.68228621753785	-0.003241993899308774	-2022.198381007818	-337.63883066263145
133	4.7671321747275135	4.7671321747275135	4.7671321747275135	0	35.677054272982986	15.721669615695912	0	3241.654206536636	581.2789683717909	0	0	0	-0.00047590741225751786	-5.350713149085203	-1.682286217527209	-0.003241993899308774	-2022.1983808942894	-337.63883065702885
134	4.7671321747275135	4.7671321747275135	4.7671321747275135	0	35.67705427298788	15.721669615696374	0	3241.6542065359586	581.2789683721238	0	0	0	-0.00047590741225751786	-5.350713149050597	-1.6822862175179154	-0.003241993899308774	-2022.1983807952738	-337.6388306521418
135	4.7671321747275135	4.7671321747275135	4.7671321747275135	0	35.67705427299206	15.721669615696765	0	3241.6542065353847	581.2789683724078	0	0	0	-0.00047590741225751786	-5.350713149021022	-1.6822862175099693	-0.003241993899308774	-2022.1983807107715	-337.6388306479702
136	4.7671321747275135	4.7671321747275135	4.7671321747275135	0	35.67705427299551	15.721669615697081	0	3241.654206534915	581.2789683726428	0	0	0	-0.00047590741225751786	-5.350713148996479	-1.6822862175033704	-0.003241993899308774	-2022.1983806407823	-337.6388306445141
137	4.7671321747275135	4.7671321747275135	4.7671321747275135	0	35.67705427299824	15.721669615697325	0	3241.6542065345493	581.2789683728289	0	0	0	-0.00047590741225751786	-5.350713148976968	-1.6822862174981188	-0.003241993899308774	-2022.198380585306	-337.6388306417735
138	4.7671321747275135	4.7671321747275135	4.7671321747275135	0	35.677054273000245	15.721669615697495	0	3241.6542065342874	581.2789683729661	0	0	0	-0.00047590741225751786	-5.350713148962489	-1.6822862174942148	-0.003241993899308774	-2022.198380544343	-337.63883063974833
139	4.7671321747275135	4.7671321747275135	4.7671321747275135	0	35.67705427300153	15.721669615697593	0	3241.654206534129	581.2789683730545	0	0	0	-0.00047590741225751786	-5.350713148953043	-1.682286217491658	-0.003241993899308774	-2022.1983805178932	-337.63883063843866
140	4.7671321747275135	4.7671321747275135	4.7671321747275135	0	35.67705427300209	15.72166961569762	0	3241.654206534075	581.2789683730939	0	0	0	-0.00047590741225751786	-5.350713148948627	-1.6822862174904487	-0.003241993899308774	-2022.1983805059565	-337.6388306378445
141	4.7671321747275135	4.7671321747275135	4.7671321747275135	0	35.677054273001936	15.721669615697571	0	3241.6542065341246	581.2789683730844	0	0	0	-0.00047590741225751786	-5.350713148949243	-1.6822862174905866	-0.003241993899308774	-2022.1983805085329	-337.6388306379658
142	4.7671321747275135	4.7671321747275135	4.7671321747275135	0	35.677054273001055	15.72166961569745	0	3241.6542065342783	581.2789683730259	0	0	0	-0.00047590741225751786	-5.350713148954891	-1.682286217492072	-0.003241993899308774	-2022.1983805256223	-337.6388306388026
143	4.7671321747275135	4.7671321747275135	4.7671321747275135	0	35.67705427299945	15.721669615697257	0	3241.6542065345357	581.2789683729186	0	0	0	-0.00047590741225751786	-5.350713148965571	-1.6822862174949047	-0.003241993899308774	-2022.198380557225	-337.63883064035485
144	4.7671321747275135	4.7671321747275135	4.7671321747275135	0	35.677054272997125	15.72166961569699	0	3241.654206534897	581.2789683727623	0	0	0	-0.00047590741225751786	-5.350713148981282	-1.682286217499085	-0.003241993899308774	-2022.1983806033409	-337.6388306426226
145	4.7671321747275135	4.7671321747275135	4.7671321747275135	0	35.67705427299408	15.721669615696651	0	3241.6542065353624	581.2789683725572	0	0	0	-0.00047590741225751786	-5.350713149002026	-1.6822862175046123	-0.003241993899308774	-2022.1983806639696	-337.6388306456058
146	4.7671321747275135	4.7671321747275135	4.7671321747275135	0	35.677054272990304	15.721669615696237	0	3241.6542065359317	581.2789683723031	0	0	0	-0.00047590741225751786	-5.3507131490278015	-1.682286217511487	-0.003241993899308774	-2022.1983807391118	-337.63883064930457
147	4.7671321747275135	4.7671321747275135	4.7671321747275135	0	35.677054272985814	15.721669615695752	0	3241.6542065366048	581.2789683720001	0	0	0	-0.00047590741225751786	-5.350713149058608	-1.6822862175197093	-0.003241993899308774	-2022.1983808287669	-337.63883065371874
148	4.7671321747275135	4.7671321747275135	4.7671321747275135	0	35.6770542729806	15.721669615695195	0	3241.654206537382	581.2789683716481	0	0	0	-0.00047590741225751786	-5.350713149094447	-1.6822862175292788	-0.003241993899308774	-2022.1983809329352	-337.6388306588484
149	4.7671321747275135	4.7671321747275135	4.7671321747275135	0	35.677054272974665	15.721669615694564	0	3241.6542065382628	581.2789683712474	0	0	0	-0.00047590741225751786	-5.350713149135317	-1.6822862175401958	-0.003241993899308774	-2022.1983810516167	-337.63883066469356
150	4.7671321747275135	4.7671321747275135	4.7671321747275135	0	35.677054272968	15.72166961569386	0	3241.6542065392478	581.2789683707977	0	0	0	-0.00047590741225751786	-5.350713149181219	-1.68228621755246	-0.003241993899308774	-2022.1983811848113	-337.6388306712542
151	4.7671321747275135	4.7671321747275135	4.7671321747275135	0	35.677054272960625	15.721669615693083	0	3241.6542065403364	581.278968370299	0	0	0	-0.00047590741225751786	-5.350713149232154	-1.6822862175660716	-0.003241993899308774	-2022.198381332519	-337.6388306785303
152	4.7671321747275135	4.7671321747275135	4.7671321747275135	0	35.67705427295252	15.721669615692234	0	3241.654206541529	581.2789683697515	0	0	0	-0.00047590741225751786	-5.3507131492881195	-1.6822862175810307	-0.003241993899308774	-2022.1983814947398	-337.63883068652194
153	4.7671321747275135	4.7671321747275135	4.7671321747275135	0	35.67705427294369	15.721669615691312	0	3241.6542065428257	581.278968369155	0	0	0	-0.00047590741225751786	-5.350713149349117	-1.682286217597337	-0.003241993899308774	-2022.1983816714737	-337.638830695229
154	4.7671321747275135	4.7671321747275135	4.7671321747275135	0	35.67705427293414	15.721669615690315	0	3241.654206544226	581.2789683685097	0	0	0	-0.00047590741225751786	-5.350713149415146	-1.6822862176149909	-0.003241993899308774	-2022.198381862721	-337.6388307046516
155	4.7671321747275135	4.7671321747275135	4.7671321747275135	0	35.677054272923876	15.721669615689247	0	3241.65420654573	581.2789683678154	0	0	0	-0.00047590741225751786	-5.350713149486207	-1.6822862176339919	-0.003241993899308774	-2022.1983820684811	-337.6388307147896
156	4.7671321747275135	4.7671321747275135	4.7671321747275135	0	35.67705427291288	15.721669615688107	0	3241.6542065473386	581.2789683670721	0	0	0	-0.00047590741225751786	-5.3507131495623	-1.6822862176543403	-0.003241993899308774	-2022.1983822887546	-337.6388307256432
157	4.7671321747275135	4.7671321747275135	4.7671321747275135	0	35.67705427290117	15.721669615686892	0	3241.6542065490507	581.2789683662801	0	0	0	-0.00047590741225751786	-5.350713149643425	-1.6822862176760363	-0.003241993899308774	-2022.198382523541	-337.6388307372122
158	4.7671321747275135	4.7671321747275135	4.7671321747275135	0	35.67705427288873	15.721669615685606	0	3241.6542065508665	581.2789683654391	0	0	0	-0.00047590741225751786	-5.350713149729581	-1.6822862176990794	-0.003241993899308774	-2022.1983827728407	-337.63883074949666
159	4.7671321747275135	4.7671321747275135	4.7671321747275135	0	35.67705427287557	15.721669615684245	0	3241.6542065527865	581.2789683645492	0	0	0	-0.00047590741225751786	-5.350713149820769	-1.68228621772347	-0.003241993899308774	-2022.1983830366535	-337.63883076249664
160	4.7671321747275135	4.7671321747275135	4.7671321747275135	0	35.67705427286169	15.721669615682812	0	3241.65420655481	581.2789683636104	0	0	0	-0.00047590741225751786	-5.350713149916989	-1.682286217749208	-0.003241993899308774	-2022.1983833149793	-337.6388307762121
161	4.7671321747275135	4.7671321747275135	4.7671321747275135	0	35.67705427284709	15.721669615681307	0	3241.654206556938	581.2789683626225	0	0	0	-0.00047590741225751786	-5.35071315001824	-1.6822862177762932	-0.003241993899308774	-2022.1983836078184	-337.638830790643
162	4.7671321747275135	4.7671321747275135	4.7671321747275135	0	35.67705427283176	15.721669615679728	0	3241.65420655917	581.278968361586	0	0	0	-0.00047590741225751786	-5.350713150124524	-1.682286217804726	-0.003241993899308774	-2022.1983839151706	-337.63883080578944
163	4.7671321747275135	4.7671321747275135	4.7671321747275135	0	35.67705427281572	15.721669615678078	0	3241.6542065615054	581.2789683605004	0	0	0	-0.00047590741225751786	-5.35071315023584	-1.682286217834506	-0.003241993899308774	-2022.1983842370357	-337.6388308216513
164	4.7671321747275135	4.7671321747275135	4.7671321747275135	0	35.67705427279895	15.721669615676353	0	3241.6542065639446	581.2789683593659	0	0	0	-0.00047590741225751786	-5.3507131503521865	-1.6822862178656335	-0.003241993899308774	-2022.1983845734142	-337.6388308382287
165	4.7671321747275135	4.7671321747275135	4.7671321747275135	0	35.677054272781454	15.721669615674555	0	3241.654206566488	581.2789683581825	0	0	0	-0.00047590741225751786	-5.350713150473565	-1.6822862178981082	-0.003241993899308774	-2022.1983849243059	-337.6388308555216
166	4.7671321747275135	4.7671321747275135	4.7671321747275135	0	35.677054272763236	15.721669615672685	0	3241.654206569135	581.2789683569503	0	0	0	-0.00047590741225751786	-5.350713150599976	-1.6822862179319302	-0.003241993899308774	-2022.1983852897106	-337.6388308735299
167	4.7671321747275135	4.7671321747275135	4.7671321747275135	0	35.6770542727443	15.721669615670743	0	3241.6542065718863	581.278968355669	0	0	0	-0.00047590741225751786	-5.350713150731418	-1.6822862179670999	-0.003241993899308774	-2022.1983856696284	-337.63883089225374
168	4.7671321747275135	4.7671321747275135	4.7671321747275135	0	35.67705427273095	15.721669615669407	0	3241.6542065737904	581.278968354768	0	0	0	-0.00047590741225751786	-5.350713150824178	-1.6822862179919345	-0.003241993899308774	-2022.1983859369957	-337.63883090543493
169	4.7671321747275135	4.7671321747275135	4.7671321747275135	0	35.677054272729954	15.72166961566941	0	3241.654206573834	581.2789683547072	0	0	0	-0.00047590741225751786	-5.350713150831376	-1.6822862179939042	-0.003241993899308774	-2022.1983859556622	-337.63883090636705
170	4.7671321747275135	4.7671321747275135	4.7671321747275135	0	35.67705427272898	15.721669615669411	0	3241.654206573876	581.278968354648	0	0	0	-0.00047590741225751786	-5.35071315083839	-1.6822862179958236	-0.003241993899308774	-2022.198385973851	-337.63883090727535
171	4.7671321747275135	4.7671321747275135	4.7671321747275135	0	35.677054272728036	15.721669615669411	0	3241.654206573917	581.2789683545903	0	0	0	-0.00047590741225751786	-5.350713150845219	-1.6822862179976927	-0.003241993899308774	-2022.1983859915617	-337.63883090815983
172	4.7671321747275135	4.7671321747275135	4.7671321747275135	0	35.67705427272711	15.721669615669413	0	3241.654206573957	581.2789683545342	0	0	0	-0.00047590741225751786	-5.350713150851864	-1.6822862179995117	-0.003241993899308774	-2022.1983860087948	-337.63883090902044
173	4.7671321747275135	4.7671321747275135	4.7671321747275135	0	35.67705427272622	15.721669615669414	0	3241.6542065739955	581.2789683544796	0	0	0	-0.00047590741225751786	-5.350713150858326	-1.6822862180012805	-0.003241993899308774	-2022.19838602555	-337.63883090985723
174	4.7671321747275135	4.7671321747275135	4.7671321747275135	0	35.67705427272534	15.721669615669416	0	3241.654206574033	581.2789683544265	0	0	0	-0.00047590741225751786	-5.350713150864602	-1.6822862180029992	-0.003241993899308774	-2022.1983860418275	-337.6388309106702
175	4.7671321747275135	4.7671321747275135	4.7671321747275135	0	35.677054272724504	15.721669615669416	0	3241.6542065740696	581.2789683543751	0	0	0	-0.00047590741225751786	-5.350713150870694	-1.6822862180046674	-0.003241993899308774	-2022.198386057627	-337.63883091145937
176	4.7671321747275135	4.7671321747275135	4.7671321747275135	0	35.67705427272368	15.721669615669418	0	3241.654206574105	581.2789683543252	0	0	0	-0.00047590741225751786	-5.3507131508766035	-1.6822862180062856	-0.003241993899308774	-2022.1983860729488	-337.63883091222465
177	4.7671321747275135	4.7671321747275135	4.7671321747275135	0	35.67705427272289	15.721669615669418	0	3241.654206574139	581.2789683542768	0	0	0	-0.00047590741225751786	-5.350713150882328	-1.6822862180078537	-0.003241993899308774	-2022.1983860877926	-337.6388309129661
178	4.7671321747275135	4.7671321747275135	4.7671321747275135	0	35.677054272722124	15.72166961566942	0	3241.6542065741723	581.2789683542301	0	0	0	-0.00047590741225751786	-5.350713150887867	-1.6822862180093714	-0.003241993899308774	-2022.1983861021586	-337.63883091368376
179	4.7671321747275135	4.7671321747275135	4.7671321747275135	0	35.67705427272138	15.721669615669422	0	3241.654206574204	581.2789683541848	0	0	0	-0.00047590741225751786	-5.350713150893224	-1.682286218010839	-0.003241993899308774	-2022.1983861160468	-337.63883091437754
180	4.7671321747275135	4.7671321747275135	4.7671321747275135	0	35.67705427272066	15.721669615669422	0	3241.654206574235	581.2789683541412	0	0	0	-0.00047590741225751786	-5.350713150898395	-1.6822862180122564	-0.003241993899308774	-2022.198386129457	-337.6388309150475
181	4.7671321747275135	4.7671321747275135	4.7671321747275135	0	35.67705427271997	15.721669615669423	0	3241.6542065742647	581.2789683540991	0	0	0	-0.00047590741225751786	-5.350713150903383	-1.6822862180136235	-0.003241993899308774	-2022.1983861423896	-337.63883091569363
182	4.7671321747275135	4.7671321747275135	4.7671321747275135	0	35.67705427271931	15.721669615669423	0	3241.6542065742933	581.2789683540585	0	0	0	-0.00047590741225751786	-5.350713150908186	-1.6822862180149405	-0.003241993899308774	-2022.1983861548445	-337.63883091631595
183	4.7671321747275135	4.7671321747275135	4.7671321747275135	0	35.67705427271867	15.721669615669425	0	3241.6542065743206	581.2789683540195	0	0	0	-0.00047590741225751786	-5.350713150912805	-1.6822862180162073	-0.003241993899308774	-2022.1983861668211	-337.6388309169144
184	4.7671321747275135	4.7671321747275135	4.7671321747275135	0	35.67705427271805	15.721669615669425	0	3241.6542065743465	581.2789683539821	0	0	0	-0.00047590741225751786	-5.35071315091724	-1.6822862180174238	-0.003241993899308774	-2022.19838617832	-337.63883091748903
185	4.7671321747275135	4.7671321747275135	4.7671321747275135	0	35.67705427271746	15.721669615669427	0	3241.654206574372	581.2789683539462	0	0	0	-0.00047590741225751786	-5.350713150921491	-1.6822862180185902	-0.003241993899308774	-2022.1983861893414	-337.6388309180398
186	4.7671321747275135	4.7671321747275135	4.7671321747275135	0	35.6770542727169	15.721669615669427	0	3241.6542065743956	581.2789683539119	0	0	0	-0.00047590741225751786	-5.350713150925557	-1.6822862180197065	-0.003241993899308774	-2022.1983861998847	-337.6388309185668
187	4.7671321747275135	4.7671321747275135	4.7671321747275135	0	35.67705427271637	15.721669615669427	0	3241.654206574419	581.2789683538791	0	0	0	-0.00047590741225751786	-5.350713150929439	-1.6822862180207723	-0.003241993899308774	-2022.1983862099503	-337.6388309190699
188	4.7671321747275135	4.7671321747275135	4.7671321747275135	0	35.67705427271586	15.721669615669429	0	3241.65420657444	581.278968353848	0	0	0	-0.00047590741225751786	-5.350713150933138	-1.6822862180217881	-0.003241993899308774	-2022.198386219538	-337.63883091954915
189	4.7671321747275135	4.7671321747275135	4.7671321747275135	0	35.67705427271537	15.721669615669429	0	3241.654206574461	581.2789683538183	0	0	0	-0.00047590741225751786	-5.3507131509366515	-1.6822862180227536	-0.003241993899308774	-2022.1983862286477	-337.63883092000464
190	4.7671321747275135	4.7671321747275135	4.7671321747275135	0	35.67705427271491	15.721669615669429	0	3241.65420657448	581.2789683537902	0	0	0	-0.00047590741225751786	-5.350713150939981	-1.682286218023669	-0.003241993899308774	-2022.1983862372797	-337.63883092043625
191	4.7671321747275135	4.7671321747275135	4.7671321747275135	0	35.67705427271447	15.72166961566943	0	3241.654206574499	581.2789683537637	0	0	0	-0.00047590741225751786	-5.350713150943126	-1.6822862180245342	-0.003241993899308774	-2022.1983862454338	-337.63883092084404
192	4.7671321747275135	4.7671321747275135	4.7671321747275135	0	35.67705427271407	15.72166961566943	0	3241.6542065745157	581.2789683537387	0	0	0	-0.00047590741225751786	-5.350713150946088	-1.682286218025349	-0.003241993899308774	-2022.1983862531101	-337.638830921228
193	4.7671321747275135	4.7671321747275135	4.7671321747275135	0	35.67705427271368	15.72166961566943	0	3241.654206574532	581.2789683537153	0	0	0	-0.00047590741225751786	-5.350713150948865	-1.682286218026114	-0.003241993899308774	-2022.1983862603086	-337.6388309215881
194	4.7671321747275135	4.7671321747275135	4.7671321747275135	0	35.67705427271333	15.721669615669432	0	3241.6542065745466	581.2789683536935	0	0	0	-0.00047590741225751786	-5.350713150951458	-1.6822862180268285	-0.003241993899308774	-2022.1983862670293	-337.6388309219244
195	4.7671321747275135	4.7671321747275135	4.7671321747275135	0	35.677054272712994	15.721669615669432	0	3241.6542065745607	581.2789683536732	0	0	0	-0.00047590741225751786	-5.350713150953867	-1.682286218027493	-0.003241993899308774	-2022.198386273272	-337.6388309222369
196	4.7671321747275135	4.7671321747275135	4.7671321747275135	0	35.67705427271269	15.721669615669432	0	3241.654206574573	581.2789683536545	0	0	0	-0.00047590741225751786	-5.350713150956091	-1.6822862180281069	-0.003241993899308774	-2022.198386279037	-337.6388309225255
197	4.7671321747275135	4.7671321747275135	4.7671321747275135	0	35.677054272712404	15.721669615669432	0	3241.654206574585	581.2789683536373	0	0	0	-0.00047590741225751786	-5.350713150958131	-1.6822862180286708	-0.003241993899308774	-2022.1983862843242	-337.63883092279025
198	4.7671321747275135	4.7671321747275135	4.7671321747275135	0	35.67705427271215	15.721669615669434	0	3241.654206574595	581.2789683536217	0	0	0	-0.00047590741225751786	-5.3507131509599875	-1.6822862180291847	-0.003241993899308774	-2022.1983862891334	-337.6388309230312
199	4.7671321747275135	4.7671321747275135	4.7671321747275135	0	35.67705427271192	15.721669615669434	0	3241.6542065746044	581.2789683536076	0	0	0	-0.00047590741225751786	-5.35071315096166	-1.682286218029648	-0.003241993899308774	-2022.1983862934649	-337.63883092324835
200	4.7671321747275135	4.7671321747275135	4.7671321747275135	0	35.677054272711715	15.721669615669434	0	3241.654206574612	581.2789683535952	0	0	0	-0.00047590741225751786	-5.350713150963148	-1.6822862180300615	-0.003241993899308774	-2022.1983862973186	-337.6388309234416
201	4.7671321747275135	4.7671321747275135	4.7671321747275135	0	35.67705427271154	15.721669615669434	0	3241.6542065746194	581.2789683535842	0	0	0	-0.00047590741225751786	-5.3507131509644505	-1.6822862180304246	-0.003241993899308774	-2022.1983863006942	-337.63883092361107
202	4.7671321747275135	4.7671321747275135	4.7671321747275135	0	35.67705427271139	15.721669615669434	0	3241.654206574625	581.2789683535749	0	0	0	-0.00047590741225751786	-5.35071315096557	-1.6822862180307376	-0.003241993899308774	-2022.1983863035923	-337.6388309237567
203	4.7671321747275135	4.7671321747275135	4.7671321747275135	0	35.67705427271126	15.721669615669434	0	3241.65420657463	581.278968353567	0	0	0	-0.00047590741225751786	-5.350713150966505	-1.6822862180310003	-0.003241993899308774	-2022.1983863060123	-337.63883092387846
204	4.7671321747275135	4.7671321747275135	4.7671321747275135	0	35.67705427271116	15.721669615669434	0	3241.6542065746335	581.2789683535608	0	0	0	-0.00047590741225751786	-5.350713150967256	-1.6822862180312128	-0.003241993899308774	-2022.1983863079547	-337.6388309239764
205	4.7671321747275135	4.7671321747275135	4.7671321747275135	0	35.67705427271108	15.721669615669434	0	3241.6542065746357	581.2789683535561	0	0	0	-0.00047590741225751786	-5.350713150967823	-1.6822862180313751	-0.003241993899308774	-2022.198386309419	-337.6388309240505
206	4.7671321747275135	4.7671321747275135	4.7671321747275135	0	35.67705427271103	15.721669615669434	0	3241.654206574637	581.278968353553	0	0	0	-0.00047590741225751786	-5.350713150968206	-1.6822862180314873	-0.003241993899308774	-2022.1983863104056	-337.6388309241008
207	4.7671321747275135	4.7671321747275135	4.7671321747275135	0	35.67705427271101	15.721669615669434	0	3241.654206574637	581.2789683535515	0	0	0	-0.00047590741225751786	-5.350713150968404	-1.6822862180315492	-0.003241993899308774	-2022.1983863109144	-337.63883092412726
208	4.7671321747275135	4.7671321747275135	4.7671321747275135	0	35.67705427271101	15.721669615669434	0	3241.654206574636	581.2789683535514	0	0	0	-0.00047590741225751786	-5.350713150968418	-1.682286218031561	-0.003241993899308774	-2022.1983863109454	-337.6388309241298
209	4.7671321747275135	4.7671321747275135	4.7671321747275135	0	35.67705427271104	15.721669615669434	0	3241.654206574634	581.278968353553	0	0	0	-0.00047590741225751786	-5.3507131509682475	-1.6822862180315223	-0.003241993899308774	-2022.1983863104983	-337.6388309241086
210	4.7671321747275135	4.7671321747275135	4.7671321747275135	0	35.67705427271109	15.721669615669434	0	3241.6542065746307	581.278968353556	0	0	0	-0.00047590741225751786	-5.350713150967893	-1.6822862180314337	-0.003241993899308774	-2022.1983863095736	-337.63883092406354
211	4.7671321747275135	4.7671321747275135	4.7671321747275135	0	35.67705427271117	15.721669615669434	0	3241.654206574626	581.2789683535607	0	0	0	-0.00047590741225751786	-5.350713150967355	-1.682286218031295	-0.003241993899308774	-2022.1983863081712	-337.6388309239947
212	4.7671321747275135	4.7671321747275135	4.7671321747275135	0	35.677054272711274	15.721669615669434	0	3241.6542065746207	581.2789683535669	0	0	0	-0.00047590741225751786	-5.350713150966632	-1.6822862180311058	-0.003241993899308774	-2022.1983863062906	-337.63883092390193
213	4.7671321747275135	4.7671321747275135	4.7671321747275135	0	35.6770542727114	15.721669615669434	0	3241.654206574614	581.2789683535747	0	0	0	-0.00047590741225751786	-5.350713150965725	-1.6822862180308664	-0.003241993899308774	-2022.1983863039325	-337.6388309237854
214	4.7671321747275135	4.7671321747275135	4.7671321747275135	0	35.67705427271156	15.721669615669434	0	3241.654206574606	581.2789683535841	0	0	0	-0.00047590741225751786	-5.350713150964634	-1.682286218030577	-0.003241993899308774	-2022.1983863010962	-337.638830923645
215	4.7671321747275135	4.7671321747275135	4.7671321747275135	0	35.677054272711736	15.721669615669434	0	3241.654206574597	581.2789683535949	0	0	0	-0.00047590741225751786	-5.350713150963359	-1.6822862180302374	-0.003241993899308774	-2022.1983862977822	-337.6388309234808
216	4.7671321747275135	4.7671321747275135	4.7671321747275135	0	35.67705427271194	15.721669615669434	0	3241.654206574587	581.2789683536074	0	0	0	-0.00047590741225751786	-5.3507131509619	-1.6822862180298475	-0.003241993899308774	-2022.1983862939906	-337.6388309232927
217	4.7671321747275135	4.7671321747275135	4.7671321747275135	0	35.677054272712176	15.721669615669434	0	3241.654206574576	581.2789683536214	0	0	0	-0.00047590741225751786	-5.350713150960256	-1.6822862180294074	-0.003241993899308774	-2022.198386289721	-337.63883092308083
218	4.7671321747275135	4.7671321747275135	4.7671321747275135	0	35.67705427271243	15.721669615669432	0	3241.6542065745634	581.278968353637	0	0	0	-0.00047590741225751786	-5.350713150958428	-1.682286218028917	-0.003241993899308774	-2022.1983862849736	-337.6388309228451
219	4.7671321747275135	4.7671321747275135	4.7671321747275135	0	35.67705427271272	15.721669615669432	0	3241.6542065745502	581.2789683536541	0	0	0	-0.00047590741225751786	-5.350713150956416	-1.6822862180283764	-0.003241993899308774	-2022.198386279748	-337.6388309225855
220	4.7671321747275135	4.7671321747275135	4.7671321747275135	0	35.67705427271302	15.721669615669432	0	3241.6542065745357	581.2789683536728	0	0	0	-0.00047590741225751786	-5.35071315095422	-1.6822862180277858	-0.003241993899308774	-2022.198386274045	-337.63883092230213
221	4.7671321747275135	4.7671321747275135	4.7671321747275135	0	35.677054272713356	15.721669615669432	0	3241.65420657452	581.278968353693	0	0	0	-0.00047590741225751786	-5.350713150951839	-1.682286218027145	-0.003241993899308774	-2022.1983862678642	-337.6388309219949
222	4.7671321747275135	4.7671321747275135	4.7671321747275135	0	35.67705427271372	15.72166961566943	0	3241.654206574503	581.2789683537148	0	0	0	-0.00047590741225751786	-5.350713150949274	-1.6822862180264537	-0.003241993899308774	-2022.1983862612053	-337.63883092166384
223	4.7671321747275135	4.7671321747275135	4.7671321747275135	0	35.6770542727141	15.72166961566943	0	3241.6542065744848	581.2789683537383	0	0	0	-0.00047590741225751786	-5.350713150946525	-1.6822862180257125	-0.003241993899308774	-2022.1983862540687	-337.6388309213089
224	4.7671321747275135	4.7671321747275135	4.7671321747275135	0	35.677054272714514	15.72166961566943	0	3241.6542065744657	581.2789683537632	0	0	0	-0.00047590741225751786	-5.350713150943593	-1.682286218024921	-0.003241993899308774	-2022.1983862464542	-337.6388309209302
225	4.7671321747275135	4.7671321747275135	4.7671321747275135	0	35.677054272714955	15.721669615669429	0	3241.654206574445	581.2789683537897	0	0	0	-0.00047590741225751786	-5.350713150940475	-1.6822862180240792	-0.003241993899308774	-2022.198386238362	-337.63883092052765
226	4.7671321747275135	4.7671321747275135	4.7671321747275135	0	35.67705427271542	15.721669615669429	0	3241.654206574424	581.2789683538177	0	0	0	-0.00047590741225751786	-5.350713150937174	-1.6822862180231875	-0.003241993899308774	-2022.1983862297918	-337.6388309201012
227	4.7671321747275135	4.7671321747275135	4.7671321747275135	0	35.67705427271591	15.721669615669429	0	3241.6542065744015	581.2789683538473	0	0	0	-0.00047590741225751786	-5.3507131509336885	-1.6822862180222453	-0.003241993899308774	-2022.1983862207437	-337.638830919651
228	4.7671321747275135	4.7671321747275135	4.7671321747275135	0	35.67705427271642	15.721669615669427	0	3241.6542065743774	581.2789683538784	0	0	0	-0.00047590741225751786	-5.3507131509300185	-1.682286218021253	-0.003241993899308774	-2022.198386211218	-337.63883091917694
229	4.7671321747275135	4.7671321747275135	4.7671321747275135	0	35.67705427271696	15.721669615669427	0	3241.654206574353	581.2789683539112	0	0	0	-0.00047590741225751786	-5.350713150926165	-1.6822862180202103	-0.003241993899308774	-2022.1983862012144	-337.638830918679
230	4.7671321747275135	4.7671321747275135	4.7671321747275135	0	35.67705427271752	15.721669615669427	0	3241.654206574327	581.2789683539454	0	0	0	-0.00047590741225751786	-5.350713150922126	-1.6822862180191176	-0.003241993899308774	-2022.198386190733	-337.6388309181573
231	4.7671321747275135	4.7671321747275135	4.7671321747275135	0	35.67705427271812	15.721669615669425	0	3241.6542065742997	581.2789683539813	0	0	0	-0.00047590741225751786	-5.350713150917904	-1.6822862180179747	-0.003241993899308774	-2022.1983861797735	-337.6388309176117
232	4.7671321747275135	4.7671321747275135	4.7671321747275135	0	35.67705427271873	15.721669615669425	0	3241.6542065742715	581.2789683540187	0	0	0	-0.00047590741225751786	-5.350713150913497	-1.6822862180167817	-0.003241993899308774	-2022.1983861683364	-337.6388309170423
233	4.7671321747275135	4.7671321747275135	4.7671321747275135	0	35.677054272719374	15.721669615669423	0	3241.654206574242	581.2789683540576	0	0	0	-0.00047590741225751786	-5.3507131509089065	-1.6822862180155382	-0.003241993899308774	-2022.1983861564213	-337.6388309164491
234	4.7671321747275135	4.7671321747275135	4.7671321747275135	0	35.67705427272004	15.721669615669423	0	3241.6542065742115	581.2789683540982	0	0	0	-0.00047590741225751786	-5.350713150904131	-1.6822862180142448	-0.003241993899308774	-2022.1983861440285	-337.638830915832
235	4.7671321747275135	4.7671321747275135	4.7671321747275135	0	35.67705427272069	15.721669615669422	0	3241.6542065741855	581.2789683541369	0	0	0	-0.00047590741225751786	-5.350713150899112	-1.682286218012894	-0.003241993899308774	-2022.198386132021	-337.6388309152223
236	4.7671321747275135	4.7671321747275135	4.7671321747275135	0	35.67705427272098	15.721669615669422	0	3241.6542065741937	581.278968354152	0	0	0	-0.00047590741225751786	-5.350713150894632	-1.6822862180117883	-0.003241993899308774	-2022.1983861264696	-337.6388309148764
237	4.7671321747275135	4.7671321747275135	4.7671321747275135	0	35.677054272721165	15.721669615669422	0	3241.6542065742	581.2789683541617	0	0	0	-0.00047590741225751786	-5.350713150891931	-1.6822862180112341	-0.003241993899308774	-2022.198386122844	-337.6388309146594
238	4.7671321747275135	4.7671321747275135	4.7671321747275135	0	35.67705427272123	15.72166961566942	0	3241.654206574204	581.2789683541662	0	0	0	-0.00047590741225751786	-5.350713150891009	-1.682286218011231	-0.003241993899308774	-2022.1983861211445	-337.6388309145712
239	4.7671321747275135	4.7671321747275135	4.7671321747275135	0	35.677054272721186	15.721669615669416	0	3241.6542065742065	581.2789683541653	0	0	0	-0.00047590741225751786	-5.350713150891865	-1.6822862180117795	-0.003241993899308774	-2022.198386121371	-337.6388309146119
240	4.7671321747275135	4.7671321747275135	4.7671321747275135	0	35.67705427272102	15.721669615669411	0	3241.654206574207	581.278968354159	0	0	0	-0.00047590741225751786	-5.3507131508945	-1.682286218012879	-0.003241993899308774	-2022.198386123523	-337.63883091478135
