0	4.7671321747275135	4.7671321747275135	4.7671321747275135	0	0	0	0	0	0	0	0	0	0	0	0	0	0	0
1	4.7671321747275135	4.7671321747275135	4.7671321747275135	0	0	0	0	0	0	0	0	0	0	0	0	0	0	0
2	4.7671321747275135	4.7671321747275135	4.7671321747275135	0	0	0	0	0	0	0	0	0	0	0	0	0	0	0
3	4.7671321747275135	4.7671321747275135	4.7671321747275135	0	0	0	0	0	0	0	0	0	0	0	0	0	0	0
4	4.7671321747275135	4.7671321747275135	4.7671321747275135	0	0	0	0	0	0	0	0	0	0	0	0	0	0	0
5	4.7671321747275135	4.7671321747275135	4.7671321747275135	0	0	0	0	0	0	0	0	0	0	0	0	0	0	0
6	4.7671321747275135	4.7671321747275135	4.7671321747275135	0	0	0	0	0	0	0	0	0	0	0	0	0	0	0
7	4.7671321747275135	4.7671321747275135	4.7671321747275135	0	0	0	0	0	0	0	0	0	0	0	0	0	0	0
8	4.7671321747275135	4.7671321747275135	4.7671321747275135	0	0	0	0	0	0	0	0	0	0	0	0	0	0	0
9	4.7671321747275135	4.7671321747275135	4.7671321747275135	0	0	0	0	0	0	0	0	0	0	0	0	0	0	0
10	4.7671321747275135	4.7671321747275135	4.7671321747275135	0	0	0	0	0	0	0	0	0	0	0	0	0	0	0
11	4.7671321747275135	4.7671321747275135	4.7671321747275135	0	0	0	0	0	0	0	0	0	0	0	0	0	0	0
12	4.767132174727513	4.767132174727513	4.7671321747275135	45.59033897407702	50.64621131876256	21.11887411522633	4076.1105086931293	3731.4126199128914	643.0618194933701	0	0	0	0.2532796609659756	0.290929509880497	0.11863701719113928	22.642226301676324	21.940435014488035	3.675647997734203
13	4.7671321747275135	4.7671321747275135	4.7671321747275135	45.59161011814426	50.99028582330705	21.165778057609113	4717.332830079734	4519.060371253885	765.4153940011685	0	0	0	0.2532867228786111	0.2910499677239829	0.11861920899195992	26.204066849264617	25.894293458490864	4.299611284416224
14	4.7671321747275135	4.7671321747275135	4.7671321747275135	45.59161014885351	51.0231813217368	21.170174312046697	4794.9902927849425	4621.23998874045	780.6023301229136	0	0	0	0.25328672304923106	0.29105619929176785	0.11861669180730745	26.635435952629027	26.374808430025563	4.374989423763129
15	4.7671321747275135	4.7671321747275135	4.7671321747275135	45.59161014885388	51.02712270236541	21.17070827099489	4804.369292567958	4634.341560766267	782.4781704761499	0	0	0	0.25328672304923966	0.29105656677228	0.11861630541161788	26.687534110177843	26.432948114477874	4.38406615844213
16	4.7671321747275135	4.7671321747275135	4.7671321747275135	45.59161014885389	51.027602105245045	21.170774223746392	4805.489187587668	4635.999332179344	782.7073414723802	0	0	0	0.2532867230492396	0.291056549937244	0.11861624505456975	26.693754865958798	26.439893620524103	4.385145757068021
17	4.7671321747275135	4.7671321747275135	4.7671321747275135	45.59161014885388	51.02765865822666	21.170782123655293	4805.619252355261	4636.20358849377	782.7346183314417	0	0	0	0.2532867230492397	0.2910565441719968	0.11861623686910627	26.694477345435796	26.44069947767638	4.385270499222016
18	4.7671321747275135	4.7671321747275135	4.7671321747275135	45.59161014885388	51.02766466849984	21.170782979234907	4805.632418896413	4636.225721126516	782.7374629165425	0	0	0	0.2532867230492397	0.2910565413604547	0.11861623560375256	26.69455048250032	26.440780782856997	4.385283031345973
19	4.7671321747275135	4.7671321747275135	4.7671321747275135	45.59161014885389	51.02766534254476	21.170783077622243	4805.633839244057	4636.228350001757	782.7377837543593	0	0	0	0.25328672304923966	0.29105654090242117	0.11861623542983084	26.6945583721889	26.440789492892687	4.38528436578531
20	4.7671321747275135	4.7671321747275135	4.7671321747275135	45.59161014885388	51.02766521721033	21.17078305977621	4805.633526952023	4636.227811763779	782.7377155743062	0	0	0	0.25328672304923966	0.2910565407915693	0.11861623543079743	26.694556637489324	26.44078755940267	4.385284068751988
21	4.7671321747275135	4.7671321747275135	4.7671321747275135	45.59161014885388	51.027665128333844	21.170783046956156	4805.633336472768	4636.227480042112	782.7376737861994	0	0	0	0.25328672304923966	0.2910565408463102	0.11861623545249632	26.694555579431437	26.44078638217217	4.3852838879196
22	4.7671321747275135	4.7671321747275135	4.7671321747275135	45.59161014885388	51.02766508419599	21.17078304057887	4805.633243250276	4636.227316652589	782.7376532732349	0	0	0	0.25328672304923966	0.2910565408790628	0.11861623546412157	26.694555061604547	26.440785807054247	4.385283799545183
23	4.7671321747275135	4.7671321747275135	4.7671321747275135	45.59161014885388	51.02766508479676	21.170783040644352	4805.633247284546	4636.227321595211	782.7376540354127	0	0	0	0.25328672304923966	0.2910565408898271	0.1186162354656732	26.694555084008645	26.440785834048896	4.385283803628736
24	4.7671321747275135	4.7671321747275135	4.7671321747275135	45.59161014885389	51.02766513013615	21.170783047152604	4805.6333485755795	4636.227494869976	782.7376760727329	0	0	0	0.2532867230492396	0.2910565408786031	0.11861623545715115	26.694555646643742	26.44078646315612	4.3852839001702595
25	4.7671321747275135	4.7671321747275135	4.7671321747275135	45.59161014885389	51.027665140721034	21.17078304868708	4805.63336960636	4636.227531821618	782.7376807058158	0	0	0	0.2532867230492396	0.29105654086502425	0.11861623545348415	26.694555763468355	26.44078659254054	4.385283920080035
26	4.7671321747275135	4.7671321747275135	4.7671321747275135	45.59161014885389	51.027665150220976	21.17078305006465	4805.633388418177	4636.227564898769	782.7376848514965	0	0	0	0.25328672304923966	0.29105654085256843	0.11861623545015243	26.694555867966873	26.44078670823778	4.385283937885462
27	4.7671321747275135	4.7671321747275135	4.7671321747275135	45.59161014885389	51.027665158850404	21.170783051316068	4805.633405495259	4636.227594929663	782.737688615119	0	0	0	0.25328672304923966	0.29105654084120486	0.1186162354471191	26.694555962828993	26.440786813256498	4.385283954048142
28	4.7671321747275135	4.7671321747275135	4.7671321747275135	45.59161014885388	51.02766516660932	21.170783052441333	4805.633420837605	4636.227621914299	782.7376919966832	0	0	0	0.25328672304923966	0.2910565408309336	0.11861623544438418	26.694556048054714	26.440786907596692	4.385283968568075
29	4.7671321747275135	4.7671321747275135	4.7671321747275135	45.59161014885388	51.027665173497724	21.17078305344045	4805.633434445217	4636.227645852678	782.7376949961892	0	0	0	0.25328672304923966	0.2910565408217546	0.11861623544194766	26.69455612364404	26.44078699125837	4.38528398144526
30	4.7671321747275135	4.7671321747275135	4.7671321747275135	45.59161014885388	51.027665179515616	21.17078305431341	4805.633446318095	4636.2276667447995	782.7376976136369	0	0	0	0.25328672304923966	0.29105654081366783	0.11861623543980955	26.69455618959697	26.440787064241526	4.3852839926797
31	4.7671321747275135	4.7671321747275135	4.7671321747275135	45.59161014885388	51.027665184663	21.170783055060223	4805.633456456237	4636.227684590665	782.7376998490264	0	0	0	0.25328672304923966	0.29105654080667337	0.11861623543796984	26.694556245913503	26.44078712654616	4.385284002271391
32	4.7671321747275135	4.7671321747275135	4.7671321747275135	45.59161014885388	51.02766518893987	21.170783055680882	4805.633464859645	4636.227699390273	782.7377017023578	0	0	0	0.25328672304923966	0.2910565408007712	0.11861623543642855	26.694556292593642	26.440787178172275	4.385284010220335
33	4.7671321747275135	4.7671321747275135	4.7671321747275135	45.59161014885388	51.02766519234623	21.170783056175395	4805.633471528317	4636.227711143624	782.7377031736307	0	0	0	0.2532867230492397	0.29105654079596127	0.11861623543518565	26.69455632963738	26.44078721911987	4.385284016526532
34	4.7671321747275135	4.7671321747275135	4.7671321747275135	45.59161014885388	51.027665194882076	21.17078305654375	4805.633476462256	4636.227719850718	782.7377042628455	0	0	0	0.2532867230492397	0.29105654079224363	0.11861623543424116	26.69455635704472	26.440787249388944	4.385284021189982
35	4.7671321747275135	4.7671321747275135	4.7671321747275135	45.59161014885388	51.02766519654741	21.17078305678596	4805.633479661459	4636.227725511554	782.737704970002	0	0	0	0.2532867230492397	0.29105654078961823	0.11861623543359506	26.69455637481567	26.440787268979495	4.3852840242106845
36	4.7671321747275135	4.7671321747275135	4.7671321747275135	45.59161014885388	51.02766519734224	21.170783056902017	4805.633481125928	4636.227728126134	782.7377052951003	0	0	0	0.25328672304923966	0.2910565407880852	0.11861623543324737	26.694556382950218	26.440787277891527	4.38528402558864
37	4.7671321747275135	4.7671321747275135	4.7671321747275135	45.59161014885388	51.02766519726655	21.17078305689192	4805.633480855662	4636.227727694457	782.7377052381404	0	0	0	0.25328672304923966	0.29105654078764437	0.11861623543319809	26.694556381448372	26.44078727612504	4.385284025323848
38	4.7671321747275135	4.7671321747275135	4.7671321747275135	45.59161014885388	51.02766519632035	21.170783056755674	4805.633478850661	4636.227724216522	782.7377047991222	0	0	0	0.25328672304923966	0.2910565407882958	0.11861623543344722	26.694556370310128	26.440787263680033	4.385284023416309
39	4.7671321747275135	4.7671321747275135	4.7671321747275135	45.59161014885388	51.02766519450364	21.170783056493278	4805.633475110925	4636.227717692331	782.7377039780458	0	0	0	0.25328672304923966	0.2910565407900395	0.11861623543399474	26.694556349535485	26.440787240556503	4.385284019866023
40	4.7671321747275135	4.7671321747275135	4.7671321747275135	45.59161014885388	51.02766519181642	21.170783056104728	4805.633469636455	4636.227708121882	782.7377027749111	0	0	0	0.25328672304923966	0.2910565407928755	0.11861623543484068	26.694556319124448	26.440787206754454	4.38528401467299
41	4.7671321747275135	4.7671321747275135	4.7671321747275135	45.59161014885388	51.02766518825868	21.17078305559003	4805.6334624272495	4636.227695505176	782.7377011897182	0	0	0	0.25328672304923966	0.2910565407968038	0.11861623543598501	26.694556279077013	26.440787162273885	4.3852840078372095
42	4.7671321747275135	4.7671321747275135	4.7671321747275135	45.59161014885388	51.027665183830436	21.17078305494918	4805.6334534833095	4636.227679842214	782.7376992224671	0	0	0	0.25328672304923966	0.29105654080182436	0.11861623543742775	26.694556229393182	26.440787107114794	4.385283999358682
43	4.7671321747275135	4.7671321747275135	4.7671321747275135	45.59161014885388	51.02766517853168	21.170783054182177	4805.633442804635	4636.2276611329935	782.7376968731577	0	0	0	0.2532867230492396	0.2910565408079372	0.1186162354391689	26.694556170072953	26.440787041277183	4.385283989237408
44	4.7671321747275135	4.7671321747275135	4.7671321747275135	45.59161014885388	51.02766517236241	21.170783053289025	4805.633430391225	4636.227639377516	782.73769414179	0	0	0	0.2532867230492396	0.2910565408151423	0.11861623544120845	26.69455610111633	26.440786964761053	4.385283977473386
45	4.7671321747275135	4.7671321747275135	4.7671321747275135	45.59161014885388	51.02766516984444	21.17078305292249	4805.633425652434	4636.227631008175	782.7376930952446	0	0	0	0.2532867230492396	0.29105654081958837	0.11861623544225444	26.694556074792043	26.44078693575312	4.385283972998713
46	4.7671321747275135	4.7671321747275135	4.7671321747275135	45.59161014885388	51.02766516887554	21.170783052779708	4805.6334241157065	4636.227628234384	782.7376927522819	0	0	0	0.2532867230492396	0.2910565408226152	0.11861623544284346	26.69455606625521	26.440786926534738	4.38528397156274
47	4.7671321747275135	4.7671321747275135	4.7671321747275135	45.59161014885388	51.02766516797955	21.170783052647664	4805.633422694575	4636.227625669008	782.7376924351033	0	0	0	0.2532867230492396	0.2910565408254122	0.1186162354433876	26.694556058360586	26.4407869180103	4.3852839702348065
48	4.7671321747275135	4.7671321747275135	4.7671321747275135	45.59161014885389	51.02766516715646	21.170783052526364	4805.633421389038	4636.227623312048	782.737692143709	0	0	0	0.2532867230492396	0.2910565408279795	0.11861623544388689	26.694556051108172	26.440786910179803	4.385283969014912
49	4.7671321747275135	4.7671321747275135	4.7671321747275135	45.59161014885389	51.02766516640627	21.170783052415807	4805.633420199097	4636.2276211635035	782.7376918780986	0	0	0	0.2532867230492396	0.291056540830317	0.11861623544434131	26.69455604449796	26.44078690304325	4.385283967903057
50	4.7671321747275135	4.7671321747275135	4.7671321747275135	45.59161014885389	51.027665165729	21.17078305231599	4805.633419124751	4636.227619223375	782.7376916382726	0	0	0	0.25328672304923955	0.29105654083242477	0.11861623544475089	26.69455603852996	26.44078689660064	4.385283966899239
51	4.7671321747275135	4.7671321747275135	4.7671321747275135	45.59161014885389	51.02766516512463	21.170783052226916	4805.6334181659995	4636.2276174916615	782.7376914242307	0	0	0	0.25328672304923955	0.29105654083430277	0.1186162354451156	26.694556033204165	26.44078689085197	4.385283966003461
52	4.7671321747275135	4.7671321747275135	4.7671321747275135	45.59161014885389	51.02766516459317	21.170783052148582	4805.633417322844	4636.227615968363	782.7376912359729	0	0	0	0.25328672304923955	0.29105654083595106	0.11861623544543544	26.694556028520577	26.440786885797248	4.385283965215722
53	4.7671321747275135	4.7671321747275135	4.7671321747275135	45.59161014885389	51.0276651641346	21.170783052080992	4805.633416595285	4636.227614653481	782.7376910734994	0	0	0	0.25328672304923955	0.29105654083736954	0.11861623544571044	26.694556024479194	26.440786881436466	4.385283964536021
54	4.7671321747275135	4.7671321747275135	4.7671321747275135	45.59161014885389	51.02766516374895	21.17078305202414	4805.63341598332	4636.227613547015	782.7376909368099	0	0	0	0.2532867230492396	0.29105654083855825	0.11861623544594056	26.694556021080018	26.44078687776963	4.385283963964359
55	4.7671321747275135	4.7671321747275135	4.7671321747275135	45.59161014885389	51.027665163436204	21.17078305197803	4805.633415486952	4636.227612648963	782.7376908259047	0	0	0	0.2532867230492396	0.2910565408395172	0.11861623544612585	26.694556018323052	26.440786874796736	4.385283963500736
56	4.7671321747275135	4.7671321747275135	4.7671321747275135	45.59161014885389	51.02766516319636	21.170783051942667	4805.633415106178	4636.227611959328	782.7376907407835	0	0	0	0.2532867230492396	0.29105654084024646	0.11861623544626626	26.694556016208292	26.440786872517783	4.385283963145152
57	4.7671321747275135	4.7671321747275135	4.7671321747275135	45.59161014885389	51.027665163029425	21.17078305191804	4805.633414841001	4636.227611478108	782.7376906814466	0	0	0	0.2532867230492396	0.2910565408407459	0.11861623544636181	26.69455601473574	26.440786870932772	4.385283962897607
58	4.7671321747275135	4.7671321747275135	4.7671321747275135	45.59161014885389	51.02766516293539	21.17078305190416	4805.633414691418	4636.227611205304	782.7376906478938	0	0	0	0.2532867230492396	0.2910565408410156	0.1186162354464125	26.694556013905395	26.440786870041705	4.385283962758101
59	4.7671321747275135	4.7671321747275135	4.7671321747275135	45.59161014885389	51.02766516291427	21.170783051901015	4805.63341465743	4636.227611140915	782.7376906401252	0	0	0	0.2532867230492396	0.29105654084105553	0.11861623544641833	26.694556013717254	26.440786869844583	4.385283962726633
60	4.7671321747275135	4.7671321747275135	4.7671321747275135	45.59161014885389	51.02766516296605	21.170783051908618	4805.633414739038	4636.227611284941	782.7376906581408	0	0	0	0.2532867230492396	0.29105654084086574	0.11861623544637931	26.694556014171322	26.440786870341405	4.3852839628032045
61	4.7671321747275135	4.7671321747275135	4.7671321747275135	45.59161014885389	51.02766516309074	21.17078305192696	4805.633414936242	4636.227611637384	782.7376907019404	0	0	0	0.2532867230492396	0.29105654084044613	0.11861623544629543	26.694556015267597	26.44078687153217	4.385283962987814
62	4.7671321747275135	4.7671321747275135	4.7671321747275135	45.59161014885388	51.027665163288326	21.170783051956043	4805.633415249041	4636.227612198242	782.7376907715243	0	0	0	0.25328672304923966	0.2910565408397968	0.11861623544616669	26.69455601700608	26.440786873416872	4.385283963280464
63	4.7671321747275135	4.7671321747275135	4.7671321747275135	45.59161014885388	51.02766516355882	21.17078305199587	4805.633415677436	4636.227612967516	782.7376908668923	0	0	0	0.25328672304923966	0.2910565408389177	0.11861623544599309	26.69455601938677	26.44078687599552	4.385283963681151
64	4.7671321747275135	4.7671321747275135	4.7671321747275135	45.59161014885388	51.02766516390223	21.170783052046435	4805.633416221425	4636.227613945204	782.7376909880445	0	0	0	0.25328672304923966	0.29105654083780885	0.11861623544577463	26.694556022409664	26.440786879268114	4.3852839641898775
65	4.7671321747275135	4.7671321747275135	4.7671321747275135	45.59161014885388	51.027665164318535	21.170783052107744	4805.633416881011	4636.227615131309	782.7376911349809	0	0	0	0.25328672304923966	0.29105654083647026	0.11861623544551131	26.694556026074768	26.44078688323465	4.385283964806643
66	4.7671321747275135	4.7671321747275135	4.7671321747275135	45.59161014885388	51.02766516480775	21.170783052179793	4805.633417656191	4636.227616525829	782.7376913077013	0	0	0	0.2532867230492397	0.29105654083490184	0.11861623544520312	26.694556030382078	26.44078688789513	4.385283965531447
67	4.7671321747275135	4.7671321747275135	4.7671321747275135	45.59161014885388	51.027665165369875	21.170783052262585	4805.633418546967	4636.227618128765	782.737691506206	0	0	0	0.2532867230492397	0.2910565408331037	0.11861623544485009	26.694556035331598	26.44078689324955	4.38528396636429
68	4.7671321747275135	4.7671321747275135	4.7671321747275135	45.591610148853874	51.0276651660049	21.17078305235612	4805.633419553339	4636.227619940117	782.7376917304948	0	0	0	0.2532867230492397	0.29105654083107585	0.11861623544445218	26.69455604092332	26.440786899297912	4.385283967305172
69	4.7671321747275135	4.7671321747275135	4.7671321747275135	45.591610148853896	51.02766516650507	21.170783052430497	4805.633420237383	4636.22762118723	782.737691883915	0	0	0	0.2532867230491836	0.29105654082945015	0.11861623544422438	26.694556044708204	26.440786903351253	4.385283967945437
70	4.7671321747275135	4.7671321747275135	4.7671321747275135	45.5916101488539	51.02766516669505	21.170783052458802	4805.6334205047415	4636.227621682988	782.7376919443833	0	0	0	0.25328672304919225	0.2910565408288199	0.11861623544410219	26.694556046192638	26.440786904912674	4.38528396819391
71	4.7671321747275135	4.7671321747275135	4.7671321747275135	45.59161014885388	51.02766516660182	21.17078305244465	4805.633420453602	4636.227621597522	782.737691933381	0	0	0	0.2532867230492983	0.2910565408291121	0.11861623544402077	26.694556045930845	26.440786904597463	4.385283968141748
72	4.7671321747275135	4.7671321747275135	4.7671321747275135	45.59161014885388	51.02766516660182	21.17078305244465	4805.633420453602	4636.227621597522	782.737691933381	0	0	0	0.2532867230492983	0.2910565408291121	0.11861623544402077	26.694556045930845	26.440786904597463	4.385283968141748
73	4.7671321747275135	4.7671321747275135	4.7671321747275135	0.0012447812798840798	50.056508094951845	20.806442635234603	729.4256615544871	4599.09794971181	777.0611603449624	0	0	0	6915451554927728e-21	0.29099366281021954	0.11844747523662401	4.051905664249144	26.442600474793014	4.3833441641832644
74	4.7671321747275135	4.7671321747275135	4.7671321747275135	0	44.990946579557985	18.935167689879247	88.28746196181437	4321.2373218305565	735.0646094255102	0	0	0	2009130920355629e-21	0.2798825301235574	0.11337432682384266	0.4904229204597665	26.041535621817374	4.302748350021072
75	4.7671321747275135	4.7671321747275135	4.7671321747275135	0	38.247099843784234	16.545861012932637	10.677003015057622	3732.6261566260323	648.6423467657585	0	0	0	2009070535387017e-21	0.23892994349251562	0.09701715288303307	0.059309066697663754	23.326830557143413	3.847923208357452
76	4.7671321747275135	4.7671321747275135	4.7671321747275135	0	36.095015265533554	15.843354663117486	1.2856118027102923	3371.9450118865398	598.2239523713087	0	0	0	20090705340809107e-22	0.22067597591477162	0.09027376867041985	0.007141370668029664	20.770851366428552	3.4470482733053185
77	4.7671321747275135	4.7671321747275135	4.7671321747275135	0	35.73717071542009	15.737787928547496	0.15483828641996966	3268.0363980773286	584.5326249886286	0	0	0	2009070534080898e-21	0.21758896490209334	0.08922970961286769	0.0008601022443916965	19.939292926889703	3.323531981352922
78	4.7671321747275135	4.7671321747275135	4.7671321747275135	0	35.68539840518449	15.723764813977608	0.018483185616070562	3246.320490179646	581.8273518558244	0	0	0	2009070534080898e-21	0.21716488100996514	0.0890975755264643	0.0001026711790698418	19.761702768611364	3.298436642697096
79	4.7671321747275135	4.7671321747275135	4.7671321747275135	0	35.6781787979228	15.72193740506335	0.002159506082445318	3242.4107604524684	581.3640690385072	0	0	0	2009070534080898e-21	0.21710937190631727	0.08908146072649727	11995715473417553e-21	19.730038272903936	3.2941595688944862
80	4.7671321747275135	4.7671321747275135	4.7671321747275135	0	35.67719656330473	15.721701982778095	0.00023542557664035107	3241.76607306972	581.2910347060414	0	0	0	2009070534080898e-21	0.21710213506395634	0.08907947720919943	24761223627815314e-22	19.72492609249859	3.2934970882871815
81	4.7671321747275135	4.7671321747275135	4.7671321747275135	0	35.6770707663757	15.721673203983888	22804555599725644e-21	3241.669029239504	581.2805006184076	0	0	0	2009070534080898e-21	0.21710144327271802	0.08907931413151568	1985975409829461e-21	19.724187220762317	3.2934053276217385
82	4.7671321747275135	4.7671321747275135	4.7671321747275135	0	35.67705478694399	15.72166970903857	0	3241.655030600046	581.2790423098678	0	0	0	2009070534080898e-21	0.21710137439048297	0.08907929916999265	1939292235206411e-21	19.72408985454269	3.2933938085948418
83	4.7671321747275135	4.7671321747275135	4.7671321747275135	0	35.67705427051759	15.721669614743435	0	3241.654123878028	581.2789603904248	0	0	0	2009070534080898e-21	0.21710137282921518	0.08907929893561285	1939035171862828e-21	19.724085636079995	3.2933934196767383
84	4.7671321747275135	4.7671321747275135	4.7671321747275135	0	35.677054164636594	15.721669596176287	0	3241.6540452091285	581.2789536685984	0	0	0	2009070534080898e-21	0.21710137356079662	0.08907929911919785	19390185952328394e-22	19.724085360937543	3.293393396337957
85	4.7671321747275135	4.7671321747275135	4.7671321747275135	0	35.67705422622335	15.721669607421896	0	3241.6541374445437	581.2789620915543	0	0	0	2009070534080898e-21	0.21710137366467613	0.08907929913110287	19390185952328394e-22	19.724085814714694	3.293393438679722
86	4.7671321747275135	4.7671321747275135	4.7671321747275135	0	35.67705427512835	15.721669616337781	0	3241.6542105652957	581.2789687662898	0	0	0	2009070534080898e-21	0.2171013737437116	0.08907929913966726	19390185952328394e-22	19.724086173750994	3.29339347216795
87	4.7671321747275135	4.7671321747275135	4.7671321747275135	0	35.67705431135158	15.721669622923942	0	3241.6542645713853	581.2789736928053	0	0	0	2009070534080898e-21	0.21710137379790306	0.08907929914489103	19390185952328394e-22	19.72408643804644	3.293393496802643
88	4.7671321747275135	4.7671321747275135	4.7671321747275135	0	35.677054334893064	15.72166962718038	0	3241.6542994628117	581.2789768711004	0	0	0	2009070534080898e-21	0.21710137382725048	0.08907929914677419	19390185952328394e-22	19.724086607601034	3.2933935125838
89	4.7671321747275135	4.7671321747275135	4.7671321747275135	0	35.677054345752786	15.721669629107097	0	3241.6543152395757	581.2789783011755	0	0	0	2009070534080898e-21	0.21710137383175382	0.08907929914531672	19390185952328394e-22	19.724086682414775	3.293393519511421
90	4.7671321747275135	4.7671321747275135	4.7671321747275135	0	35.677054343930756	15.721669628704092	0	3241.654311901677	581.2789779830302	0	0	0	2009070534080898e-21	0.21710137381141315	0.08907929914051863	19390185952328394e-22	19.72408666248766	3.293393517585506
91	4.7671321747275135	4.7671321747275135	4.7671321747275135	0	35.67705432942696	15.721669625971362	0	3241.654289449115	581.2789759166649	0	0	0	2009070534080898e-21	0.21710137376622846	0.08907929913237993	19390185952328394e-22	19.724086547819695	3.2933935068060554
92	4.7671321747275135	4.7671321747275135	4.7671321747275135	0	35.67705430224141	15.72166962090891	0	3241.6542478818906	581.2789721020793	0	0	0	2009070534080898e-21	0.2171013736961997	0.0890792991209006	19390185952328394e-22	19.724086338410874	3.293393487173069
93	4.7671321747275135	4.7671321747275135	4.7671321747275135	0	35.67705429122961	15.721669618893353	0	3241.654231517501	581.2789706059505	0	0	0	2009070534080898e-21	0.21710137367744473	0.0890792991186772	19390185952328394e-22	19.724086257519506	3.293393479615842
94	4.7671321747275135	4.7671321747275135	4.7671321747275135	0	35.6770542880521	15.721669618340083	0	3241.6542272082	581.2789702165006	0	0	0	2009070534080898e-21	0.21710137367998755	0.08907929912003586	19390185952328394e-22	19.724086237484105	3.293393477765844
95	4.7671321747275135	4.7671321747275135	4.7671321747275135	0	35.67705428501424	15.721669617811122	0	3241.654223089328	581.2789698442673	0	0	0	2009070534080898e-21	0.2171013736824285	0.08907929912133666	19390185952328394e-22	19.724086218336918	3.2933934759978714
96	4.7671321747275135	4.7671321747275135	4.7671321747275135	0	35.677054282116046	15.721669617306471	0	3241.654219160884	581.2789694892506	0	0	0	2009070534080898e-21	0.21710137368476748	0.08907929912257961	19390185952328394e-22	19.724086200077938	3.293393474311925
97	4.7671321747275135	4.7671321747275135	4.7671321747275135	0	35.67705427935751	15.721669616826128	0	3241.654215422869	581.2789691514505	0	0	0	2009070534080898e-21	0.21710137368700458	0.08907929912376472	19390185952328394e-22	19.724086182707172	3.293393472708004
98	4.7671321747275135	4.7671321747275135	4.7671321747275135	0	35.67705427673863	15.721669616370095	0	3241.6542118752827	581.2789688308669	0	0	0	2009070534080898e-21	0.21710137368913976	0.08907929912489196	19390185952328394e-22	19.724086166224616	3.293393471186109
99	4.7671321747275135	4.7671321747275135	4.7671321747275135	0	35.67705427425941	15.721669615938373	0	3241.6542085181245	581.2789685274998	0	0	0	2009070534080898e-21	0.21710137369117305	0.08907929912596135	19390185952328394e-22	19.72408615063027	3.2933934697462397
100	4.7671321747275135	4.7671321747275135	4.7671321747275135	0	35.67705427191985	15.721669615530958	0	3241.6542053513954	581.2789682413494	0	0	0	2009070534080898e-21	0.2171013736931044	0.08907929912697289	19390185952328394e-22	19.724086135924136	3.293393468388396
101	4.7671321747275135	4.7671321747275135	4.7671321747275135	0	35.677054269719946	15.721669615147853	0	3241.654202375095	581.2789679724156	0	0	0	2009070534080898e-21	0.21710137369493385	0.08907929912792656	19390185952328394e-22	19.72408612210621	3.293393467112578
102	4.7671321747275135	4.7671321747275135	4.7671321747275135	0	35.6770542676597	15.721669614789057	0	3241.654199589223	581.2789677206982	0	0	0	2009070534080898e-21	0.21710137369666138	0.08907929912882238	19390185952328394e-22	19.724086109176497	3.2933934659187862
103	4.7671321747275135	4.7671321747275135	4.7671321747275135	0	35.677054265739116	15.721669614454573	0	3241.65419699378	581.2789674861975	0	0	0	2009070534080898e-21	0.217101373698287	0.08907929912966035	19390185952328394e-22	19.724086097134993	3.2933934648070196
104	4.7671321747275135	4.7671321747275135	4.7671321747275135	0	35.67705426395818	15.721669614144396	0	3241.654194588765	581.2789672689133	0	0	0	2009070534080898e-21	0.21710137369981072	0.08907929913044046	19390185952328394e-22	19.7240860859817	3.2933934637772793
105	4.7671321747275135	4.7671321747275135	4.7671321747275135	0	35.677054262316915	15.721669613858529	0	3241.6541923741793	581.2789670688456	0	0	0	2009070534080898e-21	0.2171013737012325	0.08907929913116272	19390185952328394e-22	19.724086075716617	3.2933934628295645
106	4.7671321747275135	4.7671321747275135	4.7671321747275135	0	35.677054260815304	15.721669613596971	0	3241.654190350022	581.2789668859946	0	0	0	2009070534080898e-21	0.2171013737025524	0.08907929913182712	19390185952328394e-22	19.724086066339748	3.2933934619638756
107	4.7671321747275135	4.7671321747275135	4.7671321747275135	0	35.67705425945335	15.721669613359722	0	3241.6541885162933	581.2789667203601	0	0	0	2009070534080898e-21	0.21710137370377036	0.08907929913243366	19390185952328394e-22	19.724086057851085	3.2933934611802123
108	4.7671321747275135	4.7671321747275135	4.7671321747275135	0	35.67705425823105	15.721669613146783	0	3241.6541868729937	581.2789665719422	0	0	0	2009070534080898e-21	0.21710137370488644	0.08907929913298236	19390185952328394e-22	19.724086050250637	3.293393460478575
109	4.7671321747275135	4.7671321747275135	4.7671321747275135	0	35.67705425714842	15.721669612958154	0	3241.6541854201223	581.2789664407408	0	0	0	2009070534080898e-21	0.21710137370590057	0.08907929913347319	19390185952328394e-22	19.724086043538396	3.2933934598589634
110	4.7671321747275135	4.7671321747275135	4.7671321747275135	0	35.67705425620544	15.721669612793834	0	3241.6541841576795	581.278966326756	0	0	0	2009070534080898e-21	0.21710137370681282	0.08907929913390616	19390185952328394e-22	19.72408603771437	3.2933934593213774
111	4.7671321747275135	4.7671321747275135	4.7671321747275135	0	35.67705425540212	15.721669612653823	0	3241.6541830856654	581.2789662299876	0	0	0	2009070534080898e-21	0.21710137370762314	0.0890792991342813	19390185952328394e-22	19.72408603277855	3.293393458865817
112	4.7671321747275135	4.7671321747275135	4.7671321747275135	0	35.67705425473846	15.721669612538122	0	3241.65418220408	581.278966150436	0	0	0	2009070534080898e-21	0.21710137370833155	0.08907929913459856	19390185952328394e-22	19.72408602873094	3.293393458492283
113	4.7671321747275135	4.7671321747275135	4.7671321747275135	0	35.677054254214454	15.72166961244673	0	3241.654181512923	581.2789660881009	0	0	0	2009070534080898e-21	0.21710137370893806	0.08907929913485797	19390185952328394e-22	19.724086025571545	3.2933934582007742
114	4.7671321747275135	4.7671321747275135	4.7671321747275135	0	35.67705425383011	15.721669612379646	0	3241.6541810121953	581.2789660429823	0	0	0	2009070534080898e-21	0.21710137370944263	0.08907929913505953	19390185952328394e-22	19.72408602330036	3.293393457991291
115	4.7671321747275135	4.7671321747275135	4.7671321747275135	0	35.677054253585425	15.721669612336873	0	3241.6541807018957	581.2789660150803	0	0	0	2009070534080898e-21	0.2171013737098453	0.08907929913520324	19390185952328394e-22	19.724086021917383	3.2933934578638344
116	4.7671321747275135	4.7671321747275135	4.7671321747275135	0	35.6770542534804	15.72166961231841	0	3241.6541805820248	581.2789660043949	0	0	0	2009070534080898e-21	0.21710137371014607	0.08907929913528909	19390185952328394e-22	19.72408602142262	3.2933934578184028
117	4.7671321747275135	4.7671321747275135	4.7671321747275135	0	35.677054253515024	15.721669612324256	0	3241.6541806525825	581.2789660109261	0	0	0	2009070534080898e-21	0.21710137371034494	0.08907929913531708	19390185952328394e-22	19.724086021816067	3.2933934578549975
118	4.7671321747275135	4.7671321747275135	4.7671321747275135	0	35.67705425368931	15.72166961235441	0	3241.6541809135692	581.2789660346738	0	0	0	2009070534080898e-21	0.21710137371044186	0.08907929913528721	19390185952328394e-22	19.724086023097723	3.2933934579736177
119	4.7671321747275135	4.7671321747275135	4.7671321747275135	0	35.67705425400327	15.721669612408874	0	3241.654181364984	581.278966075638	0	0	0	2009070534080898e-21	0.2171013737104369	0.08907929913519949	19390185952328394e-22	19.72408602526759	3.293393458174264
120	4.7671321747275135	4.7671321747275135	4.7671321747275135	0	35.67705425445687	15.721669612487648	0	3241.654182006828	581.2789661338188	0	0	0	2009070534080898e-21	0.21710137371033	0.08907929913505391	19390185952328394e-22	19.72408602832567	3.2933934584569355
121	4.7671321747275135	4.7671321747275135	4.7671321747275135	0	35.67705425505014	15.72166961259073	0	3241.6541828391005	581.2789662092162	0	0	0	2009070534080898e-21	0.2171013737101212	0.08907929913485048	19390185952328394e-22	19.724086032271956	3.293393458821633
122	4.7671321747275135	4.7671321747275135	4.7671321747275135	0	35.677054255783055	15.721669612718124	0	3241.6541838618014	581.2789663018301	0	0	0	2009070534080898e-21	0.21710137370981047	0.08907929913458919	19390185952328394e-22	19.724086037106456	3.2933934592683562
123	4.7671321747275135	4.7671321747275135	4.7671321747275135	0	35.67705425665564	15.721669612869825	0	3241.654185074931	581.2789664116607	0	0	0	2009070534080898e-21	0.21710137370939786	0.08907929913427005	19390185952328394e-22	19.724086042829168	3.2933934597971053
124	4.7671321747275135	4.7671321747275135	4.7671321747275135	0	35.677054257667876	15.721669613045837	0	3241.6541864784895	581.2789665387078	0	0	0	2009070534080898e-21	0.21710137370888333	0.08907929913389305	19390185952328394e-22	19.724086049440086	3.2933934604078803
125	4.7671321747275135	4.7671321747275135	4.7671321747275135	0	35.67705425881977	15.721669613246156	0	3241.6541880724762	581.2789666829714	0	0	0	2009070534080898e-21	0.21710137370826688	0.0890792991334582	19390185952328394e-22	19.724086056939218	3.2933934611006808
126	4.7671321747275135	4.7671321747275135	4.7671321747275135	0	35.67705426011133	15.721669613470786	0	3241.654189856892	581.2789668444516	0	0	0	2009070534080898e-21	0.2171013737075485	0.0890792991329655	19390185952328394e-22	19.72408606532656	3.293393461875507
127	4.7671321747275135	4.7671321747275135	4.7671321747275135	0	35.677054261542544	15.721669613719726	0	3241.654191831736	581.2789670231483	0	0	0	2009070534080898e-21	0.21710137370672825	0.08907929913241493	19390185952328394e-22	19.724086074602113	3.2933934627323596
128	4.7671321747275135	4.7671321747275135	4.7671321747275135	0	35.67705426311342	15.721669613992974	0	3241.6541939970093	581.2789672190617	0	0	0	2009070534080898e-21	0.21710137370580607	0.08907929913180651	19390185952328394e-22	19.724086084765876	3.2933934636712374
129	4.7671321747275135	4.7671321747275135	4.7671321747275135	0	35.67705426482395	15.721669614290532	0	3241.6541963527106	581.2789674321916	0	0	0	2009070534080898e-21	0.21710137370478197	0.08907929913114024	19390185952328394e-22	19.72408609581785	3.2933934646921412
130	4.7671321747275135	4.7671321747275135	4.7671321747275135	0	35.67705426667414	15.7216696146124	0	3241.654198898841	581.278967662538	0	0	0	2009070534080898e-21	0.21710137370365595	0.08907929913041611	19390185952328394e-22	19.724086107758037	3.2933934657950705
131	4.7671321747275135	4.7671321747275135	4.7671321747275135	0	35.677054268663994	15.721669614958577	0	3241.6542016353997	581.2789679101011	0	0	0	2009070534080898e-21	0.21710137370242802	0.08907929912963412	19390185952328394e-22	19.72408612058643	3.2933934669800258
132	4.7671321747275135	4.7671321747275135	4.7671321747275135	0	35.6770542707935	15.721669615329063	0	3241.6542045623873	581.2789681748807	0	0	0	2009070534080898e-21	0.2171013737010982	0.08907929912879428	19390185952328394e-22	19.724086134303036	3.293393468247007
133	4.7671321747275135	4.7671321747275135	4.7671321747275135	0	35.67705427123456	15.721669615406208	0	3241.654205114886	581.2789682246404	0	0	0	2009070534080898e-21	0.2171013737003471	0.08907929912853006	19390185952328394e-22	19.724086136787367	3.2933934684763164
134	4.7671321747275135	4.7671321747275135	4.7671321747275135	0	35.6770542713881	15.721669615433386	0	3241.654205265162	581.2789682379861	0	0	0	2009070534080898e-21	0.2171013736997137	0.08907929912836751	19390185952328394e-22	19.724086137373167	3.2933934685302435
135	4.7671321747275135	4.7671321747275135	4.7671321747275135	0	35.677054271537656	15.72166961545986	0	3241.654205411538	581.2789682509851	0	0	0	2009070534080898e-21	0.21710137369909688	0.08907929912820925	19390185952328394e-22	19.724086137943726	3.2933934685827704
136	4.7671321747275135	4.7671321747275135	4.7671321747275135	0	35.67705427168324	15.721669615485627	0	3241.6542055540135	581.2789682636379	0	0	0	2009070534080898e-21	0.21710137369849666	0.08907929912805528	19390185952328394e-22	19.724086138499047	3.2933934686338975
137	4.7671321747275135	4.7671321747275135	4.7671321747275135	0	35.67705427182484	15.721669615510692	0	3241.654205692589	581.2789682759442	0	0	0	2009070534080898e-21	0.21710137369791302	0.08907929912790558	19390185952328394e-22	19.724086139039127	3.293393468683624
138	4.7671321747275135	4.7671321747275135	4.7671321747275135	0	35.677054271962454	15.721669615535053	0	3241.6542058272644	581.278968287904	0	0	0	2009070534080898e-21	0.217101373697346	0.08907929912776018	19390185952328394e-22	19.724086139563966	3.2933934687319497
139	4.7671321747275135	4.7671321747275135	4.7671321747275135	0	35.67705427209609	15.721669615558708	0	3241.6542059580393	581.2789682995174	0	0	0	2009070534080898e-21	0.21710137369679555	0.08907929912761904	19390185952328394e-22	19.724086140073567	3.2933934687788757
140	4.7671321747275135	4.7671321747275135	4.7671321747275135	0	35.67705427222575	15.721669615581659	0	3241.6542060849138	581.2789683107843	0	0	0	2009070534080898e-21	0.2171013736962617	0.0890792991274822	19390185952328394e-22	19.724086140567927	3.2933934688244015
141	4.7671321747275135	4.7671321747275135	4.7671321747275135	0	35.67705427235143	15.721669615603906	0	3241.6542062078884	581.2789683217047	0	0	0	2009070534080898e-21	0.21710137369574445	0.08907929912734965	19390185952328394e-22	19.724086141047046	3.293393468868527
142	4.7671321747275135	4.7671321747275135	4.7671321747275135	0	35.67705427247313	15.72166961562545	0	3241.6542063269626	581.2789683322787	0	0	0	2009070534080898e-21	0.2171013736952438	0.08907929912722139	19390185952328394e-22	19.72408614151093	3.2933934689112525
143	4.7671321747275135	4.7671321747275135	4.7671321747275135	0	35.677054272590844	15.721669615646288	0	3241.6542064421365	581.2789683425062	0	0	0	2009070534080898e-21	0.21710137369475974	0.08907929912709739	19390185952328394e-22	19.72408614195957	3.2933934689525777
144	4.7671321747275135	4.7671321747275135	4.7671321747275135	0	35.67705427270458	15.721669615666421	0	3241.65420655341	581.2789683523873	0	0	0	2009070534080898e-21	0.21710137369429228	0.08907929912697769	19390185952328394e-22	19.724086142392974	3.2933934689925026
145	4.7671321747275135	4.7671321747275135	4.7671321747275135	0	35.67705427281433	15.721669615685851	0	3241.6542066607835	581.278968361922	0	0	0	2009070534080898e-21	0.21710137369384142	0.08907929912686227	19390185952328394e-22	19.724086142811135	3.293393469031027
146	4.7671321747275135	4.7671321747275135	4.7671321747275135	0	35.67705427292011	15.721669615704576	0	3241.6542067642567	581.2789683711102	0	0	0	2009070534080898e-21	0.21710137369340715	0.08907929912675114	19390185952328394e-22	19.72408614321406	3.2933934690681514
147	4.7671321747275135	4.7671321747275135	4.7671321747275135	0	35.6770542730219	15.721669615722597	0	3241.65420686383	581.2789683799518	0	0	0	2009070534080898e-21	0.21710137369298946	0.08907929912664429	19390185952328394e-22	19.724086143601742	3.2933934691038758
148	4.7671321747275135	4.7671321747275135	4.7671321747275135	0	35.67705427311972	15.721669615739913	0	3241.6542069595025	581.2789683884472	0	0	0	2009070534080898e-21	0.21710137369258836	0.08907929912654172	19390185952328394e-22	19.724086143974187	3.2933934691381994
149	4.7671321747275135	4.7671321747275135	4.7671321747275135	0	35.67705427321355	15.721669615756525	0	3241.654207051275	581.278968396596	0	0	0	2009070534080898e-21	0.2171013736922039	0.08907929912644345	19390185952328394e-22	19.72408614433139	3.2933934691711233
150	4.7671321747275135	4.7671321747275135	4.7671321747275135	0	35.677054273303405	15.721669615772432	0	3241.6542071391473	581.2789684043984	0	0	0	2009070534080898e-21	0.217101373691836	0.08907929912634946	19390185952328394e-22	19.724086144673354	3.293393469202647
151	4.7671321747275135	4.7671321747275135	4.7671321747275135	0	35.67705427338928	15.721669615787636	0	3241.6542072231196	581.2789684118543	0	0	0	2009070534080898e-21	0.2171013736914847	0.08907929912625974	19390185952328394e-22	19.72408614500008	3.29339346923277
152	4.7671321747275135	4.7671321747275135	4.7671321747275135	0	35.67705427347117	15.721669615802135	0	3241.6542073031915	581.2789684189637	0	0	0	2009070534080898e-21	0.21710137369114998	0.08907929912617432	19390185952328394e-22	19.724086145311563	3.2933934692614932
153	4.7671321747275135	4.7671321747275135	4.7671321747275135	0	35.67705427354908	15.72166961581593	0	3241.654207379363	581.2789684257267	0	0	0	2009070534080898e-21	0.21710137369083188	0.08907929912609318	19390185952328394e-22	19.72408614560781	3.293393469288816
154	4.7671321747275135	4.7671321747275135	4.7671321747275135	0	35.677054273623014	15.72166961582902	0	3241.654207451634	581.2789684321433	0	0	0	2009070534080898e-21	0.21710137369053034	0.08907929912601632	19390185952328394e-22	19.724086145888815	3.2933934693147386
155	4.7671321747275135	4.7671321747275135	4.7671321747275135	0	35.67705427369297	15.721669615841407	0	3241.6542075200055	581.2789684382134	0	0	0	2009070534080898e-21	0.21710137369024543	0.08907929912594374	19390185952328394e-22	19.724086146154583	3.293393469339261
156	4.7671321747275135	4.7671321747275135	4.7671321747275135	0	35.67705427375894	15.721669615853088	0	3241.6542075844764	581.2789684439371	0	0	0	2009070534080898e-21	0.21710137368997712	0.08907929912587545	19390185952328394e-22	19.72408614640511	3.293393469362383
157	4.7671321747275135	4.7671321747275135	4.7671321747275135	0	35.67705427382093	15.721669615864064	0	3241.654207645047	581.2789684493142	0	0	0	2009070534080898e-21	0.21710137368972537	0.08907929912581145	19390185952328394e-22	19.724086146640396	3.293393469384105
158	4.7671321747275135	4.7671321747275135	4.7671321747275135	0	35.677054273878944	15.721669615874337	0	3241.6542077017175	581.278968454345	0	0	0	2009070534080898e-21	0.21710137368949023	0.08907929912575173	19390185952328394e-22	19.724086146860444	3.2933934694044265
159	4.7671321747275135	4.7671321747275135	4.7671321747275135	0	35.677054273932974	15.721669615883906	0	3241.6542077544873	581.2789684590293	0	0	0	2009070534080898e-21	0.2171013736892717	0.0890792991256963	19390185952328394e-22	19.72408614706525	3.293393469423348
160	4.7671321747275135	4.7671321747275135	4.7671321747275135	0	35.677054273983025	15.72166961589277	0	3241.654207803357	581.2789684633672	0	0	0	2009070534080898e-21	0.21710137368906976	0.08907929912564515	19390185952328394e-22	19.72408614725482	3.2933934694408693
161	4.7671321747275135	4.7671321747275135	4.7671321747275135	0	35.67705427402909	15.721669615900929	0	3241.654207848327	581.2789684673585	0	0	0	2009070534080898e-21	0.2171013736888844	0.08907929912559828	19390185952328394e-22	19.724086147429148	3.29339346945699
162	4.7671321747275135	4.7671321747275135	4.7671321747275135	0	35.67705427407118	15.721669615908384	0	3241.6542078893963	581.2789684710034	0	0	0	2009070534080898e-21	0.21710137368871563	0.08907929912555569	19390185952328394e-22	19.72408614758824	3.293393469471711
163	4.7671321747275135	4.7671321747275135	4.7671321747275135	0	35.67705427410929	15.721669615915136	0	3241.6542079265655	581.2789684743019	0	0	0	2009070534080898e-21	0.21710137368856347	0.0890792991255174	19390185952328394e-22	19.724086147732088	3.2933934694850313
164	4.7671321747275135	4.7671321747275135	4.7671321747275135	0	35.677054274143416	15.721669615921183	0	3241.654207959835	581.2789684772539	0	0	0	2009070534080898e-21	0.2171013736884279	0.08907929912548339	19390185952328394e-22	19.724086147860696	3.293393469496952
165	4.7671321747275135	4.7671321747275135	4.7671321747275135	0	35.677054274173564	15.721669615926524	0	3241.6542079892033	581.2789684798595	0	0	0	2009070534080898e-21	0.21710137368830892	0.08907929912545366	19390185952328394e-22	19.724086147974067	3.293393469507472
166	4.7671321747275135	4.7671321747275135	4.7671321747275135	0	35.67705427419973	15.721669615931162	0	3241.654208014672	581.2789684821187	0	0	0	2009070534080898e-21	0.21710137368820656	0.08907929912542821	19390185952328394e-22	19.724086148072196	3.293393469516592
167	4.7671321747275135	4.7671321747275135	4.7671321747275135	0	35.677054274221916	15.721669615935097	0	3241.65420803624	581.2789684840313	0	0	0	2009070534080898e-21	0.21710137368812077	0.08907929912540706	19390185952328394e-22	19.724086148155088	3.2933934695243114
168	4.7671321747275135	4.7671321747275135	4.7671321747275135	0	35.67705427424013	15.721669615938325	0	3241.654208053908	581.2789684855975	0	0	0	2009070534080898e-21	0.21710137368805157	0.08907929912539019	19390185952328394e-22	19.72408614822274	3.293393469530631
169	4.7671321747275135	4.7671321747275135	4.7671321747275135	0	35.67705427425435	15.72166961594085	0	3241.654208067676	581.2789684868172	0	0	0	2009070534080898e-21	0.217101373687999	0.08907929912537758	19390185952328394e-22	19.72408614827515	3.29339346953555
170	4.7671321747275135	4.7671321747275135	4.7671321747275135	0	35.6770542742646	15.721669615942671	0	3241.6542080775434	581.2789684876906	0	0	0	2009070534080898e-21	0.217101373687963	0.08907929912536929	19390185952328394e-22	19.72408614831232	3.293393469539069
171	4.7671321747275135	4.7671321747275135	4.7671321747275135	0	35.67705427427086	15.721669615943787	0	3241.6542080835106	581.2789684882174	0	0	0	2009070534080898e-21	0.21710137368794358	0.08907929912536526	19390185952328394e-22	19.72408614833425	3.2933934695411877
172	4.7671321747275135	4.7671321747275135	4.7671321747275135	0	35.67705427427315	15.721669615944199	0	3241.654208085578	581.2789684883978	0	0	0	2009070534080898e-21	0.21710137368794077	0.08907929912536552	19390185952328394e-22	19.724086148340945	3.2933934695419063
173	4.7671321747275135	4.7671321747275135	4.7671321747275135	0	35.67705427427145	15.721669615943906	0	3241.654208083745	581.2789684882317	0	0	0	2009070534080898e-21	0.21710137368795457	0.08907929912537006	19390185952328394e-22	19.724086148332397	3.293393469541224
174	4.7671321747275135	4.7671321747275135	4.7671321747275135	0	35.67705427426578	15.72166961594291	0	3241.6542080780114	581.2789684877192	0	0	0	2009070534080898e-21	0.21710137368798496	0.0890792991253789	19390185952328394e-22	19.72408614830861	3.2933934695391422
175	4.7671321747275135	4.7671321747275135	4.7671321747275135	0	35.67705427425612	15.721669615941208	0	3241.6542080683776	581.2789684868603	0	0	0	2009070534080898e-21	0.21710137368803192	0.08907929912539202	19390185952328394e-22	19.724086148269585	3.29339346953566
176	4.7671321747275135	4.7671321747275135	4.7671321747275135	0	35.67705427424248	15.721669615938803	0	3241.654208054844	581.2789684856549	0	0	0	2009070534080898e-21	0.21710137368809548	0.08907929912540942	19390185952328394e-22	19.72408614821532	3.293393469530778
177	4.7671321747275135	4.7671321747275135	4.7671321747275135	0	35.677054274224865	15.721669615935692	0	3241.6542080374097	581.278968484103	0	0	0	2009070534080898e-21	0.21710137368817567	0.0890792991254311	19390185952328394e-22	19.724086148145812	3.293393469524495
178	4.7671321747275135	4.7671321747275135	4.7671321747275135	0	35.677054274203265	15.721669615931877	0	3241.6542080160752	581.2789684822046	0	0	0	2009070534080898e-21	0.21710137368827243	0.08907929912545708	19390185952328394e-22	19.72408614806107	3.293393469516812
179	4.7671321747275135	4.7671321747275135	4.7671321747275135	0	35.67705427417769	15.72166961592736	0	3241.6542079908404	581.2789684799599	0	0	0	2009070534080898e-21	0.21710137368838578	0.08907929912548733	19390185952328394e-22	19.724086147961085	3.293393469507729
180	4.7671321747275135	4.7671321747275135	4.7671321747275135	0	35.677054274148134	15.721669615922135	0	3241.6542079617057	581.2789684773687	0	0	0	2009070534080898e-21	0.21710137368851573	0.08907929912552186	19390185952328394e-22	19.72408614784586	3.2933934694972455
181	4.7671321747275135	4.7671321747275135	4.7671321747275135	0	35.677054274114596	15.721669615916207	0	3241.6542079286705	581.2789684744309	0	0	0	2009070534080898e-21	0.21710137368866228	0.08907929912556069	19390185952328394e-22	19.724086147715393	3.293393469485362
182	4.7671321747275135	4.7671321747275135	4.7671321747275135	0	35.67705427407707	15.721669615909576	0	3241.654207891735	581.2789684711469	0	0	0	2009070534080898e-21	0.2171013736888254	0.08907929912560379	19390185952328394e-22	19.72408614756969	3.2933934694720786
183	4.7671321747275135	4.7671321747275135	4.7671321747275135	0	35.67705427403558	15.72166961590224	0	3241.6542078508996	581.2789684675163	0	0	0	2009070534080898e-21	0.21710137368900514	0.08907929912565118	19390185952328394e-22	19.724086147408748	3.2933934694573943
184	4.7671321747275135	4.7671321747275135	4.7671321747275135	0	35.677054273990095	15.721669615894198	0	3241.654207806164	581.2789684635392	0	0	0	2009070534080898e-21	0.21710137368920146	0.08907929912570287	19390185952328394e-22	19.724086147232565	3.2933934694413103
185	4.7671321747275135	4.7671321747275135	4.7671321747275135	0	35.677054273940634	15.721669615885453	0	3241.6542077575277	581.2789684592157	0	0	0	2009070534080898e-21	0.2171013736894144	0.08907929912575882	19390185952328394e-22	19.72408614704114	3.2933934694238256
186	4.7671321747275135	4.7671321747275135	4.7671321747275135	0	35.677054273887194	15.721669615876005	0	3241.6542077049917	581.2789684545457	0	0	0	2009070534080898e-21	0.2171013736896439	0.08907929912581906	19390185952328394e-22	19.72408614683448	3.293393469404941
187	4.7671321747275135	4.7671321747275135	4.7671321747275135	0	35.677054273829775	15.721669615865851	0	3241.6542076485553	581.2789684495293	0	0	0	2009070534080898e-21	0.21710137368989002	0.0890792991258836	19390185952328394e-22	19.724086146612578	3.293393469384656
188	4.7671321747275135	4.7671321747275135	4.7671321747275135	0	35.67705427376837	15.721669615854992	0	3241.6542075882185	581.2789684441665	0	0	0	2009070534080898e-21	0.21710137369015273	0.08907929912595242	19390185952328394e-22	19.724086146375434	3.2933934693629707
189	4.7671321747275135	4.7671321747275135	4.7671321747275135	0	35.677054273702986	15.72166961584343	0	3241.6542075239813	581.2789684384572	0	0	0	2009070534080898e-21	0.21710137369043203	0.08907929912602551	19390185952328394e-22	19.724086146123053	3.2933934693398856
190	4.7671321747275135	4.7671321747275135	4.7671321747275135	0	35.67705427363363	15.721669615831164	0	3241.6542074558442	581.2789684324014	0	0	0	2009070534080898e-21	0.21710137369072793	0.08907929912610289	19390185952328394e-22	19.724086145855434	3.2933934693154
191	4.7671321747275135	4.7671321747275135	4.7671321747275135	0	35.67705427356029	15.721669615818193	0	3241.654207383807	581.2789684259992	0	0	0	2009070534080898e-21	0.21710137369104043	0.08907929912618456	19390185952328394e-22	19.724086145572574	3.293393469289514
192	4.7671321747275135	4.7671321747275135	4.7671321747275135	0	35.67705427348296	15.721669615804517	0	3241.654207307869	581.2789684192505	0	0	0	2009070534080898e-21	0.2171013736913695	0.08907929912627051	19390185952328394e-22	19.724086145274473	3.2933934692622278
193	4.7671321747275135	4.7671321747275135	4.7671321747275135	0	35.67705427340166	15.721669615790137	0	3241.654207228031	581.2789684121555	0	0	0	2009070534080898e-21	0.2171013736917152	0.08907929912636074	19390185952328394e-22	19.72408614496113	3.293393469233542
194	4.7671321747275135	4.7671321747275135	4.7671321747275135	0	35.67705427331637	15.721669615775053	0	3241.6542071442927	581.2789684047139	0	0	0	2009070534080898e-21	0.21710137369207747	0.08907929912645526	19390185952328394e-22	19.724086144632555	3.293393469203455
195	4.7671321747275135	4.7671321747275135	4.7671321747275135	0	35.67705427322711	15.721669615759264	0	3241.6542070566543	581.2789683969258	0	0	0	2009070534080898e-21	0.21710137369245636	0.08907929912655407	19390185952328394e-22	19.724086144288734	3.2933934691719684
196	4.7671321747275135	4.7671321747275135	4.7671321747275135	0	35.67705427313386	15.72166961574277	0	3241.6542069651155	581.2789683887913	0	0	0	2009070534080898e-21	0.21710137369285182	0.08907929912665716	19390185952328394e-22	19.724086143929675	3.2933934691390814
197	4.7671321747275135	4.7671321747275135	4.7671321747275135	0	35.67705427303664	15.721669615725574	0	3241.6542068696767	581.2789683803104	0	0	0	2009070534080898e-21	0.21710137369326388	0.08907929912676453	19390185952328394e-22	19.724086143555375	3.293393469104794
198	4.7671321747275135	4.7671321747275135	4.7671321747275135	0	35.677054272935436	15.721669615707672	0	3241.6542067703376	581.278968371483	0	0	0	2009070534080898e-21	0.21710137369369253	0.08907929912687619	19390185952328394e-22	19.724086143165838	3.2933934690691067
199	4.7671321747275135	4.7671321747275135	4.7671321747275135	0	35.67705427283025	15.721669615689066	0	3241.654206667098	581.2789683623091	0	0	0	2009070534080898e-21	0.2171013736941378	0.08907929912699214	19390185952328394e-22	19.72408614276106	3.293393469032019
200	4.7671321747275135	4.7671321747275135	4.7671321747275135	0	35.67705427278613	15.721669615681229	0	3241.6542066254137	581.278968358615	0	0	0	2009070534080898e-21	0.2171013736942917	0.08907929912703144	19390185952328394e-22	19.724086142601582	3.2933934690172357
201	4.7671321747275135	4.7671321747275135	4.7671321747275135	0	35.67705427277499	15.72166961567921	0	3241.654206616845	581.278968357868	0	0	0	2009070534080898e-21	0.21710137369429108	0.08907929912703007	19390185952328394e-22	19.724086142573757	3.2933934690144286
202	4.7671321747275135	4.7671321747275135	4.7671321747275135	0	35.67705427276434	15.721669615677277	0	3241.654206608646	581.2789683571534	0	0	0	2009070534080898e-21	0.21710137369429072	0.08907929912702864	19390185952328394e-22	19.724086142547147	3.293393469011733
203	4.7671321747275135	4.7671321747275135	4.7671321747275135	0	35.67705427275416	15.721669615675433	0	3241.654206600817	581.2789683564711	0	0	0	2009070534080898e-21	0.21710137369429056	0.08907929912702718	19390185952328394e-22	19.724086142521752	3.2933934690091484
204	4.7671321747275135	4.7671321747275135	4.7671321747275135	0	35.67705427274448	15.721669615673676	0	3241.6542065933572	581.2789683558208	0	0	0	2009070534080898e-21	0.2171013736942906	0.08907929912702568	19390185952328394e-22	19.724086142497573	3.2933934690066753
205	4.7671321747275135	4.7671321747275135	4.7671321747275135	0	35.67705427273527	15.721669615672006	0	3241.6542065862673	581.2789683552029	0	0	0	2009070534080898e-21	0.2171013736942909	0.08907929912702416	19390185952328394e-22	19.72408614247461	3.2933934690043136
206	4.7671321747275135	4.7671321747275135	4.7671321747275135	0	35.67705427272655	15.721669615670425	0	3241.654206579547	581.2789683546172	0	0	0	2009070534080898e-21	0.2171013736942914	0.08907929912702257	19390185952328394e-22	19.724086142452865	3.293393469002063
207	4.7671321747275135	4.7671321747275135	4.7671321747275135	0	35.677054272718316	15.721669615668931	0	3241.654206573197	581.2789683540636	0	0	0	2009070534080898e-21	0.2171013736942921	0.08907929912702095	19390185952328394e-22	19.724086142432334	3.293393468999924
208	4.7671321747275135	4.7671321747275135	4.7671321747275135	0	35.677054272710556	15.721669615667524	0	3241.654206567216	581.2789683535424	0	0	0	2009070534080898e-21	0.21710137369429303	0.0890792991270193	19390185952328394e-22	19.724086142413018	3.2933934689978956
209	4.7671321747275135	4.7671321747275135	4.7671321747275135	0	35.67705427270329	15.721669615666206	0	3241.654206561605	581.2789683530534	0	0	0	2009070534080898e-21	0.2171013736942942	0.08907929912701759	19390185952328394e-22	19.724086142394917	3.293393468995979
210	4.7671321747275135	4.7671321747275135	4.7671321747275135	0	35.677054272696495	15.721669615664975	0	3241.6542065563635	581.2789683525966	0	0	0	2009070534080898e-21	0.21710137369429555	0.08907929912701586	19390185952328394e-22	19.724086142378034	3.2933934689941737
211	4.7671321747275135	4.7671321747275135	4.7671321747275135	0	35.67705427269019	15.721669615663831	0	3241.654206551492	581.2789683521721	0	0	0	2009070534080898e-21	0.21710137369429713	0.08907929912701408	19390185952328394e-22	19.724086142362367	3.2933934689924795
212	4.7671321747275135	4.7671321747275135	4.7671321747275135	0	35.677054272684366	15.721669615662776	0	3241.6542065469894	581.2789683517798	0	0	0	2009070534080898e-21	0.21710137369429894	0.08907929912701225	19390185952328394e-22	19.724086142347918	3.293393468990897
213	4.7671321747275135	4.7671321747275135	4.7671321747275135	0	35.67705427267903	15.721669615661808	0	3241.654206542857	581.2789683514197	0	0	0	2009070534080898e-21	0.21710137369430096	0.08907929912701039	19390185952328394e-22	19.72408614233468	3.293393468989425
214	4.7671321747275135	4.7671321747275135	4.7671321747275135	0	35.67705427267417	15.721669615660927	0	3241.6542065390945	581.2789683510919	0	0	0	2009070534080898e-21	0.2171013736943032	0.08907929912700849	19390185952328394e-22	19.724086142322662	3.293393468988065
215	4.7671321747275135	4.7671321747275135	4.7671321747275135	0	35.6770542726698	15.721669615660135	0	3241.6542065357016	581.2789683507963	0	0	0	2009070534080898e-21	0.21710137369430568	0.08907929912700654	19390185952328394e-22	19.724086142311858	3.293393468986816
216	4.7671321747275135	4.7671321747275135	4.7671321747275135	0	35.677054272665906	15.72166961565943	0	3241.654206532678	581.278968350533	0	0	0	2009070534080898e-21	0.21710137369430835	0.08907929912700457	19390185952328394e-22	19.72408614230227	3.2933934689856783
217	4.7671321747275135	4.7671321747275135	4.7671321747275135	0	35.6770542726625	15.721669615658811	0	3241.6542065300246	581.2789683503019	0	0	0	2009070534080898e-21	0.21710137369431126	0.08907929912700255	19390185952328394e-22	19.7240861422939	3.293393468984652
218	4.7671321747275135	4.7671321747275135	4.7671321747275135	0	35.677054272659575	15.721669615658282	0	3241.654206527741	581.2789683501029	0	0	0	2009070534080898e-21	0.21710137369431437	0.08907929912700048	19390185952328394e-22	19.72408614228674	3.293393468983737
219	4.7671321747275135	4.7671321747275135	4.7671321747275135	0	35.67705427265714	15.72166961565784	0	3241.6542065258263	581.2789683499362	0	0	0	2009070534080898e-21	0.2171013736943177	0.08907929912699838	19390185952328394e-22	19.7240861422808	3.2933934689829334
220	4.7671321747275135	4.7671321747275135	4.7671321747275135	0	35.67705427265518	15.721669615657484	0	3241.6542065242816	581.2789683498019	0	0	0	2009070534080898e-21	0.21710137369432125	0.08907929912699625	19390185952328394e-22	19.724086142276075	3.2933934689822406
221	4.7671321747275135	4.7671321747275135	4.7671321747275135	0	35.6770542726537	15.721669615657218	0	3241.654206523107	581.2789683496997	0	0	0	2009070534080898e-21	0.21710137369432503	0.08907929912699405	19390185952328394e-22	19.72408614227257	3.2933934689816597
222	4.7671321747275135	4.7671321747275135	4.7671321747275135	0	35.67705427265271	15.721669615657039	0	3241.6542065223016	581.2789683496297	0	0	0	2009070534080898e-21	0.217101373694329	0.08907929912699183	19390185952328394e-22	19.724086142270277	3.29339346898119
223	4.7671321747275135	4.7671321747275135	4.7671321747275135	0	35.6770542726522	15.721669615656946	0	3241.654206521866	581.278968349592	0	0	0	2009070534080898e-21	0.21710137369433322	0.08907929912698957	19390185952328394e-22	19.724086142269197	3.293393468980831
224	4.7671321747275135	4.7671321747275135	4.7671321747275135	0	35.67705427265218	15.721669615656943	0	3241.6542065218005	581.2789683495865	0	0	0	2009070534080898e-21	0.21710137369433763	0.08907929912698727	19390185952328394e-22	19.72408614226934	3.2933934689805837
225	4.7671321747275135	4.7671321747275135	4.7671321747275135	0	35.67705427265263	15.721669615657026	0	3241.6542065221042	581.2789683496133	0	0	0	2009070534080898e-21	0.21710137369434226	0.08907929912698492	19390185952328394e-22	19.724086142270693	3.293393468980448
226	4.7671321747275135	4.7671321747275135	4.7671321747275135	0	35.67705427265358	15.721669615657197	0	3241.6542065227777	581.2789683496723	0	0	0	2009070534080898e-21	0.21710137369434712	0.08907929912698255	19390185952328394e-22	19.724086142273265	3.2933934689804234
227	4.7671321747275135	4.7671321747275135	4.7671321747275135	0	35.677054272655	15.721669615657456	0	3241.654206523821	581.2789683497635	0	0	0	2009070534080898e-21	0.2171013736943522	0.08907929912698012	19390185952328394e-22	19.724086142277052	3.29339346898051
228	4.7671321747275135	4.7671321747275135	4.7671321747275135	0	35.6770542726569	15.721669615657802	0	3241.654206525234	581.278968349887	0	0	0	2009070534080898e-21	0.2171013736943575	0.08907929912697765	19390185952328394e-22	19.724086142282054	3.2933934689807076
229	4.7671321747275135	4.7671321747275135	4.7671321747275135	0	35.6770542726593	15.721669615658236	0	3241.6542065270164	581.2789683500426	0	0	0	2009070534080898e-21	0.21710137369436303	0.08907929912697515	19390185952328394e-22	19.72408614228827	3.2933934689810167
230	4.7671321747275135	4.7671321747275135	4.7671321747275135	0	35.67705427266217	15.721669615658758	0	3241.6542065291687	581.2789683502306	0	0	0	2009070534080898e-21	0.21710137369436874	0.0890792991269726	19390185952328394e-22	19.724086142295707	3.2933934689814373
231	4.7671321747275135	4.7671321747275135	4.7671321747275135	0	35.67705427266552	15.721669615659366	0	3241.6542065316908	581.2789683504508	0	0	0	2009070534080898e-21	0.2171013736943747	0.08907929912697002	19390185952328394e-22	19.72408614230436	3.2933934689819693
232	4.7671321747275135	4.7671321747275135	4.7671321747275135	0	35.677054272669366	15.721669615660064	0	3241.654206534582	581.2789683507032	0	0	0	2009070534080898e-21	0.21710137369438087	0.0890792991269674	19390185952328394e-22	19.724086142314224	3.2933934689826123
233	4.7671321747275135	4.7671321747275135	4.7671321747275135	0	35.677054272673686	15.721669615660847	0	3241.6542065378435	581.2789683509878	0	0	0	2009070534080898e-21	0.21710137369438726	0.08907929912696473	19390185952328394e-22	19.724086142325305	3.2933934689833664
234	4.7671321747275135	4.7671321747275135	4.7671321747275135	0	35.6770542726785	15.72166961566172	0	3241.6542065414747	581.2789683513047	0	0	0	2009070534080898e-21	0.21710137369439386	0.08907929912696202	19390185952328394e-22	19.724086142337605	3.2933934689842324
235	4.7671321747275135	4.7671321747275135	4.7671321747275135	0	35.67705427268378	15.721669615662679	0	3241.654206545475	581.2789683516538	0	0	0	2009070534080898e-21	0.2171013736944007	0.08907929912695928	19390185952328394e-22	19.72408614235112	3.2933934689852093
236	4.7671321747275135	4.7671321747275135	4.7671321747275135	0	35.67705427268955	15.721669615663727	0	3241.6542065498456	581.2789683520351	0	0	0	2009070534080898e-21	0.2171013736944077	0.08907929912695649	19390185952328394e-22	19.72408614236585	3.2933934689862974
237	4.7671321747275135	4.7671321747275135	4.7671321747275135	0	35.677054272695806	15.721669615664862	0	3241.6542065545855	581.2789683524487	0	0	0	2009070534080898e-21	0.21710137369441498	0.08907929912695367	19390185952328394e-22	19.724086142381793	3.293393468987497
238	4.7671321747275135	4.7671321747275135	4.7671321747275135	0	35.67705427270255	15.721669615666084	0	3241.6542065596955	581.2789683528945	0	0	0	2009070534080898e-21	0.21710137369442245	0.0890792991269508	19390185952328394e-22	19.724086142398956	3.293393468988808
239	4.7671321747275135	4.7671321747275135	4.7671321747275135	0	35.67705427270977	15.721669615667395	0	3241.6542065651747	581.2789683533725	0	0	0	2009070534080898e-21	0.21710137369443014	0.0890792991269479	19390185952328394e-22	19.724086142417335	3.2933934689902298
240	4.7671321747275135	4.7671321747275135	4.7671321747275135	0	35.67705427271747	15.721669615668791	0	3241.654206571024	581.2789683538829	0	0	0	2009070534080898e-21	0.21710137369443808	0.08907929912694494	19390185952328394e-22	19.724086142436928	3.293393468991763
