0	4.7671321747275135	4.7671321747275135	4.7671321747275135	0	0	0	0	0	0	0	0	0	0	0	0	0	0	0
1	4.7671321747275135	4.7671321747275135	4.7671321747275135	0	0	0	0	0	0	0	0	0	0	0	0	0	0	0
2	4.7671321747275135	4.7671321747275135	4.7671321747275135	0	0	0	0	0	0	0	0	0	0	0	0	0	0	0
3	4.7671321747275135	4.7671321747275135	4.7671321747275135	0	0	0	0	0	0	0	0	0	0	0	0	0	0	0
4	4.7671321747275135	4.7671321747275135	4.7671321747275135	0	0	0	0	0	0	0	0	0	0	0	0	0	0	0
5	4.7671321747275135	4.7671321747275135	4.7671321747275135	0	0	0	0	0	0	0	0	0	0	0	0	0	0	0
6	4.7671321747275135	4.7671321747275135	4.7671321747275135	0	0	0	0	0	0	0	0	0	0	0	0	0	0	0
7	4.7671321747275135	4.7671321747275135	4.7671321747275135	0	0	0	0	0	0	0	0	0	0	0	0	0	0	0
8	4.7671321747275135	4.7671321747275135	4.7671321747275135	0	0	0	0	0	0	0	0	0	0	0	0	0	0	0
9	4.7671321747275135	4.7671321747275135	4.7671321747275135	0	0	0	0	0	0	0	0	0	0	0	0	0	0	0
10	4.7671321747275135	4.7671321747275135	4.7671321747275135	0	0	0	0	0	0	0	0	0	0	0	0	0	0	0
11	4.7671321747275135	4.7671321747275135	4.7671321747275135	0	0	0	0	0	0	0	0	0	0	0	0	0	0	0
12	4.7671321747275135	4.767132174727513	4.7671321747275135	45.5903392062464	50.64621903405744	21.11887537567962	4076.111397457034	3731.4134251027917	643.0619587850316	0	0	0	0	0.030246454579789757	0.3950976993642987	0	-0.21294527375005157	13.807167405703424
13	4.7671321747275135	4.7671321747275135	4.7671321747275135	45.591610118131285	50.990284639420516	21.16577788762727	4717.333134317896	4519.060730484491	765.4154496065981	0	0	0	0	0.01954007604902493	0.33233339284255664	0	1.720110679508462	12.830505365032222
14	4.7671321747275135	4.7671321747275135	4.7671321747275135	45.591610148853505	51.023178881854406	21.17017397497801	4794.9871044125875	4621.235855346192	780.6017097834044	0	0	0	0	0.017613639156327333	0.3258186221900855	0	1.6479103694123498	12.181603473887447
15	4.7671321747275135	4.7671321747275135	4.7671321747275135	45.59161014885389	51.02712356843158	21.17070839062364	4804.370777740888	4634.343595773571	782.478465293499	0	0	0	0	0.017277226387252296	0.32500359814098273	0	1.584653575964935	12.040524149169308
16	4.7671321747275135	4.7671321747275135	4.7671321747275135	45.59161014885388	51.02760156933514	21.170774148611883	4805.488297051613	4635.998043092479	782.7071608737693	0	0	0	0	0.01722283312045988	0.3249008405283087	0	1.5678623858144927	12.015711890729614
17	4.7671321747275135	4.7671321747275135	4.7671321747275135	45.59161014885388	51.02765895111967	21.170782164369285	4805.619951488339	4636.204670922945	782.7347640563783	0	0	0	0	0.017214537211585473	0.32488800422535813	0	1.564387160301373	12.011744543143998
18	4.7671321747275135	4.7671321747275135	4.7671321747275135	45.59161014885388	51.0276646865535	21.170782981770625	4805.632507127519	4636.225887303436	782.737482994197	0	0	0	0	0.017213488311856543	0.32488666188039744	0	1.563815609371445	12.01122621231784
19	4.7671321747275135	4.7671321747275135	4.7671321747275135	45.59161014885389	51.02766534300743	21.17078307763766	4805.633799342632	4636.2282556197215	782.7377735617904	0	0	0	0	0.01721334639312127	0.324886502127041	0	1.563721187649309	12.011155056245027
20	4.7671321747275135	4.7671321747275135	4.7671321747275135	45.59161014885388	51.0276651792176	21.1707830542753	4805.633447978275	4636.227673854668	782.7376982242027	0	0	0	0	0.017213373385448375	0.3248865399808322	0	1.5637326274276317	12.011168165107714
21	4.7671321747275135	4.7671321747275135	4.7671321747275135	45.59161014885388	51.02766508862899	21.17078304134382	4805.633254585532	4636.227352191692	782.737656673163	0	0	0	0	0.017213388499194685	0.3248865609474456	0	1.5637391771846554	12.011175518171768
22	4.7671321747275135	4.7671321747275135	4.7671321747275135	45.59161014885388	51.027665071241586	21.170783038843226	4805.633219164402	4636.227290630794	782.737648908671	0	0	0	0	0.017213391734360196	0.3248865650268811	0	1.56374083692038	12.011177115437192
23	4.7671321747275135	4.7671321747275135	4.7671321747275135	45.59161014885389	51.02766512244772	21.17078304611898	4805.633331507891	4636.2274726115875	782.7376727619852	0	0	0	0	0.01721338381376264	0.32488655327912447	0	1.5637378808707647	12.011173305659096
24	4.7671321747275135	4.7671321747275135	4.7671321747275135	45.59161014885389	51.02766513757059	21.170783048283475	4805.633362105873	4636.22752367259	782.7376793458662	0	0	0	0	0.017213381371937914	0.3248865498095008	0	1.563736830161706	12.011172127878858
25	4.7671321747275135	4.7671321747275135	4.7671321747275135	45.59161014885389	51.02766515114176	21.170783050226007	4805.633389547478	4636.227569473969	782.737685251028	0	0	0	0	0.017213379180469463	0.3248865466958708	0	1.5637358865889517	12.011171070879797
26	4.7671321747275135	4.7671321747275135	4.7671321747275135	45.59161014885388	51.02766516316123	21.170783051946586	4805.633413832706	4636.227610015728	782.7376904774704	0	0	0	0	0.01721337723935729	0.3248865439382344	0	1.5637350501525014	12.01117013466191
27	4.7671321747275135	4.7671321747275135	4.7671321747275135	45.59161014885388	51.027665173629	21.170783053445206	4805.633434961556	4636.227645297864	782.7376950251935	0	0	0	0	0.017213375548601393	0.3248865415365915	0	1.5637343208523553	12.011169319225198
28	4.7671321747275135	4.7671321747275135	4.7671321747275135	45.59161014885388	51.02766518254508	21.170783054721866	4805.633452934029	4636.227675320379	782.7376988941973	0	0	0	0	0.017213374108201774	0.32488653949094226	0	1.5637336986885135	12.011168624569661
29	4.7671321747275135	4.7671321747275135	4.7671321747275135	45.59161014885388	51.027665189909456	21.17078305577657	4805.633467750125	4636.227700083271	782.7377020844817	0	0	0	0	0.017213372918158432	0.32488653780128657	0	1.5637331836609758	12.0111680506953
30	4.7671321747275135	4.7671321747275135	4.7671321747275135	45.59161014885388	51.02766519572213	21.170783056609316	4805.633479409844	4636.227719586543	782.7377045960468	0	0	0	0	0.017213371978471368	0.32488653646762444	0	1.5637327757697423	12.011167597602114
31	4.7671321747275135	4.7671321747275135	4.7671321747275135	45.59161014885388	51.027665199983105	21.170783057220106	4805.633487913185	4636.227733830192	782.7377064288926	0	0	0	0	0.01721337128914058	0.3248865354899559	0	1.5637324750148132	12.011167265290103
32	4.7671321747275135	4.7671321747275135	4.7671321747275135	45.59161014885388	51.02766520269238	21.170783057608936	4805.6334932601485	4636.227742814219	782.7377075830191	0	0	0	0	0.01721337085016607	0.32488653486828095	0	1.563732281396188	12.01116705375927
33	4.7671321747275135	4.7671321747275135	4.7671321747275135	45.59161014885388	51.02766520384996	21.17078305777581	4805.633495450736	4636.227746538624	782.7377080584262	0	0	0	0	0.01721337066154784	0.3248865346025996	0	1.563732194913867	12.01116696300961
34	4.7671321747275135	4.7671321747275135	4.7671321747275135	45.59161014885388	51.02766520345584	21.17078305772073	4805.633494484945	4636.227745003408	782.737707855114	0	0	0	0	0.01721337072328588	0.3248865346929118	0	1.5637322155678501	12.011166993041124
35	4.7671321747275135	4.7671321747275135	4.7671321747275135	45.59161014885388	51.02766520151002	21.17078305744369	4805.633490362777	4636.22773820857	782.7377069730825	0	0	0	0	0.017213371035380204	0.3248865351392176	0	1.5637323433581376	12.011167143853815
36	4.7671321747275135	4.7671321747275135	4.7671321747275135	45.59161014885388	51.0276651980125	21.17078305694469	4805.633483084232	4636.22772615411	782.7377054123316	0	0	0	0	0.0172133715978308	0.324886535941517	0	1.5637325782847291	12.01116741544768
37	4.7671321747275135	4.7671321747275135	4.7671321747275135	45.59161014885388	51.02766519296328	21.170783056223733	4805.633472649309	4636.227708840029	782.7377031728614	0	0	0	0	0.017213372410637678	0.32488653709980997	0	1.563732920347625	12.011167807822721
38	4.7671321747275135	4.7671321747275135	4.7671321747275135	45.59161014885388	51.02766518636237	21.170783055280822	4805.633459058009	4636.227686266326	782.7377002546718	0	0	0	0	0.01721337347380083	0.3248865386140965	0	1.5637333695468247	12.011168320978939
39	4.7671321747275135	4.7671321747275135	4.7671321747275135	45.59161014885388	51.02766517820975	21.17078305411595	4805.633442310332	4636.227658433	782.7376966577631	0	0	0	0	0.01721337478732026	0.32488654048437665	0	1.5637339258823288	12.01116895491633
40	4.7671321747275135	4.7671321747275135	4.7671321747275135	45.59161014885388	51.02766517167794	21.170783053181356	4805.633429099802	4636.227636426751	782.7376938174963	0	0	0	0	0.017213375835124913	0.3248865419812183	0	1.563734372624319	12.01116945970792
41	4.7671321747275135	4.7671321747275135	4.7671321747275135	45.59161014885388	51.027665170294284	21.170783052980543	4805.633426759862	4636.2276324219465	782.7376933080948	0	0	0	0	0.017213376045576833	0.3248865422943881	0	1.5637344680178682	12.011169558967522
42	4.7671321747275135	4.7671321747275135	4.7671321747275135	45.59161014885388	51.027665169011755	21.170783052794405	4805.633424591095	4636.2276287097775	782.737692835938	0	0	0	0	0.017213376240688503	0.3248865425846886	0	1.563734556486402	12.011169650996841
43	4.7671321747275135	4.7671321747275135	4.7671321747275135	45.59161014885388	51.02766516783036	21.17078305262294	4805.633422593502	4636.227625290245	782.7376924010259	0	0	0	0	0.01721337642045993	0.3248865428521197	0	1.5637346380299202	12.011169735795876
44	4.7671321747275135	4.7671321747275135	4.7671321747275135	45.59161014885389	51.02766516675008	21.170783052466145	4805.633420767082	4636.227622163348	782.7376920033586	0	0	0	0	0.01721337658489111	0.3248865430966814	0	1.5637347126484227	12.011169813364628
45	4.7671321747275135	4.7671321747275135	4.7671321747275135	45.59161014885389	51.027665165770934	21.170783052324026	4805.633419111835	4636.227619329088	782.737691642936	0	0	0	0	0.017213376733982044	0.3248865433183738	0	1.5637347803419097	12.011169883703097
46	4.7671321747275135	4.7671321747275135	4.7671321747275135	45.59161014885389	51.027665164892916	21.170783052196576	4805.633417627761	4636.227616787464	782.7376913197583	0	0	0	0	0.017213376867732735	0.3248865435171968	0	1.5637348411103813	12.011169946811282
47	4.7671321747275135	4.7671321747275135	4.7671321747275135	45.59161014885389	51.027665164116016	21.1707830520838	4805.633416314862	4636.227614538477	782.7376910338252	0	0	0	0	0.017213376986143177	0.32488654369315045	0	1.5637348949538372	12.011170002689184
48	4.7671321747275135	4.7671321747275135	4.7671321747275135	45.59161014885389	51.02766516344025	21.170783051985698	4805.633415173135	4636.227612582125	782.7376907851368	0	0	0	0	0.017213377089213378	0.3248865438462348	0	1.5637349418722777	12.011170051336801
49	4.7671321747275135	4.7671321747275135	4.7671321747275135	45.59161014885389	51.0276651628656	21.170783051902266	4805.633414202583	4636.2276109184095	782.7376905736932	0	0	0	0	0.01721337717694333	0.32488654397644967	0	1.5637349818657025	12.011170092754137
50	4.7671321747275135	4.7671321747275135	4.7671321747275135	45.59161014885389	51.02766516239209	21.170783051833507	4805.633413403202	4636.227609547331	782.7376903994943	0	0	0	0	0.01721337724933304	0.32488654408379525	0	1.5637350149341116	12.011170126941188
51	4.7671321747275135	4.7671321747275135	4.7671321747275135	45.59161014885389	51.027665162019694	21.17078305177942	4805.633412774996	4636.227608468888	782.7376902625402	0	0	0	0	0.017213377306382498	0.32488654416827145	0	1.5637350410775053	12.011170153897957
52	4.7671321747275135	4.7671321747275135	4.7671321747275135	45.59161014885389	51.02766516174843	21.170783051740006	4805.633412317963	4636.227607683081	782.7376901628309	0	0	0	0	0.017213377348091717	0.3248865442298783	0	1.5637350602958835	12.011170173624441
53	4.7671321747275135	4.7671321747275135	4.7671321747275135	45.59161014885389	51.02766516157829	21.170783051715265	4805.6334120321035	4636.227607189911	782.7376901003662	0	0	0	0	0.017213377374460687	0.3248865442686158	0	1.563735072589246	12.011170186120642
54	4.7671321747275135	4.7671321747275135	4.7671321747275135	45.59161014885389	51.027665161509276	21.170783051705197	4805.633411917417	4636.227606989377	782.7376900751464	0	0	0	0	0.017213377385489413	0.3248865442844839	0	1.5637350779575931	12.011170191386562
55	4.7671321747275135	4.7671321747275135	4.7671321747275135	45.59161014885389	51.02766516154139	21.1707830517098	4805.633411973904	4636.227607081479	782.7376900871712	0	0	0	0	0.017213377381177893	0.32488654427748265	0	1.5637350764009246	12.011170189422195
56	4.7671321747275135	4.7671321747275135	4.7671321747275135	45.59161014885389	51.027665161674626	21.170783051729078	4805.633412201565	4636.227607466217	782.7376901364408	0	0	0	0	0.017213377361526127	0.32488654424761204	0	1.5637350679192403	12.011170180227547
57	4.7671321747275135	4.7671321747275135	4.7671321747275135	45.59161014885388	51.02766516190899	21.170783051763028	4805.6334126003985	4636.227608143591	782.7376902229552	0	0	0	0	0.017213377326534118	0.32488654419487206	0	1.5637350525125406	12.011170163802616
58	4.7671321747275135	4.7671321747275135	4.7671321747275135	45.59161014885388	51.02766516224449	21.17078305181165	4805.633413170406	4636.227609113602	782.7376903467143	0	0	0	0	0.01721337727620186	0.32488654411926277	0	1.5637350301808255	12.0111701401474
59	4.7671321747275135	4.7671321747275135	4.7671321747275135	45.59161014885388	51.0276651626811	21.170783051874942	4805.633413911587	4636.227610376249	782.7376905077181	0	0	0	0	0.017213377210529356	0.32488654402078404	0	1.5637350009240947	12.0111701092619
60	4.7671321747275135	4.7671321747275135	4.7671321747275135	45.59161014885388	51.02766516321884	21.17078305195291	4805.63341482394	4636.227611931532	782.7376907059667	0	0	0	0	0.01721337712951661	0.324886543899436	0	1.5637349647423484	12.011170071146118
61	4.7671321747275135	4.7671321747275135	4.7671321747275135	45.59161014885388	51.02766516385771	21.170783052045547	4805.633415907468	4636.2276137794515	782.73769094146	0	0	0	0	0.017213377033163616	0.3248865437552186	0	1.5637349216355865	12.011170025800054
62	4.7671321747275135	4.7671321747275135	4.7671321747275135	45.59161014885388	51.02766516459771	21.17078305215286	4805.633417162168	4636.227615920007	782.7376912141981	0	0	0	0	0.017213376921470378	0.3248865435881318	0	1.5637348716038089	12.011169973223703
63	4.7671321747275135	4.7671321747275135	4.7671321747275135	45.591610148853874	51.02766516543883	21.170783052274842	4805.633418588043	4636.2276183531985	782.7376915241808	0	0	0	0	0.017213376794436894	0.3248865433981757	0	1.5637348146470158	12.011169913417072
64	4.7671321747275135	4.7671321747275135	4.7671321747275135	45.59161014885388	51.02766516615899	21.17078305237956	4805.633419771423	4636.227620381815	782.7376917819981	0	0	0	0	0.01721337668684872	0.32488654323548816	0	1.5637347660627556	12.011169862928705
65	4.7671321747275135	4.7671321747275135	4.7671321747275135	45.59161014885389	51.027665166466285	21.17078305242475	4805.6334202069565	4636.227621146451	782.7376918779646	0	0	0	0	0.01721337664307365	0.3248865431659374	0	1.5637347456140431	12.011169842680621
66	4.7671321747275135	4.7671321747275135	4.7671321747275135	45.591610148853896	51.027665166692984	21.170783052458077	4805.6334205315015	4636.227621716909	782.7376919495157	0	0	0	0	0.017213376610433814	0.32488654311449383	0	1.5637347302524869	12.011169827525785
67	4.7671321747275135	4.7671321747275135	4.7671321747275135	45.5916101488539	51.027665166839085	21.17078305247955	4805.633420745057	4636.227622093187	782.7376919966515	0	0	0	0	0.01721337658892921	0.32488654308115744	0	1.5637347199780867	12.011169817464198
68	4.7671321747275135	4.7671321747275135	4.7671321747275135	45.5916101488539	51.0276651669046	21.170783052489163	4805.633420847623	4636.227622275286	782.7376920193719	0	0	0	0	0.01721337657855984	0.32488654306592823	0	1.5637347147908427	12.011169812495858
69	4.7671321747275135	4.7671321747275135	4.7671321747275135	45.5916101488539	51.02766516688952	21.170783052486914	4805.633420839199	4636.227622263205	782.7376920176772	0	0	0	0	0.017213376579325708	0.3248865430688062	0	1.563734714690755	12.011169812620764
70	4.7671321747275135	4.7671321747275135	4.7671321747275135	45.591610148853896	51.02766516679385	21.17078305247281	4805.633420719786	4636.227622056946	782.7376919915671	0	0	0	0	0.01721337659122681	0.32488654308979137	0	1.5637347196778235	12.011169817838919
71	4.7671321747275135	4.7671321747275135	4.7671321747275135	45.59161014885389	51.02766516661759	21.170783052446847	4805.633420489384	4636.227621656506	782.7376919410418	0	0	0	0	0.017213376614263143	0.32488654312888365	0	1.563734729752048	12.011169828150322
72	4.7671321747275135	4.7671321747275135	4.7671321747275135	45.59161014885389	51.02766516661759	21.170783052446847	4805.633420489384	4636.227621656506	782.7376919410418	0	0	0	0	0.017213376614263143	0.32488654312888365	0	1.563734729752048	12.011169828150322
73	4.7671321747275135	4.7671321747275135	4.7671321747275135	0.001244781023323604	50.05650810485074	20.806442638932992	729.4256603890695	4599.097949759756	777.061160352074	0	0	0	0	0.01905559710726511	0.3485439294064526	0	1.6296471625099598	12.373857066992576
74	4.7671321747275135	4.7671321747275135	4.7671321747275135	0	44.990946457716056	18.93516764566016	88.28746329340733	4321.237316658146	735.0646086488532	0	0	0	0	0.034936469005580104	0.4925407894012443	0	2.377303080012361	15.430151124875792
75	4.7671321747275135	4.7671321747275135	4.7671321747275135	0	38.24709971236709	16.545860979204367	10.677003424154304	3732.6261550983845	648.6423466283386	0	0	0	0	0.09465366490005396	0.7567424231552523	0	5.963419360623172	23.701870317503595
76	4.7671321747275135	4.7671321747275135	4.7671321747275135	0	36.095015612607284	15.843354792615676	1.2856134184946328	3371.94504788602	598.2239578354487	0	0	0	0	0.16069176111005865	0.8880503181563234	0	11.999597810009828	30.670754639004517
77	4.7671321747275135	4.7671321747275135	4.7671321747275135	0	35.737170778906474	15.737787945131192	0.15483843923280108	3268.0364092993095	584.5326265029693	0	0	0	0	0.1881418185761623	0.9208917126604884	0	15.936850330223518	33.39929833019979
78	4.7671321747275135	4.7671321747275135	4.7671321747275135	0	35.68539836602938	15.72376480731047	0.018483160274350457	3246.3204876399222	581.8273515203733	0	0	0	0	0.1951744141111804	0.9272467405015924	0	17.387397451036755	34.131103148012556
79	4.7671321747275135	4.7671321747275135	4.7671321747275135	0	35.67817907971523	15.721937473756602	0.002160090709033754	3242.410887186102	581.3640843227166	0	0	0	0	0.19663756087711745	0.9283446943594735	0	17.78226646389635	34.292067822638955
80	4.7671321747275135	4.7671321747275135	4.7671321747275135	0	35.6771967817513	15.721702033965153	0.00023582997229222984	3241.766198138938	581.2910490773054	0	0	0	0	0.1969104252914616	0.9285220979174337	0	17.872672451478277	34.3234605391407
81	4.7671321747275135	4.7671321747275135	4.7671321747275135	0	35.67707079643091	15.721673210642603	22851808641771144e-21	3241.6690416803563	581.2805021001038	0	0	0	0	0.19695663525114282	0.9285486156132254	0	17.890833082063438	34.32896974414848
82	4.7671321747275135	4.7671321747275135	4.7671321747275135	0	35.677054850495665	15.721669722860604	0	3241.655082507237	581.2790477784989	0	0	0	0	0.19696411459072022	0.928552492748856	0	17.89422061354681	34.329882521412415
83	4.7671321747275135	4.7671321747275135	4.7671321747275135	0	35.677054257097375	15.72166961190594	0	3241.654108224091	581.2789588334465	0	0	0	0	0.19696481503339475	0.9285527459786238	0	17.894657724438837	34.329975112493806
84	4.7671321747275135	4.7671321747275135	4.7671321747275135	0	35.67705415505366	15.721669593982604	0	3241.6540397645845	581.2789530048692	0	0	0	0	0.19696488789493444	0.9285527830848699	0	17.89470518756997	34.329983543334194
85	4.7671321747275135	4.7671321747275135	4.7671321747275135	0	35.67705422738699	15.721669607591702	0	3241.654141440188	581.27896239769	0	0	0	0	0.1969648171521708	0.9285527548582713	0	17.89466423275008	34.32997440234568
86	4.7671321747275135	4.7671321747275135	4.7671321747275135	0	35.677054283565866	15.721669618130843	0	3241.6542203907215	581.278969687485	0	0	0	0	0.1969647620977831	0.9285527328781845	0	17.89463232557341	34.32996729090529
87	4.7671321747275135	4.7671321747275135	4.7671321747275135	0	35.67705432359029	15.721669625600027	0	3241.6542766161856	581.2789748742542	0	0	0	0	0.1969647227317714	0.9285527171446095	0	17.894609466039963	34.329962209013026
88	4.7671321747275135	4.7671321747275135	4.7671321747275135	0	35.67705434746027	15.721669629999255	0	3241.6543101165794	581.2789779579977	0	0	0	0	0.19696469905413563	0.9285527076575465	0	17.894595654149736	34.32995915666889
89	4.7671321747275135	4.7671321747275135	4.7671321747275135	0	35.6770543551758	15.721669631328526	0	3241.6543208919034	581.2789789387152	0	0	0	0	0.19696469106487582	0.9285527044169953	0	17.894590889902727	34.32995813387288
90	4.7671321747275135	4.7671321747275135	4.7671321747275135	0	35.67705434673688	15.721669629587842	0	3241.6543089421575	581.2789778164072	0	0	0	0	0.196964698763992	0.9285527074229559	0	17.894595173298942	34.32995914062499
91	4.7671321747275135	4.7671321747275135	4.7671321747275135	0	35.677054322143505	15.7216696247772	0	3241.6542742673414	581.2789745910732	0	0	0	0	0.19696472215148414	0.9285527166754285	0	17.894608504338375	34.329962176925235
92	4.7671321747275135	4.7671321747275135	4.7671321747275135	0	35.67705429495877	15.721669619539286	0	3241.6542360700555	581.2789710470576	0	0	0	0	0.19696474822431856	0.9285527270416324	0	17.894623442915574	34.329965554306355
93	4.7671321747275135	4.7671321747275135	4.7671321747275135	0	35.67705429098186	15.721669618846985	0	3241.654230770349	581.2789705626296	0	0	0	0	0.19696475211305875	0.9285527286664411	0	17.89462571087003	34.32996604878278
94	4.7671321747275135	4.7671321747275135	4.7671321747275135	0	35.6770542871948	15.721669618187732	0	3241.6542257248916	581.2789701014523	0	0	0	0	0.19696475581564687	0.9285527302136496	0	17.894627870258297	34.329966519573325
95	4.7671321747275135	4.7671321747275135	4.7671321747275135	0	35.677054283597606	15.721669617561531	0	3241.6542209336835	581.2789696635255	0	0	0	0	0.19696475933208296	0.928552731683258	0	17.894629921080362	34.329966966678
96	4.7671321747275135	4.7671321747275135	4.7671321747275135	0	35.67705428019027	15.721669616968379	0	3241.654216396725	581.2789692488492	0	0	0	0	0.19696476266236695	0.9285527330752662	0	17.894631863336233	34.3299673900968
97	4.7671321747275135	4.7671321747275135	4.7671321747275135	0	35.6770542769728	15.721669616408278	0	3241.654212114016	581.2789688574235	0	0	0	0	0.1969647658064989	0.9285527343896743	0	17.894633697025906	34.329967789829716
98	4.7671321747275135	4.7671321747275135	4.7671321747275135	0	35.67705427394519	15.721669615881224	0	3241.654208085556	581.2789684892483	0	0	0	0	0.1969647687644788	0.9285527356264822	0	17.89463542214938	34.329968165876764
99	4.7671321747275135	4.7671321747275135	4.7671321747275135	0	35.677054271107444	15.72166961538722	0	3241.6542043113463	581.2789681443237	0	0	0	0	0.19696477153630662	0.92855273678569	0	17.894637038706662	34.32996851823794
100	4.7671321747275135	4.7671321747275135	4.7671321747275135	0	35.67705426845956	15.721669614926268	0	3241.6542007913854	581.2789678226496	0	0	0	0	0.19696477412198238	0.9285527378672975	0	17.894638546697745	34.32996884691324
101	4.7671321747275135	4.7671321747275135	4.7671321747275135	0	35.67705426600154	15.721669614498365	0	3241.654197525674	581.2789675242261	0	0	0	0	0.19696477652150607	0.9285527388713051	0	17.89463994612263	34.32996915190266
102	4.7671321747275135	4.7671321747275135	4.7671321747275135	0	35.67705426373338	15.721669614103511	0	3241.6541945142126	581.2789672490532	0	0	0	0	0.19696477873487772	0.9285527397977124	0	17.89464123698132	34.32996943320621
103	4.7671321747275135	4.7671321747275135	4.7671321747275135	0	35.67705426165508	15.721669613741707	0	3241.6541917570003	581.2789669971307	0	0	0	0	0.19696478076209728	0.9285527406465195	0	17.894642419273815	34.32996969082388
104	4.7671321747275135	4.7671321747275135	4.7671321747275135	0	35.67705425976665	15.721669613412953	0	3241.654189254037	581.2789667684588	0	0	0	0	0.1969647826031648	0.9285527414177265	0	17.89464349300011	34.32996992475567
105	4.7671321747275135	4.7671321747275135	4.7671321747275135	0	35.677054258068075	15.721669613117248	0	3241.654187005324	581.2789665630374	0	0	0	0	0.19696478425808026	0.9285527421113333	0	17.894644458160208	34.329970135001595
106	4.7671321747275135	4.7671321747275135	4.7671321747275135	0	35.677054256559366	15.721669612854594	0	3241.65418501086	581.2789663808666	0	0	0	0	0.19696478572684364	0.92855274272734	0	17.89464531475411	34.329970321561646
107	4.7671321747275135	4.7671321747275135	4.7671321747275135	0	35.67705425524051	15.72166961262499	0	3241.6541832706453	581.2789662219463	0	0	0	0	0.19696478700945497	0.9285527432657465	0	17.894646062781817	34.32997048443582
108	4.7671321747275135	4.7671321747275135	4.7671321747275135	0	35.67705425411153	15.721669612428434	0	3241.6541817846805	581.2789660862767	0	0	0	0	0.19696478810591425	0.9285527437265528	0	17.894646702243325	34.329970623624114
109	4.7671321747275135	4.7671321747275135	4.7671321747275135	0	35.67705425317241	15.721669612264927	0	3241.654180552965	581.2789659738575	0	0	0	0	0.19696478901622144	0.9285527441097591	0	17.894647233138638	34.32997073912654
110	4.7671321747275135	4.7671321747275135	4.7671321747275135	0	35.67705425242315	15.721669612134471	0	3241.654179575499	581.2789658846888	0	0	0	0	0.1969647897403766	0.9285527444153652	0	17.894647655467754	34.32997083094308
111	4.7671321747275135	4.7671321747275135	4.7671321747275135	0	35.677054251863744	15.721669612037067	0	3241.6541788522823	581.2789658187708	0	0	0	0	0.19696479027837968	0.9285527446433711	0	17.89464796923067	34.32997089907376
112	4.7671321747275135	4.7671321747275135	4.7671321747275135	0	35.677054251494205	15.72166961197271	0	3241.654178383315	581.2789657761032	0	0	0	0	0.1969647906302307	0.9285527447937768	0	17.89464817442739	34.32997094351855
113	4.7671321747275135	4.7671321747275135	4.7671321747275135	0	35.67705425131454	15.721669611941403	0	3241.654178168597	581.2789657566861	0	0	0	0	0.19696479079592966	0.9285527448665825	0	17.894648271057918	34.32997096427748
114	4.7671321747275135	4.7671321747275135	4.7671321747275135	0	35.67705425132472	15.721669611943145	0	3241.654178208129	581.2789657605198	0	0	0	0	0.19696479077547654	0.9285527448617878	0	17.894648259122246	34.329970961350526
115	4.7671321747275135	4.7671321747275135	4.7671321747275135	0	35.67705425152477	15.721669611977939	0	3241.65417850191	581.2789657876039	0	0	0	0	0.1969647905688714	0.9285527447793932	0	17.89464813862038	34.329970934737695
116	4.7671321747275135	4.7671321747275135	4.7671321747275135	0	35.67705425191468	15.721669612045782	0	3241.6541790499405	581.2789658379385	0	0	0	0	0.19696479017611415	0.9285527446193983	0	17.89464790955231	34.32997088443899
117	4.7671321747275135	4.7671321747275135	4.7671321747275135	0	35.67705425249446	15.721669612146673	0	3241.6541798522208	581.2789659115236	0	0	0	0	0.19696478959720487	0.9285527443818034	0	17.89464757191805	34.32997081045441
118	4.7671321747275135	4.7671321747275135	4.7671321747275135	0	35.677054253264096	15.721669612280616	0	3241.6541809087503	581.2789660083594	0	0	0	0	0.19696478883214352	0.9285527440666081	0	17.89464712571759	34.32997071278396
119	4.7671321747275135	4.7671321747275135	4.7671321747275135	0	35.67705425422359	15.721669612447608	0	3241.654182219529	581.2789661284456	0	0	0	0	0.1969647878809301	0.9285527436738128	0	17.894646570950936	34.32997059142763
120	4.7671321747275135	4.7671321747275135	4.7671321747275135	0	35.67705425537296	15.721669612647649	0	3241.6541837845575	581.2789662717825	0	0	0	0	0.19696478674356463	0.9285527432034173	0	17.894645907618084	34.32997044638543
121	4.7671321747275135	4.7671321747275135	4.7671321747275135	0	35.677054256712175	15.72166961288074	0	3241.6541856038357	581.2789664383698	0	0	0	0	0.1969647854200471	0.9285527426554218	0	17.894645135719035	34.32997027765735
122	4.7671321747275135	4.7671321747275135	4.7671321747275135	0	35.67705425824126	15.721669613146881	0	3241.6541876773626	581.2789666282076	0	0	0	0	0.1969647839103775	0.928552742029826	0	17.894644255253787	34.3299700852434
123	4.7671321747275135	4.7671321747275135	4.7671321747275135	0	35.677054259960215	15.721669613446071	0	3241.6541900051398	581.2789668412961	0	0	0	0	0.19696478221455585	0.92855274132663	0	17.894643266222346	34.329969869143575
124	4.7671321747275135	4.7671321747275135	4.7671321747275135	0	35.677054261869024	15.721669613778312	0	3241.654192587166	581.2789670776351	0	0	0	0	0.19696478033258213	0.9285527405458339	0	17.894642168624706	34.32996962935787
125	4.7671321747275135	4.7671321747275135	4.7671321747275135	0	35.6770542639677	15.721669614143602	0	3241.6541954234417	581.2789673372247	0	0	0	0	0.19696477826445635	0.9285527396874377	0	17.89464096246087	34.32996936588629
126	4.7671321747275135	4.7671321747275135	4.7671321747275135	0	35.67705426625623	15.721669614541941	0	3241.654198513967	581.2789676200647	0	0	0	0	0.1969647760101785	0.9285527387514413	0	17.894639647730838	34.32996907872884
127	4.7671321747275135	4.7671321747275135	4.7671321747275135	0	35.67705426873463	15.721669614973331	0	3241.6542018587415	581.2789679261554	0	0	0	0	0.1969647735697486	0.9285527377378446	0	17.89463822443461	34.32996876788551
128	4.7671321747275135	4.7671321747275135	4.7671321747275135	0	35.67705427085226	15.721669615341971	0	3241.6542047012285	581.278968186197	0	0	0	0	0.196964771492075	0.9285527368725289	0	17.8946370132499	34.32996850344762
129	4.7671321747275135	4.7671321747275135	4.7671321747275135	0	35.67705427103583	15.721669615374124	0	3241.6542048848532	581.2789682026743	0	0	0	0	0.1969647713431319	0.9285527368006756	0	17.894636928880672	34.32996848531292
130	4.7671321747275135	4.7671321747275135	4.7671321747275135	0	35.677054271214715	15.721669615405455	0	3241.654205063791	581.2789682187308	0	0	0	0	0.1969647711979865	0.928552736730653	0	17.894636846662927	34.32996846764069
131	4.7671321747275135	4.7671321747275135	4.7671321747275135	0	35.677054271388926	15.721669615435967	0	3241.6542052380414	581.2789682343667	0	0	0	0	0.19696477105663882	0.9285527366624611	0	17.89463676659666	34.32996845043094
132	4.7671321747275135	4.7671321747275135	4.7671321747275135	0	35.677054271558454	15.721669615465661	0	3241.654205407605	581.278968249582	0	0	0	0	0.19696477091908884	0.9285527365960999	0	17.894636688681867	34.32996843368367
133	4.7671321747275135	4.7671321747275135	4.7671321747275135	0	35.67705427172331	15.721669615494536	0	3241.6542055724813	581.2789682643764	0	0	0	0	0.19696477078533658	0.9285527365315696	0	17.894636612918553	34.32996841739886
134	4.7671321747275135	4.7671321747275135	4.7671321747275135	0	35.677054271883485	15.721669615522591	0	3241.65420573267	581.2789682787503	0	0	0	0	0.19696477065538204	0.9285527364688698	0	17.894636539306713	34.32996840157654
135	4.7671321747275135	4.7671321747275135	4.7671321747275135	0	35.67705427203898	15.721669615549827	0	3241.6542058881723	581.2789682927034	0	0	0	0	0.1969647705292252	0.9285527364080008	0	17.894636467846354	34.32996838621668
136	4.7671321747275135	4.7671321747275135	4.7671321747275135	0	35.67705427218979	15.721669615576245	0	3241.654206038987	581.2789683062358	0	0	0	0	0.19696477040686608	0.9285527363489627	0	17.89463639853747	34.329968371319296
137	4.7671321747275135	4.7671321747275135	4.7671321747275135	0	35.67705427233593	15.721669615601842	0	3241.654206185115	581.2789683193475	0	0	0	0	0.19696477028830467	0.9285527362917552	0	17.894636331380067	34.32996835688439
138	4.7671321747275135	4.7671321747275135	4.7671321747275135	0	35.67705427247739	15.72166961562662	0	3241.6542063265556	581.2789683320385	0	0	0	0	0.19696477017354097	0.9285527362363785	0	17.89463626637414	34.329968342911954
139	4.7671321747275135	4.7671321747275135	4.7671321747275135	0	35.67705427261417	15.72166961565058	0	3241.654206463309	581.2789683443089	0	0	0	0	0.19696477006257498	0.9285527361828324	0	17.89463620351969	34.329968329402
140	4.7671321747275135	4.7671321747275135	4.7671321747275135	0	35.677054272746275	15.72166961567372	0	3241.6542065953754	581.2789683561584	0	0	0	0	0.1969647699554067	0.9285527361311171	0	17.894636142816715	34.32996831635451
141	4.7671321747275135	4.7671321747275135	4.7671321747275135	0	35.6770542728737	15.721669615696042	0	3241.654206722755	581.2789683675874	0	0	0	0	0.19696476985203615	0.9285527360812326	0	17.894636084265223	34.3299683037695
142	4.7671321747275135	4.7671321747275135	4.7671321747275135	0	35.67705427299644	15.721669615717543	0	3241.6542068454473	581.2789683785956	0	0	0	0	0.1969647697524633	0.9285527360331788	0	17.894636027865204	34.32996829164696
143	4.7671321747275135	4.7671321747275135	4.7671321747275135	0	35.677054273114514	15.721669615738225	0	3241.6542069634525	581.278968389183	0	0	0	0	0.19696476965668816	0.9285527359869558	0	17.894635973616662	34.3299682799869
144	4.7671321747275135	4.7671321747275135	4.7671321747275135	0	35.6770542732279	15.721669615758088	0	3241.65420707677	581.2789683993499	0	0	0	0	0.19696476956471073	0.9285527359425634	0	17.894635921519598	34.32996826878931
145	4.7671321747275135	4.7671321747275135	4.7671321747275135	0	35.67705427333661	15.721669615777133	0	3241.654207185401	581.2789684090959	0	0	0	0	0.19696476947653102	0.9285527359000018	0	17.894635871574014	34.329968258054194
146	4.7671321747275135	4.7671321747275135	4.7671321747275135	0	35.677054273440646	15.721669615795358	0	3241.654207289345	581.2789684184213	0	0	0	0	0.19696476939214902	0.9285527358592709	0	17.894635823779904	34.32996824778155
147	4.7671321747275135	4.7671321747275135	4.7671321747275135	0	35.677054273539994	15.721669615812765	0	3241.6542073886017	581.278968427326	0	0	0	0	0.19696476931156473	0.9285527358203708	0	17.89463577813727	34.32996823797138
148	4.7671321747275135	4.7671321747275135	4.7671321747275135	0	35.67705427363467	15.72166961582935	0	3241.654207483171	581.27896843581	0	0	0	0	0.19696476923477815	0.9285527357833013	0	17.89463573464612	34.329968228623684
149	4.7671321747275135	4.7671321747275135	4.7671321747275135	0	35.677054273724664	15.72166961584512	0	3241.6542075730536	581.2789684438734	0	0	0	0	0.1969647691617893	0.9285527357480626	0	17.89463569330644	34.32996821973846
150	4.7671321747275135	4.7671321747275135	4.7671321747275135	0	35.677054273809986	15.721669615860067	0	3241.6542076582487	581.278968451516	0	0	0	0	0.19696476909259814	0.9285527357146547	0	17.894635654118243	34.329968211315716
151	4.7671321747275135	4.7671321747275135	4.7671321747275135	0	35.677054273890626	15.721669615874196	0	3241.6542077387567	581.2789684587378	0	0	0	0	0.19696476902720467	0.9285527356830775	0	17.89463561708152	34.32996820335544
152	4.7671321747275135	4.7671321747275135	4.7671321747275135	0	35.67705427396658	15.721669615887507	0	3241.654207814578	581.278968465539	0	0	0	0	0.19696476896560894	0.9285527356533311	0	17.894635582196276	34.329968195857646
153	4.7671321747275135	4.7671321747275135	4.7671321747275135	0	35.677054274037864	15.721669615899996	0	3241.654207885712	581.2789684719196	0	0	0	0	0.19696476890781092	0.9285527356254153	0	17.89463554946251	34.32996818882232
154	4.7671321747275135	4.7671321747275135	4.7671321747275135	0	35.67705427410447	15.721669615911669	0	3241.6542079521587	581.2789684778794	0	0	0	0	0.19696476885381062	0.9285527355993303	0	17.894635518880218	34.329968182249466
155	4.7671321747275135	4.7671321747275135	4.7671321747275135	0	35.677054274166395	15.72166961592252	0	3241.6542080139184	581.2789684834185	0	0	0	0	0.19696476880360803	0.928552735575076	0	17.894635490449406	34.32996817613909
156	4.7671321747275135	4.7671321747275135	4.7671321747275135	0	35.677054274223636	15.721669615932553	0	3241.654208070991	581.2789684885369	0	0	0	0	0.19696476875720315	0.9285527355526525	0	17.894635464170072	34.329968170491185
157	4.7671321747275135	4.7671321747275135	4.7671321747275135	0	35.67705427427621	15.721669615941767	0	3241.6542081233765	581.2789684932346	0	0	0	0	0.19696476871459595	0.9285527355320596	0	17.894635440042215	34.32996816530576
158	4.7671321747275135	4.7671321747275135	4.7671321747275135	0	35.67705427432409	15.721669615950162	0	3241.654208171075	581.2789684975116	0	0	0	0	0.1969647686757865	0.9285527355132976	0	17.894635418065832	34.3299681605828
159	4.7671321747275135	4.7671321747275135	4.7671321747275135	0	35.67705427436731	15.721669615957738	0	3241.654208214086	581.2789685013679	0	0	0	0	0.19696476864077475	0.9285527354963663	0	17.89463539824093	34.329968156322316
160	4.7671321747275135	4.7671321747275135	4.7671321747275135	0	35.67705427440584	15.721669615964494	0	3241.65420825241	581.2789685048035	0	0	0	0	0.19696476860956072	0.9285527354812657	0	17.894635380567504	34.32996815252431
161	4.7671321747275135	4.7671321747275135	4.7671321747275135	0	35.67705427443969	15.721669615970432	0	3241.6542082860474	581.2789685078184	0	0	0	0	0.19696476858214437	0.9285527354679958	0	17.894635365045556	34.32996814918877
162	4.7671321747275135	4.7671321747275135	4.7671321747275135	0	35.677054274468865	15.72166961597555	0	3241.654208314997	581.2789685104126	0	0	0	0	0.19696476855852577	0.9285527354565567	0	17.894635351675085	34.329968146315714
163	4.7671321747275135	4.7671321747275135	4.7671321747275135	0	35.677054274493365	15.721669615979849	0	3241.6542083392596	581.2789685125862	0	0	0	0	0.19696476853870487	0.9285527354469483	0	17.89463534045609	34.32996814390513
164	4.7671321747275135	4.7671321747275135	4.7671321747275135	0	35.67705427451318	15.721669615983329	0	3241.6542083588356	581.2789685143389	0	0	0	0	0.1969647685226817	0.9285527354391706	0	17.894635331388574	34.32996814195701
165	4.7671321747275135	4.7671321747275135	4.7671321747275135	0	35.67705427452832	15.72166961598599	0	3241.654208373724	581.2789685156711	0	0	0	0	0.1969647685104562	0.9285527354332237	0	17.894635324472535	34.32996814047137
166	4.7671321747275135	4.7671321747275135	4.7671321747275135	0	35.67705427453878	15.72166961598783	0	3241.6542083839254	581.2789685165825	0	0	0	0	0.19696476850202843	0.9285527354291074	0	17.894635319707973	34.32996813944821
167	4.7671321747275135	4.7671321747275135	4.7671321747275135	0	35.67705427454456	15.721669615988853	0	3241.6542083894396	581.2789685170732	0	0	0	0	0.19696476849739838	0.928552735426822	0	17.89463531709489	34.329968138887516
168	4.7671321747275135	4.7671321747275135	4.7671321747275135	0	35.67705427454567	15.721669615989056	0	3241.654208390267	581.2789685171432	0	0	0	0	0.19696476849656602	0.9285527354263673	0	17.894635316633284	34.3299681387893
169	4.7671321747275135	4.7671321747275135	4.7671321747275135	0	35.677054274542094	15.72166961598844	0	3241.654208386407	581.2789685167925	0	0	0	0	0.1969647684995314	0.9285527354277433	0	17.894635318323154	34.32996813915356
170	4.7671321747275135	4.7671321747275135	4.7671321747275135	0	35.67705427453384	15.721669615987004	0	3241.65420837786	581.2789685160211	0	0	0	0	0.1969647685062945	0.92855273543095	0	17.894635322164504	34.32996813998029
171	4.7671321747275135	4.7671321747275135	4.7671321747275135	0	35.677054274520906	15.72166961598475	0	3241.654208364626	581.278968514829	0	0	0	0	0.19696476851685527	0.9285527354359875	0	17.894635328157328	34.32996814126949
172	4.7671321747275135	4.7671321747275135	4.7671321747275135	0	35.67705427450329	15.721669615981675	0	3241.6542083467048	581.2789685132162	0	0	0	0	0.19696476853121378	0.9285527354428557	0	17.89463533630163	34.32996814302117
173	4.7671321747275135	4.7671321747275135	4.7671321747275135	0	35.67705427448101	15.721669615977783	0	3241.654208324096	581.2789685111827	0	0	0	0	0.19696476854936998	0.9285527354515546	0	17.89463534659741	34.32996814523532
174	4.7671321747275135	4.7671321747275135	4.7671321747275135	0	35.677054274454036	15.72166961597307	0	3241.654208296801	581.2789685087286	0	0	0	0	0.19696476857132392	0.9285527354620843	0	17.894635359044667	34.32996814791195
175	4.7671321747275135	4.7671321747275135	4.7671321747275135	0	35.67705427442239	15.721669615967539	0	3241.6542082648184	581.2789685058536	0	0	0	0	0.19696476859707557	0.9285527354744447	0	17.894635373643403	34.32996815105105
176	4.7671321747275135	4.7671321747275135	4.7671321747275135	0	35.677054274386066	15.721669615961188	0	3241.6542082281485	581.278968502558	0	0	0	0	0.1969647686266249	0.9285527354886358	0	17.894635390393614	34.32996815465262
177	4.7671321747275135	4.7671321747275135	4.7671321747275135	0	35.67705427434506	15.721669615954019	0	3241.6542081867915	581.2789684988417	0	0	0	0	0.19696476865997198	0.9285527355046577	0	17.894635409295304	34.32996815871667
178	4.7671321747275135	4.7671321747275135	4.7671321747275135	0	35.67705427429938	15.72166961594603	0	3241.654208140748	581.2789684947047	0	0	0	0	0.19696476869711674	0.9285527355225103	0	17.894635430348472	34.32996816324319
179	4.7671321747275135	4.7671321747275135	4.7671321747275135	0	35.67705427424902	15.721669615937222	0	3241.6542080900167	581.278968490147	0	0	0	0	0.19696476873805924	0.9285527355421936	0	17.894635453553114	34.329968168232185
180	4.7671321747275135	4.7671321747275135	4.7671321747275135	0	35.677054274193985	15.721669615927594	0	3241.6542080345985	581.2789684851687	0	0	0	0	0.19696476878279942	0.9285527355637078	0	17.894635478909237	34.32996817368365
181	4.7671321747275135	4.7671321747275135	4.7671321747275135	0	35.677054274134264	15.721669615917149	0	3241.654207974493	581.2789684797696	0	0	0	0	0.19696476883133734	0.9285527355870525	0	17.894635506416837	34.32996817959759
182	4.7671321747275135	4.7671321747275135	4.7671321747275135	0	35.67705427406987	15.721669615905883	0	3241.6542079097007	581.2789684739497	0	0	0	0	0.19696476888367295	0.9285527356122281	0	17.894635536075914	34.32996818597401
183	4.7671321747275135	4.7671321747275135	4.7671321747275135	0	35.677054274000795	15.721669615893797	0	3241.6542078402213	581.2789684677092	0	0	0	0	0.1969647689398063	0.9285527356392344	0	17.894635567886464	34.3299681928129
184	4.7671321747275135	4.7671321747275135	4.7671321747275135	0	35.67705427392704	15.721669615880893	0	3241.6542077660547	581.2789684610481	0	0	0	0	0.19696476899973733	0.9285527356680714	0	17.894635601848496	34.329968200114266
185	4.7671321747275135	4.7671321747275135	4.7671321747275135	0	35.67705427384861	15.721669615867171	0	3241.6542076872006	581.2789684539662	0	0	0	0	0.1969647690634661	0.9285527356987391	0	17.894635637962004	34.3299682078781
186	4.7671321747275135	4.7671321747275135	4.7671321747275135	0	35.6770542737655	15.721669615852628	0	3241.65420760366	581.2789684464635	0	0	0	0	0.19696476913099256	0.9285527357312375	0	17.89463567622699	34.32996821610441
187	4.7671321747275135	4.7671321747275135	4.7671321747275135	0	35.67705427367771	15.721669615837266	0	3241.654207515432	581.2789684385402	0	0	0	0	0.19696476920231676	0.9285527357655667	0	17.894635716643453	34.3299682247932
188	4.7671321747275135	4.7671321747275135	4.7671321747275135	0	35.67705427358524	15.721669615821085	0	3241.6542074225167	581.2789684301963	0	0	0	0	0.19696476927743864	0.9285527358017267	0	17.894635759211393	34.32996823394446
189	4.7671321747275135	4.7671321747275135	4.7671321747275135	0	35.677054273488096	15.721669615804085	0	3241.6542073249148	581.2789684214316	0	0	0	0	0.19696476935635823	0.9285527358397174	0	17.89463580393081	34.32996824355819
190	4.7671321747275135	4.7671321747275135	4.7671321747275135	0	35.677054273386275	15.721669615786267	0	3241.6542072226252	581.2789684122462	0	0	0	0	0.19696476943907557	0.9285527358795388	0	17.894635850801706	34.3299682536344
191	4.7671321747275135	4.7671321747275135	4.7671321747275135	0	35.67705427327977	15.721669615767627	0	3241.6542071156487	581.2789684026401	0	0	0	0	0.19696476952559058	0.9285527359211909	0	17.89463589982408	34.32996826417308
192	4.7671321747275135	4.7671321747275135	4.7671321747275135	0	35.67705427316859	15.721669615748171	0	3241.654207003985	581.2789683926134	0	0	0	0	0.19696476961590334	0.9285527359646738	0	17.89463595099793	34.32996827517424
193	4.7671321747275135	4.7671321747275135	4.7671321747275135	0	35.67705427305273	15.721669615727894	0	3241.6542068876342	581.2789683821658	0	0	0	0	0.19696476971001378	0.9285527360099874	0	17.894636004323257	34.329968286637865
194	4.7671321747275135	4.7671321747275135	4.7671321747275135	0	35.67705427293219	15.721669615706798	0	3241.654206766597	581.2789683712977	0	0	0	0	0.19696476980792194	0.9285527360571318	0	17.89463605980006	34.32996829856397
195	4.7671321747275135	4.7671321747275135	4.7671321747275135	0	35.67705427280874	15.72166961568519	0	3241.6542066426914	581.2789683601725	0	0	0	0	0.19696476990817166	0.928552736105417	0	17.894636116598214	34.329968310774355
196	4.7671321747275135	4.7671321747275135	4.7671321747275135	0	35.67705427279618	15.721669615682933	0	3241.6542066330494	581.2789683593246	0	0	0	0	0.1969647699170014	0.928552736110391	0	17.894636121279817	34.32996831179739
197	4.7671321747275135	4.7671321747275135	4.7671321747275135	0	35.67705427278409	15.72166961568076	0	3241.6542066237726	581.2789683585089	0	0	0	0	0.19696476992549392	0.9285527361151741	0	17.894636125784018	34.3299683127816
198	4.7671321747275135	4.7671321747275135	4.7671321747275135	0	35.67705427277248	15.721669615678675	0	3241.654206614862	581.2789683577254	0	0	0	0	0.1969647699336492	0.9285527361197663	0	17.894636130110815	34.32996831372698
199	4.7671321747275135	4.7671321747275135	4.7671321747275135	0	35.677054272761346	15.721669615676674	0	3241.654206606316	581.278968356974	0	0	0	0	0.19696476994146728	0.9285527361241678	0	17.894636134260203	34.32996831463354
200	4.7671321747275135	4.7671321747275135	4.7671321747275135	0	35.677054272750695	15.72166961567476	0	3241.654206598136	581.2789683562548	0	0	0	0	0.19696476994894815	0.9285527361283783	0	17.89463613823219	34.32996831550127
201	4.7671321747275135	4.7671321747275135	4.7671321747275135	0	35.67705427274052	15.721669615672932	0	3241.654206590322	581.2789683555677	0	0	0	0	0.1969647699560918	0.9285527361323981	0	17.894636142026773	34.32996831633017
202	4.7671321747275135	4.7671321747275135	4.7671321747275135	0	35.67705427273083	15.721669615671189	0	3241.6542065828726	581.2789683549128	0	0	0	0	0.19696476996289822	0.9285527361362269	0	17.89463614564395	34.32996831712024
203	4.7671321747275135	4.7671321747275135	4.7671321747275135	0	35.67705427272161	15.721669615669533	0	3241.6542065757894	581.27896835429	0	0	0	0	0.19696476996936743	0.928552736139865	0	17.894636149083723	34.32996831787148
204	4.7671321747275135	4.7671321747275135	4.7671321747275135	0	35.67705427271287	15.721669615667963	0	3241.654206569072	581.2789683536994	0	0	0	0	0.19696476997549944	0.9285527361433121	0	17.89463615234609	34.3299683185839
205	4.7671321747275135	4.7671321747275135	4.7671321747275135	0	35.677054272704616	15.721669615666478	0	3241.6542065627195	581.278968353141	0	0	0	0	0.1969647699812942	0.9285527361465685	0	17.894636155431055	34.329968319257496
206	4.7671321747275135	4.7671321747275135	4.7671321747275135	0	35.67705427269683	15.72166961566508	0	3241.654206556733	581.2789683526147	0	0	0	0	0.19696476998675178	0.928552736149634	0	17.894636158338614	34.32996831989226
207	4.7671321747275135	4.7671321747275135	4.7671321747275135	0	35.67705427268953	15.721669615663767	0	3241.654206551112	581.2789683521205	0	0	0	0	0.19696476999187212	0.9285527361525087	0	17.894636161068767	34.3299683204882
208	4.7671321747275135	4.7671321747275135	4.7671321747275135	0	35.6770542726827	15.721669615662542	0	3241.6542065458566	581.2789683516585	0	0	0	0	0.19696476999665524	0.9285527361551925	0	17.894636163621517	34.32996832104531
209	4.7671321747275135	4.7671321747275135	4.7671321747275135	0	35.67705427267636	15.721669615661401	0	3241.6542065409667	581.2789683512286	0	0	0	0	0.19696477000110113	0.9285527361576854	0	17.894636165996864	34.32996832156359
210	4.7671321747275135	4.7671321747275135	4.7671321747275135	0	35.67705427267049	15.721669615660346	0	3241.654206536442	581.278968350831	0	0	0	0	0.19696477000520984	0.9285527361599876	0	17.894636168194804	34.329968322043044
211	4.7671321747275135	4.7671321747275135	4.7671321747275135	0	35.6770542726651	15.721669615659378	0	3241.6542065322833	581.2789683504654	0	0	0	0	0.1969647700089813	0.9285527361620989	0	17.89463617021534	34.32996832248367
212	4.7671321747275135	4.7671321747275135	4.7671321747275135	0	35.67705427266019	15.721669615658495	0	3241.6542065284902	581.2789683501321	0	0	0	0	0.19696477001241555	0.9285527361640192	0	17.89463617205847	34.32996832288547
213	4.7671321747275135	4.7671321747275135	4.7671321747275135	0	35.67705427265576	15.7216696156577	0	3241.6542065250624	581.2789683498308	0	0	0	0	0.1969647700155126	0.9285527361657488	0	17.894636173724198	34.329968323248444
214	4.7671321747275135	4.7671321747275135	4.7671321747275135	0	35.67705427265181	15.721669615656989	0	3241.654206522	581.2789683495618	0	0	0	0	0.19696477001827242	0.9285527361672876	0	17.89463617521252	34.329968323572594
215	4.7671321747275135	4.7671321747275135	4.7671321747275135	0	35.677054272648334	15.721669615656364	0	3241.6542065193034	581.2789683493248	0	0	0	0	0.196964770020695	0.9285527361686355	0	17.894636176523434	34.32996832385791
216	4.7671321747275135	4.7671321747275135	4.7671321747275135	0	35.677054272645336	15.721669615655825	0	3241.6542065169724	581.2789683491201	0	0	0	0	0.1969647700227804	0.9285527361697925	0	17.89463617765695	34.3299683241044
217	4.7671321747275135	4.7671321747275135	4.7671321747275135	0	35.67705427264282	15.721669615655372	0	3241.654206515007	581.2789683489475	0	0	0	0	0.19696477002452858	0.9285527361707587	0	17.894636178613055	34.32996832431207
218	4.7671321747275135	4.7671321747275135	4.7671321747275135	0	35.67705427264078	15.721669615655006	0	3241.654206513407	581.2789683488071	0	0	0	0	0.19696477002593954	0.9285527361715341	0	17.89463617939176	34.3299683244809
219	4.7671321747275135	4.7671321747275135	4.7671321747275135	0	35.67705427263922	15.721669615654726	0	3241.654206512173	581.2789683486988	0	0	0	0	0.19696477002701326	0.9285527361721186	0	17.89463617999306	34.32996832461091
220	4.7671321747275135	4.7671321747275135	4.7671321747275135	0	35.67705427263814	15.72166961565453	0	3241.654206511304	581.2789683486226	0	0	0	0	0.19696477002774979	0.9285527361725123	0	17.894636180416953	34.329968324702094
221	4.7671321747275135	4.7671321747275135	4.7671321747275135	0	35.677054272637534	15.721669615654422	0	3241.654206510801	581.2789683485786	0	0	0	0	0.19696477002814908	0.9285527361727152	0	17.894636180663444	34.32996832475445
222	4.7671321747275135	4.7671321747275135	4.7671321747275135	0	35.677054272637406	15.721669615654399	0	3241.6542065106632	581.2789683485668	0	0	0	0	0.19696477002821117	0.9285527361727272	0	17.89463618073253	34.329968324767975
223	4.7671321747275135	4.7671321747275135	4.7671321747275135	0	35.67705427263776	15.721669615654463	0	3241.654206510891	581.2789683485871	0	0	0	0	0.19696477002793603	0.9285527361725483	0	17.894636180624207	34.32996832474268
224	4.7671321747275135	4.7671321747275135	4.7671321747275135	0	35.67705427263859	15.721669615654612	0	3241.6542065114845	581.2789683486396	0	0	0	0	0.19696477002732365	0.9285527361721786	0	17.894636180338484	34.329968324678546
225	4.7671321747275135	4.7671321747275135	4.7671321747275135	0	35.6770542726399	15.721669615654847	0	3241.6542065124436	581.2789683487242	0	0	0	0	0.1969647700263741	0.928552736171618	0	17.894636179875356	34.329968324575596
226	4.7671321747275135	4.7671321747275135	4.7671321747275135	0	35.67705427264169	15.721669615655168	0	3241.6542065137683	581.278968348841	0	0	0	0	0.1969647700250873	0.9285527361708666	0	17.894636179234823	34.329968324433814
227	4.7671321747275135	4.7671321747275135	4.7671321747275135	0	35.67705427264396	15.721669615655575	0	3241.6542065154586	581.2789683489899	0	0	0	0	0.1969647700234633	0.9285527361699244	0	17.894636178416885	34.3299683242532
228	4.7671321747275135	4.7671321747275135	4.7671321747275135	0	35.6770542726467	15.721669615656069	0	3241.654206517514	581.278968349171	0	0	0	0	0.1969647700215021	0.9285527361687913	0	17.894636177421543	34.32996832403377
229	4.7671321747275135	4.7671321747275135	4.7671321747275135	0	35.677054272649926	15.721669615656648	0	3241.6542065199355	581.2789683493843	0	0	0	0	0.19696477001920365	0.9285527361674675	0	17.89463617624879	34.3299683237755
230	4.7671321747275135	4.7671321747275135	4.7671321747275135	0	35.67705427265363	15.721669615657314	0	3241.6542065227222	581.2789683496297	0	0	0	0	0.19696477001656798	0.9285527361659527	0	17.89463617489864	34.32996832347841
231	4.7671321747275135	4.7671321747275135	4.7671321747275135	0	35.67705427265781	15.721669615658064	0	3241.6542065258745	581.2789683499072	0	0	0	0	0.1969647700135951	0.928552736164247	0	17.894636173371087	34.329968323142495
232	4.7671321747275135	4.7671321747275135	4.7671321747275135	0	35.67705427266247	15.721669615658902	0	3241.6542065293925	581.2789683502169	0	0	0	0	0.196964770010285	0.9285527361623506	0	17.894636171666125	34.32996832276775
233	4.7671321747275135	4.7671321747275135	4.7671321747275135	0	35.67705427266761	15.721669615659824	0	3241.654206533276	581.2789683505588	0	0	0	0	0.1969647700066377	0.9285527361602632	0	17.89463616978376	34.329968322354176
234	4.7671321747275135	4.7671321747275135	4.7671321747275135	0	35.677054272673224	15.721669615660833	0	3241.654206537525	581.2789683509328	0	0	0	0	0.19696477000265317	0.9285527361579852	0	17.894636167723988	34.329968321901774
235	4.7671321747275135	4.7671321747275135	4.7671321747275135	0	35.67705427267932	15.721669615661929	0	3241.65420654214	581.278968351339	0	0	0	0	0.19696476999833143	0.9285527361555161	0	17.894636165486812	34.32996832141055
236	4.7671321747275135	4.7671321747275135	4.7671321747275135	0	35.67705427268589	15.72166961566311	0	3241.65420654712	581.2789683517774	0	0	0	0	0.19696476999367246	0.9285527361528563	0	17.89463616307223	34.329968320880496
237	4.7671321747275135	4.7671321747275135	4.7671321747275135	0	35.67705427269294	15.721669615664377	0	3241.654206552466	581.2789683522478	0	0	0	0	0.1969647699886763	0.9285527361500057	0	17.89463616048025	34.329968320311615
238	4.7671321747275135	4.7671321747275135	4.7671321747275135	0	35.677054272700474	15.72166961566573	0	3241.654206558177	581.2789683527504	0	0	0	0	0.1969647699833429	0.9285527361469641	0	17.89463615771086	34.3299683197039
239	4.7671321747275135	4.7671321747275135	4.7671321747275135	0	35.67705427270848	15.72166961566717	0	3241.654206564254	581.2789683532852	0	0	0	0	0.1969647699776723	0.9285527361437318	0	17.894636154764065	34.329968319057365
240	4.7671321747275135	4.7671321747275135	4.7671321747275135	0	35.67705427271697	15.721669615668693	0	3241.6542065706963	581.2789683538522	0	0	0	0	0.19696476997166446	0.9285527361403085	0	17.89463615163987	34.329968318372
