0	4.7671321747275135	4.7671321747275135	4.7671321747275135	0	0	0	0	0	0	0	0	0	0	0	0	0	0	0
1	4.7671321747275135	4.7671321747275135	4.7671321747275135	0	0	0	0	0	0	0	0	0	0	0	0	0	0	0
2	4.7671321747275135	4.7671321747275135	4.7671321747275135	0	0	0	0	0	0	0	0	0	0	0	0	0	0	0
3	4.7671321747275135	4.7671321747275135	4.7671321747275135	0	0	0	0	0	0	0	0	0	0	0	0	0	0	0
4	4.7671321747275135	4.7671321747275135	4.7671321747275135	0	0	0	0	0	0	0	0	0	0	0	0	0	0	0
5	4.7671321747275135	4.7671321747275135	4.7671321747275135	0	0	0	0	0	0	0	0	0	0	0	0	0	0	0
6	4.7671321747275135	4.7671321747275135	4.7671321747275135	0	0	0	0	0	0	0	0	0	0	0	0	0	0	0
7	4.7671321747275135	4.7671321747275135	4.7671321747275135	0	0	0	0	0	0	0	0	0	0	0	0	0	0	0
8	4.7671321747275135	4.7671321747275135	4.7671321747275135	0	0	0	0	0	0	0	0	0	0	0	0	0	0	0
9	4.7671321747275135	4.7671321747275135	4.7671321747275135	0	0	0	0	0	0	0	0	0	0	0	0	0	0	0
10	4.7671321747275135	4.7671321747275135	4.7671321747275135	0	0	0	0	0	0	0	0	0	0	0	0	0	0	0
11	4.7671321747275135	4.7671321747275135	4.7671321747275135	0	0	0	0	0	0	0	0	0	0	0	0	0	0	0
12	4.7671321747275135	4.7671321747275135	4.7671321747275135	45.59033883005936	50.64622252341266	21.118875672026984	4076.109593562333	3731.411386097707	643.0616249181084	0	0	0	0	8.32811042081675	0.018661538886536152	0	592.4020773183819	0.8296371697274693
13	4.7671321747275135	4.7671321747275135	4.7671321747275135	45.59161011817054	50.990284791351286	21.165777901992417	4717.334643320306	4519.062547409348	765.4157355189476	0	0	0	0	8.412611205875535	0.015302801156434148	0	742.314521423563	0.6167609350733987
14	4.7671321747275135	4.7671321747275135	4.7671321747275135	45.5916101488535	51.02317743280723	21.170173771507876	4794.985943234211	4621.23435909121	780.6014844121801	0	0	0	0	8.420430060928611	0.01496325885134909	0	762.0974670105231	0.5630012768438132
15	4.7671321747275135	4.7671321747275135	4.7671321747275135	45.59161014885389	51.027124408498665	21.170708510853036	4804.371308259268	4634.344315219482	782.4785702126024	0	0	0	0	8.42137018369874	0.014921580856193908	0	764.6694520020296	0.5532717058684856
16	4.7671321747275135	4.7671321747275135	4.7671321747275135	45.59161014885388	51.02760146643376	21.170774132992193	4805.488429018749	4635.998259865479	782.7071890654659	0	0	0	0	8.421484395798132	0.01491646297523431	0	764.9979088876829	0.5517085376347852
17	4.7671321747275135	4.7671321747275135	4.7671321747275135	45.59161014885388	51.027659353648374	21.170782220835534	4805.620761116468	4636.205905001865	782.7349317199217	0	0	0	0	8.421498338938537	0.014915823214012693	0	765.0396305788039	0.5514716585601042
18	4.7671321747275135	4.7671321747275135	4.7671321747275135	45.59161014885388	51.02766483803311	21.170783003148532	4805.632890745018	4636.226529781217	782.7375657164087	0	0	0	0	8.421499670903708	0.014915760743800462	0	765.0438390224178	0.5514428197039187
19	4.7671321747275135	4.7671321747275135	4.7671321747275135	45.59161014885389	51.0276652812637	21.170783068539734	4805.633671437318	4636.2280134956945	782.737744369901	0	0	0	0	8.421499781384258	0.014915752918220473	0	765.0441479100231	0.5514402460134332
20	4.7671321747275135	4.7671321747275135	4.7671321747275135	45.59161014885388	51.027665123370554	21.170783046365894	4805.633336220815	4636.227500088983	782.737674907204	0	0	0	0	8.421499743038904	0.014915755163976842	0	765.0440454124154	0.5514407868411042
21	4.7671321747275135	4.7671321747275135	4.7671321747275135	45.59161014885388	51.027665074548054	21.170783039512184	4805.633230806298	4636.2273354961835	782.737652883899	0	0	0	0	8.421499731221628	0.014915755807071624	0	765.0440124198225	0.5514409738272664
22	4.7671321747275135	4.7671321747275135	4.7671321747275135	45.59161014885389	51.02766512202644	21.170783046184006	4805.633328544789	4636.227480021044	782.7376728417469	0	0	0	0	8.421499742817435	0.014915755045652585	0	765.0440410546656	0.5514408438109004
23	4.7671321747275135	4.7671321747275135	4.7671321747275135	45.59161014885389	51.027665139869406	21.17078304868795	4805.633365387286	4636.227536507909	782.7376804795564	0	0	0	0	8.421499747152055	0.014915754781439567	0	765.0440523354291	0.5514407831558269
24	4.7671321747275135	4.7671321747275135	4.7671321747275135	45.59161014885389	51.027665155545414	21.170783050887962	4805.6333977361755	4636.227586117402	782.7376871865008	0	0	0	0	8.421499750960342	0.014915754549095843	0	765.0440622432728	0.5514407298174604
25	4.7671321747275135	4.7671321747275135	4.7671321747275135	45.59161014885388	51.02766516905445	21.170783052784046	4805.633425591456	4636.227628849526	782.7376929625802	0	0	0	0	8.421499754242292	0.014915754348621416	0	765.0440707781968	0.5514406837958009
26	4.7671321747275135	4.7671321747275135	4.7671321747275135	45.59161014885388	51.02766518039653	21.170783054376194	4805.633448953129	4636.22766470428	782.7376978077946	0	0	0	0	8.42149975699791	0.014915754180016283	0	765.0440779402007	0.5514406450908484
27	4.7671321747275135	4.7671321747275135	4.7671321747275135	45.59161014885388	51.02766518957165	21.170783055664415	4805.633467821194	4636.227693681664	782.7377017221439	0	0	0	0	8.421499759227194	0.014915754043280445	0	765.0440837292849	0.551440613702603
28	4.7671321747275135	4.7671321747275135	4.7671321747275135	45.59161014885388	51.027665196579804	21.170783056648702	4805.633482195652	4636.227715781679	782.7377047056281	0	0	0	0	8.421499760930145	0.014915753938413902	0	765.0440881454492	0.5514405896310646
29	4.7671321747275135	4.7671321747275135	4.7671321747275135	45.59161014885388	51.02766520142099	21.170783057329054	4805.633492076501	4636.227731004324	782.7377067582473	0	0	0	0	8.42149976210676	0.014915753865416657	0	765.0440911886936	0.5514405728762332
30	4.7671321747275135	4.7671321747275135	4.7671321747275135	45.59161014885388	51.027665204095214	21.170783057705478	4805.633497463743	4636.227739349599	782.7377078800014	0	0	0	0	8.421499762757042	0.014915753824288705	0	765.0440928590183	0.5514405634381088
31	4.7671321747275135	4.7671321747275135	4.7671321747275135	45.59161014885388	51.02766520460248	21.170783057777967	4805.633498357376	4636.227740817503	782.7377080708904	0	0	0	0	8.42149976288099	0.014915753815030049	0	765.0440931564231	0.5514405613166914
32	4.7671321747275135	4.7671321747275135	4.7671321747275135	45.59161014885388	51.02766520294278	21.170783057546526	4805.633494757402	4636.227735408039	782.7377073309144	0	0	0	0	8.421499762478602	0.014915753837640688	0	765.044092080908	0.5514405665119809
33	4.7671321747275135	4.7671321747275135	4.7671321747275135	45.59161014885388	51.027665199116115	21.170783057011153	4805.63348666382	4636.227723121204	782.7377056600734	0	0	0	0	8.421499761549882	0.01491575389212062	0	765.044089632473	0.5514405790239776
34	4.7671321747275135	4.7671321747275135	4.7671321747275135	45.59161014885388	51.02766519312249	21.17078305617185	4805.63347407663	4636.227703957	782.7377030583673	0	0	0	0	8.421499760094827	0.01491575397846985	0	765.0440858111182	0.5514405988526812
35	4.7671321747275135	4.7671321747275135	4.7671321747275135	45.59161014885388	51.0276651849619	21.170783055028615	4805.633456995831	4636.227677915425	782.7376995257961	0	0	0	0	8.42149975811344	0.014915754096688376	0	765.0440806168435	0.5514406259980918
36	4.7671321747275135	4.7671321747275135	4.7671321747275135	45.59161014885388	51.02766517463434	21.170783053581445	4805.633435421425	4636.227644996481	782.7376950623599	0	0	0	0	8.421499755605716	0.014915754246776197	0	765.044074049649	0.5514406604602095
37	4.7671321747275135	4.7671321747275135	4.7671321747275135	45.59161014885388	51.027665171585596	21.170783053151766	4805.633429461234	4636.227635785007	782.7376938225135	0	0	0	0	8.421499754862678	0.014915754296351875	0	765.0440722067442	0.5514406708519946
38	4.7671321747275135	4.7671321747275135	4.7671321747275135	45.59161014885388	51.027665170074414	21.17078305293733	4805.633426747687	4636.227631518215	782.7376932538222	0	0	0	0	8.421499754492759	0.01491575432403291	0	765.0440713498699	0.5514406761273423
39	4.7671321747275135	4.7671321747275135	4.7671321747275135	45.59161014885388	51.027665168677714	21.17078305273914	4805.633424240077	4636.227627574847	782.7376927282672	0	0	0	0	8.421499754150872	0.014915754349620603	0	765.0440705579284	0.5514406810053918
40	4.7671321747275135	4.7671321747275135	4.7671321747275135	45.59161014885389	51.0276651673955	21.170783052557184	4805.633421938403	4636.227623954903	782.7376922458487	0	0	0	0	8.421499753837018	0.014915754373114955	0	765.0440698309197	0.5514406854861429
41	4.7671321747275135	4.7671321747275135	4.7671321747275135	45.59161014885389	51.02766516622776	21.170783052391467	4805.6334198426675	4636.227620658382	782.7376918065664	0	0	0	0	8.421499753551196	0.014915754394515968	0	765.0440691688439	0.5514406895695959
42	4.7671321747275135	4.7671321747275135	4.7671321747275135	45.59161014885389	51.02766516517451	21.17078305224199	4805.6334179528685	4636.227617685284	782.7376914104206	0	0	0	0	8.421499753293407	0.01491575441382364	0	765.0440685717007	0.5514406932557505
43	4.7671321747275135	4.7671321747275135	4.7671321747275135	45.59161014885389	51.02766516423574	21.170783052108753	4805.633416269006	4636.22761503561	782.7376910574111	0	0	0	0	8.42149975306365	0.01491575443103797	0	765.0440680394904	0.5514406965446069
44	4.7671321747275135	4.7671321747275135	4.7671321747275135	45.59161014885389	51.027665163411456	21.170783051991755	4805.633414791081	4636.22761270936	782.7376907475378	0	0	0	0	8.421499752861925	0.01491575444615896	0	765.044067572213	0.551440699436165
45	4.7671321747275135	4.7671321747275135	4.7671321747275135	45.59161014885389	51.02766516270165	21.170783051890997	4805.633413519094	4636.227610706534	782.737690480801	0	0	0	0	8.421499752688232	0.01491575445918661	0	765.0440671698682	0.5514407019304249
46	4.7671321747275135	4.7671321747275135	4.7671321747275135	45.59161014885389	51.02766516210633	21.170783051806477	4805.633412453042	4636.22760902713	782.7376902572006	0	0	0	0	8.421499752542571	0.01491575447012092	0	765.0440668324563	0.5514407040273865
47	4.7671321747275135	4.7671321747275135	4.7671321747275135	45.59161014885389	51.02766516162549	21.170783051738198	4805.6334115929285	4636.2276076711505	782.7376900767364	0	0	0	0	8.421499752424944	0.014915754478961889	0	765.0440665599772	0.5514407057270498
48	4.7671321747275135	4.7671321747275135	4.7671321747275135	45.59161014885389	51.02766516125914	21.170783051686154	4805.633410938752	4636.227606638595	782.7376899394086	0	0	0	0	8.421499752335349	0.014915754485709516	0	765.044066352431	0.551440707029415
49	4.7671321747275135	4.7671321747275135	4.7671321747275135	45.59161014885389	51.02766516100727	21.170783051650353	4805.633410490511	4636.227605929462	782.7376898452171	0	0	0	0	8.421499752273785	0.014915754490363803	0	765.0440662098174	0.5514407079344817
50	4.7671321747275135	4.7671321747275135	4.7671321747275135	45.59161014885389	51.02766516086988	21.17078305163079	4805.633410248208	4636.227605543753	782.7376897941621	0	0	0	0	8.421499752240255	0.014915754492924751	0	765.0440661321367	0.5514407084422502
51	4.7671321747275135	4.7671321747275135	4.7671321747275135	45.59161014885389	51.02766516084697	21.170783051627463	4805.633410211843	4636.227605481467	782.7376897862433	0	0	0	0	8.421499752234755	0.014915754493392356	0	765.0440661193887	0.5514407085527205
52	4.7671321747275135	4.7671321747275135	4.7671321747275135	45.59161014885389	51.027665160938554	21.17078305164038	4805.633410381413	4636.227605742606	782.7376898214609	0	0	0	0	8.42149975225729	0.014915754491766622	0	765.0440661715737	0.5514407082658925
53	4.7671321747275135	4.7671321747275135	4.7671321747275135	45.59161014885389	51.02766516114461	21.170783051669535	4805.633410756921	4636.227606327167	782.7376898998148	0	0	0	0	8.421499752307856	0.014915754488047547	0	765.0440662886914	0.5514407075817663
54	4.7671321747275135	4.7671321747275135	4.7671321747275135	45.59161014885388	51.02766516146515	21.170783051714928	4805.633411338366	4636.227607235152	782.7376900213051	0	0	0	0	8.421499752386454	0.014915754482235132	0	765.0440664707419	0.5514407065003418
55	4.7671321747275135	4.7671321747275135	4.7671321747275135	45.59161014885388	51.02766516190018	21.17078305177656	4805.633412125749	4636.227608466562	782.7376901859317	0	0	0	0	8.421499752493085	0.014915754474329376	0	765.0440667177252	0.551440705021619
56	4.7671321747275135	4.7671321747275135	4.7671321747275135	45.59161014885388	51.027665162449686	21.170783051854432	4805.633413119067	4636.227610021394	782.7376903936947	0	0	0	0	8.42149975262775	0.014915754464330279	0	765.0440670296412	0.551440703145598
57	4.7671321747275135	4.7671321747275135	4.7671321747275135	45.59161014885388	51.02766516311368	21.17078305194854	4805.633414318323	4636.227611899651	782.737690644594	0	0	0	0	8.421499752790444	0.01491575445223784	0	765.0440674064901	0.5514407008722786
58	4.7671321747275135	4.7671321747275135	4.7671321747275135	45.59161014885388	51.02766516389215	21.17078305205889	4805.633415723517	4636.22761410133	782.7376909386296	0	0	0	0	8.421499752981173	0.014915754438052063	0	765.0440678482718	0.5514406982016611
59	4.7671321747275135	4.7671321747275135	4.7671321747275135	45.59161014885388	51.02766516478511	21.170783052185477	4805.633417334647	4636.227616626433	782.7376912758017	0	0	0	0	8.421499753199933	0.014915754421772945	0	765.0440683549863	0.5514406951337452
60	4.7671321747275135	4.7671321747275135	4.7671321747275135	45.591610148853874	51.027665165792556	21.170783052328307	4805.6334191517135	4636.227619474959	782.73769165611	0	0	0	0	8.421499753446726	0.014915754403400485	0	765.0440689266335	0.5514406916685312
61	4.7671321747275135	4.7671321747275135	4.7671321747275135	45.59161014885388	51.02766516619963	21.17078305238656	4805.633419809593	4636.227620525123	782.7376917949059	0	0	0	0	8.42149975354706	0.014915754394251137	0	765.0440691384587	0.5514406902214921
62	4.7671321747275135	4.7671321747275135	4.7671321747275135	45.59161014885389	51.027665166451456	21.1707830524228	4805.6334201886675	4636.227621138385	782.7376918753586	0	0	0	0	8.421499753609226	0.014915754388006103	0	765.0440692626053	0.5514406893065928
63	4.7671321747275135	4.7671321747275135	4.7671321747275135	45.591610148853896	51.027665166656554	21.170783052452315	4805.633420498532	4636.227621639977	782.7376919411397	0	0	0	0	8.421499753659687	0.014915754383003835	0	765.0440693641491	0.5514406885585369
64	4.7671321747275135	4.7671321747275135	4.7671321747275135	45.5916101488539	51.02766516681492	21.170783052475098	4805.633420739186	4636.2276220299	782.7376919922494	0	0	0	0	8.421499753698443	0.014915754379244328	0	765.0440694430902	0.5514406879773242
65	4.7671321747275135	4.7671321747275135	4.7671321747275135	45.5916101488539	51.027665166926546	21.170783052491156	4805.633420910627	4636.2276223081535	782.7376920286877	0	0	0	0	8.421499753725493	0.014915754376727586	0	765.0440694994284	0.5514406875629546
66	4.7671321747275135	4.7671321747275135	4.7671321747275135	45.5916101488539	51.02766516699145	21.17078305250049	4805.633421012859	4636.227622474737	782.7376920504545	0	0	0	0	8.421499753740838	0.014915754375453607	0	765.0440695331637	0.5514406873154283
67	4.7671321747275135	4.7671321747275135	4.7671321747275135	45.5916101488539	51.027665167009616	21.170783052503097	4805.633421045879	4636.227622529651	782.7376920575498	0	0	0	0	8.421499753744477	0.014915754375422393	0	765.0440695442962	0.5514406872347452
68	4.7671321747275135	4.7671321747275135	4.7671321747275135	45.5916101488539	51.02766516698105	21.170783052498972	4805.6334210096875	4636.227622472895	782.7376920499737	0	0	0	0	8.421499753736413	0.01491575437663394	0	765.0440695328259	0.5514406873209052
69	4.7671321747275135	4.7671321747275135	4.7671321747275135	45.591610148853896	51.027665166905756	21.170783052488126	4805.633420904286	4636.227622304469	782.7376920277261	0	0	0	0	8.42149975371664	0.014915754379088254	0	765.0440694987528	0.5514406875739085
70	4.7671321747275135	4.7671321747275135	4.7671321747275135	45.591610148853896	51.02766516678373	21.17078305247055	4805.633420729672	4636.227622024374	782.737691990807	0	0	0	0	8.421499753685165	0.01491575438278533	0	765.0440694420769	0.5514406879937551
71	4.7671321747275135	4.7671321747275135	4.7671321747275135	45.59161014885389	51.027665166614966	21.170783052446247	4805.633420485849	4636.227621632609	782.7376919392165	0	0	0	0	8.421499753641983	0.014915754387725168	0	765.0440693627982	0.5514406885804448
72	4.7671321747275135	4.7671321747275135	4.7671321747275135	45.59161014885389	51.027665166614966	21.170783052446247	4805.633420485849	4636.227621632609	782.7376919392165	0	0	0	0	8.421499753641983	0.014915754387725168	0	765.0440693627982	0.5514406885804448
73	4.7671321747275135	4.7671321747275135	4.7671321747275135	0.0012437204707531641	50.05655601633504	20.80646052633579	729.4207936717883	4599.09825823275	777.0612071766388	0	0	0	0	9.01524969967218	0.016496450043936874	0	787.6600990666327	0.574427807636897
74	4.7671321747275135	4.7671321747275135	4.7671321747275135	0	44.99044617933145	18.93498752471574	88.28610652821851	4321.228199308315	735.0632602133384	0	0	0	0	12.399288229181327	0.030025995206831545	0	967.7080271810429	0.834277969904397
75	4.7671321747275135	4.767132174727514	4.7671321747275135	0	38.24734019087657	16.545956589551082	10.680435900253148	3732.610684975189	648.640390374344	0	0	0	0	17.525046059339374	0.07978821320453774	0	1396.015789314652	2.060162183532671
76	4.7671321747275135	4.7671321747275135	4.7671321747275135	0	36.09523579181716	15.843430799398437	1.2865535982464422	3371.970293984809	598.227687142742	0	0	0	0	19.173043295813088	0.13154857026121325	0	1672.0847916214127	4.04106639433506
77	4.7671321747275135	4.7671321747275135	4.7671321747275135	0	35.7372038129694	15.737798996929829	0.15496535308782225	3268.0466321788463	584.5340032230137	0	0	0	0	19.416588830428523	0.1505663768113249	0	1749.094196741227	5.236106301854465
78	4.7671321747275135	4.7671321747275135	4.7671321747275135	0	35.685425123307155	15.72377209127497	0.01855437675215469	3246.3303874561784	581.8286136430097	0	0	0	0	19.44790793643751	0.15472609820378924	0	1764.2517281188584	5.632536972877884
79	4.7671321747275135	4.7671321747275135	4.7671321747275135	0	35.67817965423054	15.721937492509662	0.002158801283340723	3242.410499514407	581.3640387795119	0	0	0	0	19.451950494822935	0.1554692161842018	0	1766.8322480206768	5.729155325142613
80	4.7671321747275135	4.7671321747275135	4.7671321747275135	0	35.67719517368852	15.721701605892012	0.00023176688722782046	3241.764843792296	581.2908947902357	0	0	0	0	19.452474801814937	0.15558932963995675	0	1767.2362380551835	5.748950609968756
81	4.7671321747275135	4.7671321747275135	4.7671321747275135	0	35.67706945594468	15.7216729134852	20779573374107395e-21	3241.6682387308138	581.2804126627324	0	0	0	0	19.452540473150506	0.15560706192107923	0	1767.2941542553074	5.7524914730018555
82	4.7671321747275135	4.7671321747275135	4.7671321747275135	0	35.67705431900957	15.7216696025467	0	3241.6544997286233	581.2789876123851	0	0	0	0	19.452548614354786	0.1556094976980654	0	1767.3021034041078	5.75308537238963
83	4.7671321747275135	4.7671321747275135	4.7671321747275135	0	35.67705435156765	15.721669643849637	0	3241.6542016291696	581.2789668351296	0	0	0	0	19.452548593530473	0.15560955770229762	0	1767.3022481011772	5.753113923849057
84	4.7671321747275135	4.7671321747275135	4.7671321747275135	0	35.67705447456541	15.721669674479793	0	3241.6542010584535	581.2789705114945	0	0	0	0	19.45254856948779	0.15560955172694152	0	1767.3022405913187	5.753119906020963
85	4.7671321747275135	4.7671321747275135	4.7671321747275135	0	35.67705431410743	15.721669625085738	0	3241.654206062243	581.2789698879963	0	0	0	0	19.452548668728454	0.1556095601707431	0	1767.3022435505213	5.753118173007848
86	4.7671321747275135	4.7671321747275135	4.7671321747275135	0	35.67705430511912	15.721669622997968	0	3241.6542061982773	581.2789695697874	0	0	0	0	19.452548669604848	0.15560956059229977	0	1767.302244414718	5.75311766023572
87	4.7671321747275135	4.7671321747275135	4.7671321747275135	0	35.67705429664666	15.721669621030959	0	3241.654206325984	581.2789692695693	0	0	0	0	19.452548670425646	0.15560956098956408	0	1767.3022452295786	5.753117176503554
88	4.7671321747275135	4.7671321747275135	4.7671321747275135	0	35.677054288690044	15.721669619184711	0	3241.654206445364	581.278968987342	0	0	0	0	19.452548671190844	0.15560956136253606	0	1767.3022459951032	5.753116721811346
89	4.7671321747275135	4.7671321747275135	4.7671321747275135	0	35.677054281249276	15.721669617459225	0	3241.654206556416	581.2789687231055	0	0	0	0	19.45254867190044	0.15560956171121568	0	1767.3022467112917	5.7531162961591
90	4.7671321747275135	4.7671321747275135	4.7671321747275135	0	35.67705427432435	15.721669615854502	0	3241.6542066591405	581.2789684768599	0	0	0	0	19.452548672554443	0.15560956203560294	0	1767.3022473781443	5.753115899546815
91	4.7671321747275135	4.7671321747275135	4.7671321747275135	0	35.677054267915274	15.721669614370539	0	3241.6542067535383	581.278968248605	0	0	0	0	19.452548673152844	0.15560956233569784	0	1767.302247995661	5.7531155319744895
92	4.7671321747275135	4.7671321747275135	4.7671321747275135	0	35.67705426202204	15.721669613007338	0	3241.6542068396084	581.278968038341	0	0	0	0	19.452548673695645	0.15560956261150038	0	1767.3022485638414	5.753115193442125
93	4.7671321747275135	4.7671321747275135	4.7671321747275135	0	35.677054256644645	15.721669611764899	0	3241.654206917351	581.2789678460678	0	0	0	0	19.45254867418285	0.1556095628630106	0	1767.3022490826859	5.7531148839497215
94	4.7671321747275135	4.7671321747275135	4.7671321747275135	0	35.677054251783105	15.72166961064322	0	3241.654206986767	581.2789676717854	0	0	0	0	19.45254867461445	0.15560956309022844	0	1767.3022495521946	5.753114603497277
95	4.7671321747275135	4.7671321747275135	4.7671321747275135	0	35.677054247437404	15.721669609642305	0	3241.654207047855	581.2789675154937	0	0	0	0	19.452548674990457	0.15560956329315392	0	1767.302249972367	5.753114352084794
96	4.7671321747275135	4.7671321747275135	4.7671321747275135	0	35.67705424360755	15.721669608762149	0	3241.654207100616	581.278967377193	0	0	0	0	19.452548675310865	0.15560956347178706	0	1767.3022503432035	5.753114129712272
97	4.7671321747275135	4.7671321747275135	4.7671321747275135	0	35.67705424029354	15.721669608002756	0	3241.6542071450494	581.278967256883	0	0	0	0	19.45254867557567	0.15560956362612785	0	1767.302250664704	5.75311393637971
98	4.7671321747275135	4.7671321747275135	4.7671321747275135	0	35.67705423749538	15.721669607364124	0	3241.6542071811555	581.2789671545639	0	0	0	0	19.45254867578488	0.15560956375617627	0	1767.3022509368684	5.753113772087109
99	4.7671321747275135	4.7671321747275135	4.7671321747275135	0	35.67705423521306	15.721669606846254	0	3241.6542072089346	581.2789670702356	0	0	0	0	19.452548675938488	0.15560956386193237	0	1767.3022511596969	5.753113636834468
100	4.7671321747275135	4.7671321747275135	4.7671321747275135	0	35.67705423344659	15.721669606449145	0	3241.654207228386	581.2789670038981	0	0	0	0	19.4525486760365	0.15560956394339606	0	1767.3022513331891	5.753113530621787
101	4.7671321747275135	4.7671321747275135	4.7671321747275135	0	35.677054232195964	15.721669606172798	0	3241.65420723951	581.2789669555514	0	0	0	0	19.452548676078912	0.15560956400056744	0	1767.3022514573456	5.7531134534490675
102	4.7671321747275135	4.7671321747275135	4.7671321747275135	0	35.677054231461184	15.721669606017214	0	3241.6542072423067	581.2789669251955	0	0	0	0	19.452548676065724	0.15560956403344645	0	1767.3022515321659	5.7531134053163075
103	4.7671321747275135	4.7671321747275135	4.7671321747275135	0	35.677054231242245	15.721669605982388	0	3241.6542072367765	581.2789669128305	0	0	0	0	19.452548675996937	0.1556095640420331	0	1767.3022515576504	5.753113386223509
104	4.7671321747275135	4.7671321747275135	4.7671321747275135	0	35.67705423153915	15.721669606068327	0	3241.6542072229186	581.2789669184561	0	0	0	0	19.452548675872553	0.1556095640263274	0	1767.3022515337987	5.75311339617067
105	4.7671321747275135	4.7671321747275135	4.7671321747275135	0	35.67705423235191	15.721669606275025	0	3241.6542072007333	581.2789669420728	0	0	0	0	19.452548675692565	0.15560956398632936	0	1767.3022514606112	5.753113435157792
106	4.7671321747275135	4.7671321747275135	4.7671321747275135	0	35.67705423368051	15.721669606602486	0	3241.654207170221	581.2789669836801	0	0	0	0	19.452548675456985	0.15560956392203895	0	1767.3022513380874	5.753113503184875
107	4.7671321747275135	4.7671321747275135	4.7671321747275135	0	35.677054235524956	15.721669607050709	0	3241.654207131381	581.2789670432784	0	0	0	0	19.4525486751658	0.15560956383345617	0	1767.3022511662277	5.753113600251918
108	4.7671321747275135	4.7671321747275135	4.7671321747275135	0	35.677054237885244	15.721669607619692	0	3241.654207084214	581.2789671208674	0	0	0	0	19.45254867481902	0.15560956372058107	0	1767.302250945032	5.753113726358922
109	4.7671321747275135	4.7671321747275135	4.7671321747275135	0	35.67705424076138	15.721669608309439	0	3241.654207028719	581.2789672164472	0	0	0	0	19.45254867441664	0.1556095635834136	0	1767.3022506745003	5.753113881505886
110	4.7671321747275135	4.7671321747275135	4.7671321747275135	0	35.677054244153354	15.721669609119944	0	3241.6542069648976	581.2789673300178	0	0	0	0	19.45254867395866	0.15560956342195378	0	1767.3022503546326	5.75311406569281
111	4.7671321747275135	4.7671321747275135	4.7671321747275135	0	35.67705424806118	15.721669610051213	0	3241.6542068927483	581.2789674615793	0	0	0	0	19.452548673445083	0.1556095632362016	0	1767.302249985429	5.753114278919696
112	4.7671321747275135	4.7671321747275135	4.7671321747275135	0	35.67705425248485	15.721669611103243	0	3241.6542068122717	581.2789676111315	0	0	0	0	19.452548672875903	0.15560956302615706	0	1767.302249566889	5.753114521186542
113	4.7671321747275135	4.7671321747275135	4.7671321747275135	0	35.677054257424366	15.721669612276035	0	3241.6542067234677	581.2789677786747	0	0	0	0	19.45254867225113	0.15560956279182017	0	1767.3022490990134	5.753114792493348
114	4.7671321747275135	4.7671321747275135	4.7671321747275135	0	35.67705426287973	15.721669613569588	0	3241.6542066263364	581.2789679642085	0	0	0	0	19.452548671570753	0.15560956253319094	0	1767.3022485818015	5.7531150928401145
115	4.7671321747275135	4.7671321747275135	4.7671321747275135	0	35.67705426885094	15.721669614983902	0	3241.6542065208782	581.2789681677333	0	0	0	0	19.45254867083478	0.15560956225026934	0	1767.3022480152538	5.753115422226842
116	4.7671321747275135	4.7671321747275135	4.7671321747275135	0	35.67705427121132	15.72166961552826	0	3241.654206486726	581.2789682516583	0	0	0	0	19.452548670618395	0.15560956214040528	0	1767.3022477880597	5.7531155573723245
117	4.7671321747275135	4.7671321747275135	4.7671321747275135	0	35.6770542713658	15.721669615542954	0	3241.6542064951923	581.2789682620645	0	0	0	0	19.452548670709994	0.15560956213603444	0	1767.3022477686127	5.753115573206195
118	4.7671321747275135	4.7671321747275135	4.7671321747275135	0	35.677054271516276	15.721669615557266	0	3241.654206503444	581.278968272202	0	0	0	0	19.45254867079924	0.15560956213177282	0	1767.3022477496718	5.753115588630692
119	4.7671321747275135	4.7671321747275135	4.7671321747275135	0	35.67705427166276	15.721669615571194	0	3241.6542065114813	581.2789682820704	0	0	0	0	19.452548670886124	0.15560956212762042	0	1767.3022477312372	5.753115603645816
120	4.7671321747275135	4.7671321747275135	4.7671321747275135	0	35.677054271805254	15.72166961558474	0	3241.654206519304	581.27896829167	0	0	0	0	19.452548670970653	0.15560956212357724	0	1767.302247713309	5.7531156182515675
121	4.7671321747275135	4.7671321747275135	4.7671321747275135	0	35.67705427194375	15.721669615597904	0	3241.6542065269123	581.2789683010009	0	0	0	0	19.452548671052828	0.15560956211964327	0	1767.302247695887	5.753115632447947
122	4.7671321747275135	4.7671321747275135	4.7671321747275135	0	35.67705427207826	15.721669615610685	0	3241.654206534306	581.2789683100629	0	0	0	0	19.452548671132643	0.15560956211581853	0	1767.302247678971	5.753115646234952
123	4.7671321747275135	4.7671321747275135	4.7671321747275135	0	35.677054272208764	15.721669615623082	0	3241.6542065414847	581.2789683188558	0	0	0	0	19.4525486712101	0.15560956211210297	0	1767.3022476625617	5.753115659612584
124	4.7671321747275135	4.7671321747275135	4.7671321747275135	0	35.67705427233528	15.721669615635097	0	3241.654206548449	581.2789683273801	0	0	0	0	19.4525486712852	0.15560956210849664	0	1767.3022476466583	5.7531156725808446
125	4.7671321747275135	4.7671321747275135	4.7671321747275135	0	35.6770542724578	15.72166961564673	0	3241.654206555199	581.2789683356355	0	0	0	0	19.452548671357942	0.15560956210499952	0	1767.3022476312615	5.753115685139732
126	4.7671321747275135	4.7671321747275135	4.7671321747275135	0	35.67705427257633	15.72166961565798	0	3241.6542065617346	581.278968343622	0	0	0	0	19.452548671428328	0.15560956210161161	0	1767.3022476163708	5.753115697289245
127	4.7671321747275135	4.7671321747275135	4.7671321747275135	0	35.67705427269086	15.721669615668848	0	3241.654206568055	581.2789683513397	0	0	0	0	19.45254867149636	0.1556095620983329	0	1767.3022476019864	5.7531157090293865
128	4.7671321747275135	4.7671321747275135	4.7671321747275135	0	35.67705427280139	15.721669615679334	0	3241.6542065741614	581.2789683587885	0	0	0	0	19.45254867156203	0.15560956209516344	0	1767.3022475881082	5.753115720360155
129	4.7671321747275135	4.7671321747275135	4.7671321747275135	0	35.67705427290794	15.721669615689436	0	3241.6542065800527	581.2789683659684	0	0	0	0	19.452548671625344	0.15560956209210317	0	1767.3022475747364	5.75311573128155
130	4.7671321747275135	4.7671321747275135	4.7671321747275135	0	35.677054273010484	15.721669615699154	0	3241.6542065857298	581.2789683728795	0	0	0	0	19.4525486716863	0.1556095620891521	0	1767.3022475618707	5.7531157417935725
131	4.7671321747275135	4.7671321747275135	4.7671321747275135	0	35.677054273109036	15.721669615708493	0	3241.654206591192	581.2789683795218	0	0	0	0	19.4525486717449	0.15560956208631027	0	1767.3022475495113	5.753115751896223
132	4.7671321747275135	4.7671321747275135	4.7671321747275135	0	35.677054273203595	15.721669615717445	0	3241.65420659644	581.2789683858952	0	0	0	0	19.452548671801143	0.15560956208357762	0	1767.3022475376583	5.753115761589499
133	4.7671321747275135	4.7671321747275135	4.7671321747275135	0	35.67705427329416	15.721669615726018	0	3241.654206601473	581.2789683919997	0	0	0	0	19.452548671855027	0.15560956208095422	0	1767.3022475263115	5.753115770873403
134	4.7671321747275135	4.7671321747275135	4.7671321747275135	0	35.677054273380726	15.721669615734207	0	3241.654206606292	581.2789683978353	0	0	0	0	19.452548671906555	0.15560956207844	0	1767.302247515471	5.753115779747934
135	4.7671321747275135	4.7671321747275135	4.7671321747275135	0	35.677054273463305	15.721669615742014	0	3241.654206610896	581.2789684034021	0	0	0	0	19.45254867195573	0.15560956207603502	0	1767.3022475051366	5.753115788213091
136	4.7671321747275135	4.7671321747275135	4.7671321747275135	0	35.677054273541884	15.721669615749438	0	3241.6542066152856	581.2789684087	0	0	0	0	19.45254867200254	0.15560956207373924	0	1767.3022474953086	5.753115796268877
137	4.7671321747275135	4.7671321747275135	4.7671321747275135	0	35.67705427361647	15.721669615756479	0	3241.6542066194606	581.2789684137292	0	0	0	0	19.452548672046998	0.1556095620715527	0	1767.302247485987	5.753115803915289
138	4.7671321747275135	4.7671321747275135	4.7671321747275135	0	35.67705427368706	15.721669615763137	0	3241.654206623421	581.2789684184894	0	0	0	0	19.452548672089097	0.15560956206947532	0	1767.3022474771715	5.753115811152328
139	4.7671321747275135	4.7671321747275135	4.7671321747275135	0	35.677054273753654	15.721669615769413	0	3241.654206627167	581.2789684229808	0	0	0	0	19.452548672128838	0.15560956206750717	0	1767.3022474688623	5.753115817979994
140	4.7671321747275135	4.7671321747275135	4.7671321747275135	0	35.67705427381626	15.721669615775307	0	3241.654206630698	581.2789684272034	0	0	0	0	19.452548672166223	0.15560956206564824	0	1767.3022474610596	5.753115824398288
141	4.7671321747275135	4.7671321747275135	4.7671321747275135	0	35.677054273874866	15.721669615780817	0	3241.654206634015	581.2789684311571	0	0	0	0	19.45254867220125	0.15560956206389853	0	1767.302247453763	5.753115830407208
142	4.7671321747275135	4.7671321747275135	4.7671321747275135	0	35.67705427392948	15.721669615785945	0	3241.6542066371167	581.2789684348419	0	0	0	0	19.45254867223392	0.15560956206225804	0	1767.3022474469724	5.7531158360067565
143	4.7671321747275135	4.7671321747275135	4.7671321747275135	0	35.6770542739801	15.721669615790692	0	3241.6542066400043	581.2789684382578	0	0	0	0	19.452548672264232	0.15560956206072676	0	1767.3022474406885	5.753115841196931
144	4.7671321747275135	4.7671321747275135	4.7671321747275135	0	35.67705427402672	15.721669615795054	0	3241.6542066426773	581.2789684414049	0	0	0	0	19.45254867229219	0.15560956205930468	0	1767.3022474349107	5.7531158459777325
145	4.7671321747275135	4.7671321747275135	4.7671321747275135	0	35.67705427406935	15.721669615799035	0	3241.6542066451357	581.2789684442831	0	0	0	0	19.452548672317786	0.1556095620579918	0	1767.302247429639	5.753115850349162
146	4.7671321747275135	4.7671321747275135	4.7671321747275135	0	35.67705427410799	15.721669615802632	0	3241.6542066473794	581.2789684468926	0	0	0	0	19.452548672341027	0.15560956205678816	0	1767.3022474248737	5.7531158543112175
147	4.7671321747275135	4.7671321747275135	4.7671321747275135	0	35.67705427414263	15.721669615805848	0	3241.6542066494085	581.2789684492332	0	0	0	0	19.45254867236191	0.15560956205569373	0	1767.3022474206148	5.753115857863901
148	4.7671321747275135	4.7671321747275135	4.7671321747275135	0	35.67705427417327	15.721669615808679	0	3241.654206651223	581.2789684513048	0	0	0	0	19.452548672380438	0.1556095620547085	0	1767.302247416862	5.7531158610072115
149	4.7671321747275135	4.7671321747275135	4.7671321747275135	0	35.677054274199925	15.721669615811129	0	3241.654206652823	581.2789684531076	0	0	0	0	19.45254867239661	0.1556095620538325	0	1767.3022474136155	5.753115863741148
150	4.7671321747275135	4.7671321747275135	4.7671321747275135	0	35.677054274222584	15.721669615813196	0	3241.654206654209	581.2789684546416	0	0	0	0	19.45254867241042	0.1556095620530657	0	1767.3022474108752	5.753115866065713
151	4.7671321747275135	4.7671321747275135	4.7671321747275135	0	35.67705427424124	15.72166961581488	0	3241.6542066553793	581.2789684559067	0	0	0	0	19.452548672421877	0.1556095620524081	0	1767.3022474086413	5.753115867980904
152	4.7671321747275135	4.7671321747275135	4.7671321747275135	0	35.677054274255916	15.721669615816182	0	3241.6542066563356	581.2789684569029	0	0	0	0	19.45254867243097	0.15560956205185975	0	1767.3022474069137	5.753115869486723
153	4.7671321747275135	4.7671321747275135	4.7671321747275135	0	35.67705427426659	15.721669615817103	0	3241.654206657078	581.2789684576304	0	0	0	0	19.452548672437715	0.15560956205142057	0	1767.3022474056922	5.753115870583169
154	4.7671321747275135	4.7671321747275135	4.7671321747275135	0	35.67705427427327	15.721669615817639	0	3241.654206657605	581.2789684580889	0	0	0	0	19.452548672442095	0.15560956205109064	0	1767.3022474049772	5.753115871270242
155	4.7671321747275135	4.7671321747275135	4.7671321747275135	0	35.677054274275946	15.721669615817794	0	3241.6542066579173	581.2789684582787	0	0	0	0	19.452548672444124	0.1556095620508699	0	1767.3022474047684	5.753115871547942
156	4.7671321747275135	4.7671321747275135	4.7671321747275135	0	35.67705427427464	15.721669615817564	0	3241.6542066580155	581.2789684581995	0	0	0	0	19.45254867244379	0.15560956205075838	0	1767.3022474050658	5.753115871416269
157	4.7671321747275135	4.7671321747275135	4.7671321747275135	0	35.67705427426934	15.721669615816953	0	3241.654206657899	581.2789684578514	0	0	0	0	19.452548672441104	0.15560956205075607	0	1767.3022474058694	5.753115870875223
158	4.7671321747275135	4.7671321747275135	4.7671321747275135	0	35.67705427426004	15.721669615815959	0	3241.6542066575676	581.2789684572346	0	0	0	0	19.452548672436055	0.155609562050863	0	1767.3022474071795	5.753115869924804
159	4.7671321747275135	4.7671321747275135	4.7671321747275135	0	35.67705427424674	15.721669615814584	0	3241.654206657022	581.2789684563488	0	0	0	0	19.452548672428655	0.1556095620510791	0	1767.3022474089955	5.753115868565012
160	4.7671321747275135	4.7671321747275135	4.7671321747275135	0	35.677054274229455	15.721669615812823	0	3241.6542066562615	581.2789684551942	0	0	0	0	19.452548672418892	0.15560956205140442	0	1767.3022474113181	5.753115866795848
161	4.7671321747275135	4.7671321747275135	4.7671321747275135	0	35.677054274208174	15.721669615810683	0	3241.654206655287	581.2789684537709	0	0	0	0	19.452548672406774	0.15560956205183898	0	1767.302247414147	5.75311586461731
162	4.7671321747275135	4.7671321747275135	4.7671321747275135	0	35.67705427418289	15.721669615808157	0	3241.6542066540974	581.2789684520785	0	0	0	0	19.4525486723923	0.15560956205238272	0	1767.302247417482	5.7531158620294
163	4.7671321747275135	4.7671321747275135	4.7671321747275135	0	35.67705427415362	15.72166961580525	0	3241.6542066526936	581.2789684501174	0	0	0	0	19.452548672375467	0.1556095620530357	0	1767.3022474213233	5.753115859032117
164	4.7671321747275135	4.7671321747275135	4.7671321747275135	0	35.67705427412036	15.72166961580196	0	3241.6542066510747	581.2789684478873	0	0	0	0	19.45254867235628	0.1556095620537979	0	1767.3022474256709	5.7531158556254605
165	4.7671321747275135	4.7671321747275135	4.7671321747275135	0	35.6770542740831	15.72166961579829	0	3241.6542066492416	581.2789684453885	0	0	0	0	19.452548672334732	0.15560956205466928	0	1767.3022474305246	5.753115851809432
166	4.7671321747275135	4.7671321747275135	4.7671321747275135	0	35.67705427404184	15.721669615794234	0	3241.654206647194	581.2789684426208	0	0	0	0	19.45254867231083	0.15560956205564988	0	1767.3022474358847	5.75311584758403
167	4.7671321747275135	4.7671321747275135	4.7671321747275135	0	35.67705427399659	15.721669615789796	0	3241.6542066449315	581.2789684395842	0	0	0	0	19.452548672284568	0.1556095620567397	0	1767.3022474417512	5.753115842949255
168	4.7671321747275135	4.7671321747275135	4.7671321747275135	0	35.67705427394735	15.721669615784977	0	3241.654206642455	581.2789684362788	0	0	0	0	19.45254867225595	0.15560956205793874	0	1767.3022474481238	5.753115837905107
169	4.7671321747275135	4.7671321747275135	4.7671321747275135	0	35.67705427389411	15.721669615779774	0	3241.6542066397633	581.2789684327045	0	0	0	0	19.452548672224975	0.15560956205924698	0	1767.3022474550028	5.753115832451586
170	4.7671321747275135	4.7671321747275135	4.7671321747275135	0	35.67705427383687	15.721669615774188	0	3241.6542066368575	581.2789684288614	0	0	0	0	19.452548672191643	0.15560956206066445	0	1767.302247462388	5.753115826588693
171	4.7671321747275135	4.7671321747275135	4.7671321747275135	0	35.677054273775646	15.72166961576822	0	3241.6542066337365	581.2789684247493	0	0	0	0	19.452548672155952	0.15560956206219112	0	1767.3022474702796	5.7531158203164265
172	4.7671321747275135	4.7671321747275135	4.7671321747275135	0	35.677054273710425	15.72166961576187	0	3241.6542066304014	581.2789684203685	0	0	0	0	19.452548672117906	0.155609562063827	0	1767.3022474786771	5.753115813634787
173	4.7671321747275135	4.7671321747275135	4.7671321747275135	0	35.677054273641204	15.721669615755136	0	3241.6542066268516	581.2789684157187	0	0	0	0	19.4525486720775	0.1556095620655721	0	1767.3022474875813	5.753115806543775
174	4.7671321747275135	4.7671321747275135	4.7671321747275135	0	35.677054273568	15.72166961574802	0	3241.6542066230872	581.2789684108002	0	0	0	0	19.452548672034737	0.15560956206742643	0	1767.3022474969916	5.75311579904339
175	4.7671321747275135	4.7671321747275135	4.7671321747275135	0	35.67705427349079	15.721669615740522	0	3241.6542066191087	581.2789684056128	0	0	0	0	19.45254867198962	0.15560956206938995	0	1767.302247506908	5.753115791133632
176	4.7671321747275135	4.7671321747275135	4.7671321747275135	0	35.67705427340959	15.72166961573264	0	3241.654206614915	581.2789684001565	0	0	0	0	19.452548671942143	0.15560956207146268	0	1767.302247517331	5.7531157828145005
177	4.7671321747275135	4.7671321747275135	4.7671321747275135	0	35.677054273324394	15.721669615724377	0	3241.6542066105067	581.2789683944313	0	0	0	0	19.45254867189231	0.15560956207364463	0	1767.30224752826	5.753115774085997
178	4.7671321747275135	4.7671321747275135	4.7671321747275135	0	35.67705427323521	15.721669615715731	0	3241.654206605884	581.2789683884374	0	0	0	0	19.45254867184012	0.1556095620759358	0	1767.3022475396954	5.75311576494812
179	4.7671321747275135	4.7671321747275135	4.7671321747275135	0	35.67705427314202	15.721669615706702	0	3241.654206601047	581.2789683821745	0	0	0	0	19.45254867178557	0.15560956207833618	0	1767.302247551637	5.753115755400871
180	4.7671321747275135	4.7671321747275135	4.7671321747275135	0	35.677054273044845	15.72166961569729	0	3241.654206595995	581.2789683756429	0	0	0	0	19.452548671728668	0.15560956208084575	0	1767.302247564085	5.753115745444248
181	4.7671321747275135	4.7671321747275135	4.7671321747275135	0	35.67705427294367	15.721669615687496	0	3241.654206590729	581.2789683688422	0	0	0	0	19.452548671669405	0.15560956208346458	0	1767.3022475770392	5.753115735078253
182	4.7671321747275135	4.7671321747275135	4.7671321747275135	0	35.677054272838504	15.72166961567732	0	3241.6542065852477	581.2789683617729	0	0	0	0	19.452548671607783	0.1556095620861926	0	1767.3022475904995	5.7531157243028845
183	4.7671321747275135	4.7671321747275135	4.7671321747275135	0	35.67705427277525	15.721669615671377	0	3241.6542065817116	581.2789683575376	0	0	0	0	19.452548671570334	0.1556095620882778	0	1767.30224759837	5.753115717871436
184	4.7671321747275135	4.7671321747275135	4.7671321747275135	0	35.67705427276884	15.721669615671146	0	3241.654206580853	581.278968357143	0	0	0	0	19.452548671565733	0.1556095620894177	0	1767.302247598698	5.753115717322986
185	4.7671321747275135	4.7671321747275135	4.7671321747275135	0	35.677054272762625	15.721669615670924	0	3241.65420658002	581.2789683567604	0	0	0	0	19.452548671561267	0.15560956209051752	0	1767.3022475990153	5.753115716790877
186	4.7671321747275135	4.7671321747275135	4.7671321747275135	0	35.6770542727566	15.721669615670708	0	3241.6542065792123	581.2789683563896	0	0	0	0	19.45254867155694	0.1556095620915773	0	1767.3022475993218	5.753115716275109
187	4.7671321747275135	4.7671321747275135	4.7671321747275135	0	35.67705427275077	15.7216696156705	0	3241.6542065784306	581.2789683560308	0	0	0	0	19.45254867155275	0.15560956209259708	0	1767.3022475996177	5.753115715775682
188	4.7671321747275135	4.7671321747275135	4.7671321747275135	0	35.67705427274514	15.721669615670297	0	3241.654206577675	581.2789683556838	0	0	0	0	19.4525486715487	0.1556095620935768	0	1767.302247599903	5.753115715292596
189	4.7671321747275135	4.7671321747275135	4.7671321747275135	0	35.677054272739696	15.721669615670102	0	3241.6542065769445	581.2789683553486	0	0	0	0	19.452548671544786	0.15560956209451646	0	1767.3022476001775	5.753115714825851
190	4.7671321747275135	4.7671321747275135	4.7671321747275135	0	35.677054272734445	15.721669615669914	0	3241.6542065762396	581.2789683550254	0	0	0	0	19.452548671541013	0.15560956209541607	0	1767.3022476004414	5.753115714375448
191	4.7671321747275135	4.7671321747275135	4.7671321747275135	0	35.67705427272939	15.721669615669732	0	3241.6542065755607	581.2789683547142	0	0	0	0	19.452548671537375	0.15560956209627566	0	1767.3022476006947	5.753115713941385
192	4.7671321747275135	4.7671321747275135	4.7671321747275135	0	35.67705427272453	15.721669615669558	0	3241.654206574907	581.2789683544147	0	0	0	0	19.452548671533872	0.1556095620970952	0	1767.3022476009373	5.753115713523664
193	4.7671321747275135	4.7671321747275135	4.7671321747275135	0	35.677054272719865	15.72166961566939	0	3241.6542065742797	581.2789683541272	0	0	0	0	19.45254867153051	0.15560956209787472	0	1767.3022476011693	5.753115713122284
194	4.7671321747275135	4.7671321747275135	4.7671321747275135	0	35.67705427271539	15.72166961566923	0	3241.6542065736776	581.2789683538515	0	0	0	0	19.452548671527286	0.15560956209861415	0	1767.3022476013905	5.753115712737245
195	4.7671321747275135	4.7671321747275135	4.7671321747275135	0	35.67705427271111	15.721669615669077	0	3241.654206573101	581.2789683535877	0	0	0	0	19.452548671524198	0.1556095620993136	0	1767.302247601601	5.7531157123685475
196	4.7671321747275135	4.7671321747275135	4.7671321747275135	0	35.677054272707025	15.72166961566893	0	3241.6542065725507	581.2789683533358	0	0	0	0	19.45254867152125	0.15560956209997295	0	1767.3022476018011	5.753115712016191
197	4.7671321747275135	4.7671321747275135	4.7671321747275135	0	35.67705427270313	15.72166961566879	0	3241.6542065720255	581.2789683530958	0	0	0	0	19.45254867151844	0.1556095621005923	0	1767.3022476019903	5.753115711680175
198	4.7671321747275135	4.7671321747275135	4.7671321747275135	0	35.67705427269943	15.721669615668658	0	3241.654206571526	581.2789683528677	0	0	0	0	19.452548671515768	0.15560956210117158	0	1767.302247602169	5.7531157113605005
199	4.7671321747275135	4.7671321747275135	4.7671321747275135	0	35.677054272695926	15.721669615668532	0	3241.6542065710523	581.2789683526514	0	0	0	0	19.45254867151323	0.1556095621017108	0	1767.302247602337	5.753115711057167
200	4.7671321747275135	4.7671321747275135	4.7671321747275135	0	35.677054272692615	15.721669615668413	0	3241.6542065706044	581.2789683524471	0	0	0	0	19.452548671510833	0.15560956210221003	0	1767.3022476024942	5.7531157107701745
201	4.7671321747275135	4.7671321747275135	4.7671321747275135	0	35.677054272689496	15.7216696156683	0	3241.6542065701824	581.2789683522547	0	0	0	0	19.452548671508573	0.15560956210266919	0	1767.3022476026408	5.753115710499523
202	4.7671321747275135	4.7671321747275135	4.7671321747275135	0	35.677054272686576	15.721669615668194	0	3241.6542065697854	581.2789683520741	0	0	0	0	19.45254867150645	0.15560956210308832	0	1767.3022476027768	5.753115710245214
203	4.7671321747275135	4.7671321747275135	4.7671321747275135	0	35.67705427268384	15.721669615668096	0	3241.654206569415	581.2789683519054	0	0	0	0	19.452548671504466	0.15560956210346738	0	1767.302247602902	5.753115710007244
204	4.7671321747275135	4.7671321747275135	4.7671321747275135	0	35.6770542726813	15.721669615668006	0	3241.654206569069	581.2789683517486	0	0	0	0	19.45254867150262	0.15560956210380641	0	1767.302247603017	5.753115709785617
205	4.7671321747275135	4.7671321747275135	4.7671321747275135	0	35.67705427267896	15.72166961566792	0	3241.6542065687495	581.2789683516037	0	0	0	0	19.45254867150091	0.15560956210410543	0	1767.3022476031208	5.75311570958033
206	4.7671321747275135	4.7671321747275135	4.7671321747275135	0	35.67705427267681	15.721669615667844	0	3241.6542065684557	581.2789683514707	0	0	0	0	19.45254867149934	0.15560956210436436	0	1767.302247603214	5.753115709391385
207	4.7671321747275135	4.7671321747275135	4.7671321747275135	0	35.67705427267486	15.721669615667773	0	3241.6542065681874	581.2789683513495	0	0	0	0	19.452548671497905	0.15560956210458327	0	1767.3022476032968	5.75311570921878
208	4.7671321747275135	4.7671321747275135	4.7671321747275135	0	35.67705427267309	15.72166961566771	0	3241.654206567945	581.2789683512402	0	0	0	0	19.452548671496608	0.15560956210476215	0	1767.3022476033689	5.7531157090625165
209	4.7671321747275135	4.7671321747275135	4.7671321747275135	0	35.677054272671526	15.721669615667652	0	3241.654206567728	581.2789683511429	0	0	0	0	19.45254867149545	0.15560956210490098	0	1767.30224760343	5.753115708922595
210	4.7671321747275135	4.7671321747275135	4.7671321747275135	0	35.67705427267015	15.721669615667603	0	3241.6542065675367	581.2789683510574	0	0	0	0	19.45254867149443	0.15560956210499977	0	1767.3022476034807	5.7531157087990135
211	4.7671321747275135	4.7671321747275135	4.7671321747275135	0	35.67705427266897	15.72166961566756	0	3241.654206567371	581.2789683509839	0	0	0	0	19.45254867149355	0.1556095621050585	0	1767.3022476035208	5.753115708691774
212	4.7671321747275135	4.7671321747275135	4.7671321747275135	0	35.67705427266798	15.721669615667524	0	3241.654206567231	581.2789683509221	0	0	0	0	19.452548671492803	0.1556095621050772	0	1767.30224760355	5.753115708600875
213	4.7671321747275135	4.7671321747275135	4.7671321747275135	0	35.677054272667185	15.721669615667494	0	3241.654206567117	581.2789683508722	0	0	0	0	19.452548671492195	0.15560956210505586	0	1767.3022476035687	5.753115708526317
214	4.7671321747275135	4.7671321747275135	4.7671321747275135	0	35.67705427266658	15.721669615667473	0	3241.6542065670283	581.2789683508344	0	0	0	0	19.452548671491726	0.15560956210499446	0	1767.302247603577	5.7531157084681
215	4.7671321747275135	4.7671321747275135	4.7671321747275135	0	35.677054272666176	15.721669615667457	0	3241.6542065669655	581.2789683508083	0	0	0	0	19.452548671491396	0.15560956210489305	0	1767.3022476035742	5.7531157084262246
216	4.7671321747275135	4.7671321747275135	4.7671321747275135	0	35.67705427266596	15.72166961566745	0	3241.654206566928	581.2789683507941	0	0	0	0	19.452548671491204	0.15560956210475158	0	1767.302247603561	5.75311570840069
217	4.7671321747275135	4.7671321747275135	4.7671321747275135	0	35.67705427266594	15.721669615667448	0	3241.6542065669164	581.2789683507918	0	0	0	0	19.452548671491147	0.15560956210457005	0	1767.302247603537	5.753115708391497
218	4.7671321747275135	4.7671321747275135	4.7671321747275135	0	35.67705427266612	15.721669615667453	0	3241.6542065669305	581.2789683508014	0	0	0	0	19.45254867149123	0.1556095621043485	0	1767.3022476035023	5.753115708398645
219	4.7671321747275135	4.7671321747275135	4.7671321747275135	0	35.67705427266649	15.721669615667466	0	3241.6542065669705	581.2789683508229	0	0	0	0	19.45254867149145	0.1556095621040869	0	1767.302247603457	5.753115708422134
220	4.7671321747275135	4.7671321747275135	4.7671321747275135	0	35.67705427266704	15.721669615667485	0	3241.654206567036	581.2789683508563	0	0	0	0	19.452548671491805	0.15560956210378526	0	1767.3022476034012	5.753115708461964
221	4.7671321747275135	4.7671321747275135	4.7671321747275135	0	35.6770542726678	15.721669615667512	0	3241.654206567127	581.2789683509016	0	0	0	0	19.452548671492302	0.1556095621034436	0	1767.3022476033345	5.753115708518135
222	4.7671321747275135	4.7671321747275135	4.7671321747275135	0	35.67705427266875	15.721669615667546	0	3241.654206567244	581.2789683509587	0	0	0	0	19.452548671492934	0.15560956210306187	0	1767.3022476032572	5.753115708590648
223	4.7671321747275135	4.7671321747275135	4.7671321747275135	0	35.67705427266989	15.721669615667585	0	3241.654206567386	581.2789683510277	0	0	0	0	19.452548671493705	0.1556095621026401	0	1767.3022476031692	5.753115708679501
224	4.7671321747275135	4.7671321747275135	4.7671321747275135	0	35.67705427267123	15.721669615667633	0	3241.6542065675544	581.2789683511087	0	0	0	0	19.452548671494615	0.1556095621021783	0	1767.3022476030708	5.753115708784696
225	4.7671321747275135	4.7671321747275135	4.7671321747275135	0	35.677054272672756	15.721669615667686	0	3241.654206567748	581.2789683512015	0	0	0	0	19.45254867149566	0.15560956210167645	0	1767.3022476029614	5.753115708906232
226	4.7671321747275135	4.7671321747275135	4.7671321747275135	0	35.67705427267448	15.721669615667748	0	3241.654206567968	581.2789683513062	0	0	0	0	19.452548671496846	0.15560956210113455	0	1767.3022476028416	5.753115709044108
227	4.7671321747275135	4.7671321747275135	4.7671321747275135	0	35.67705427267639	15.721669615667816	0	3241.654206568213	581.2789683514228	0	0	0	0	19.452548671498167	0.15560956210055263	0	1767.3022476027108	5.753115709198326
228	4.7671321747275135	4.7671321747275135	4.7671321747275135	0	35.677054272678504	15.72166961566789	0	3241.654206568484	581.2789683515513	0	0	0	0	19.452548671499628	0.15560956209993065	0	1767.3022476025697	5.753115709368886
229	4.7671321747275135	4.7671321747275135	4.7671321747275135	0	35.67705427268081	15.721669615667972	0	3241.6542065687804	581.2789683516916	0	0	0	0	19.452548671501223	0.15560956209926863	0	1767.3022476024178	5.753115709555785
230	4.7671321747275135	4.7671321747275135	4.7671321747275135	0	35.67705427268331	15.72166961566806	0	3241.6542065691024	581.2789683518438	0	0	0	0	19.45254867150296	0.15560956209856655	0	1767.3022476022552	5.753115709759027
231	4.7671321747275135	4.7671321747275135	4.7671321747275135	0	35.677054272686	15.721669615668157	0	3241.6542065694503	581.278968352008	0	0	0	0	19.452548671504832	0.15560956209782445	0	1767.302247602082	5.753115709978609
232	4.7671321747275135	4.7671321747275135	4.7671321747275135	0	35.677054272688885	15.721669615668258	0	3241.6542065698236	581.2789683521839	0	0	0	0	19.452548671506843	0.15560956209704233	0	1767.302247601898	5.753115710214533
233	4.7671321747275135	4.7671321747275135	4.7671321747275135	0	35.67705427269196	15.721669615668368	0	3241.654206570223	581.2789683523719	0	0	0	0	19.452548671508993	0.15560956209622012	0	1767.3022476017036	5.753115710466798
234	4.7671321747275135	4.7671321747275135	4.7671321747275135	0	35.67705427269524	15.721669615668484	0	3241.6542065706476	581.2789683525716	0	0	0	0	19.452548671511277	0.1556095620953579	0	1767.3022476014983	5.753115710735403
235	4.7671321747275135	4.7671321747275135	4.7671321747275135	0	35.6770542726987	15.721669615668608	0	3241.6542065710983	581.2789683527833	0	0	0	0	19.4525486715137	0.15560956209445562	0	1767.3022476012825	5.75311571102035
236	4.7671321747275135	4.7671321747275135	4.7671321747275135	0	35.677054272702364	15.721669615668738	0	3241.6542065715744	581.2789683530068	0	0	0	0	19.452548671516265	0.15560956209351332	0	1767.3022476010558	5.753115711321638
237	4.7671321747275135	4.7671321747275135	4.7671321747275135	0	35.677054272706215	15.721669615668874	0	3241.6542065720764	581.2789683532422	0	0	0	0	19.45254867151896	0.15560956209253096	0	1767.3022476008186	5.753115711639267
238	4.7671321747275135	4.7671321747275135	4.7671321747275135	0	35.67705427271026	15.721669615669018	0	3241.654206572604	581.2789683534896	0	0	0	0	19.4525486715218	0.15560956209150856	0	1767.3022476005708	5.753115711973237
239	4.7671321747275135	4.7671321747275135	4.7671321747275135	0	35.6770542727145	15.72166961566917	0	3241.6542065731574	581.2789683537488	0	0	0	0	19.452548671524777	0.15560956209044613	0	1767.3022476003123	5.753115712323549
240	4.7671321747275135	4.7671321747275135	4.7671321747275135	0	35.677054272718934	15.721669615669327	0	3241.6542065737362	581.27896835402	0	0	0	0	19.45254867152789	0.15560956208934365	0	1767.302247600043	5.753115712690201
