0	4.7671321747275135	4.7671321747275135	4.7671321747275135	0	0	0	0	0	0	0	0	0	0	0	0	0	0	0
1	4.7671321747275135	4.7671321747275135	4.7671321747275135	0	0	0	0	0	0	0	0	0	0	0	0	0	0	0
2	4.7671321747275135	4.7671321747275135	4.7671321747275135	0	0	0	0	0	0	0	0	0	0	0	0	0	0	0
3	4.7671321747275135	4.7671321747275135	4.7671321747275135	0	0	0	0	0	0	0	0	0	0	0	0	0	0	0
4	4.7671321747275135	4.7671321747275135	4.7671321747275135	0	0	0	0	0	0	0	0	0	0	0	0	0	0	0
5	4.7671321747275135	4.7671321747275135	4.7671321747275135	0	0	0	0	0	0	0	0	0	0	0	0	0	0	0
6	4.7671321747275135	4.7671321747275135	4.7671321747275135	0	0	0	0	0	0	0	0	0	0	0	0	0	0	0
7	4.7671321747275135	4.7671321747275135	4.7671321747275135	0	0	0	0	0	0	0	0	0	0	0	0	0	0	0
8	4.7671321747275135	4.7671321747275135	4.7671321747275135	0	0	0	0	0	0	0	0	0	0	0	0	0	0	0
9	4.7671321747275135	4.7671321747275135	4.7671321747275135	0	0	0	0	0	0	0	0	0	0	0	0	0	0	0
10	4.7671321747275135	4.7671321747275135	4.7671321747275135	0	0	0	0	0	0	0	0	0	0	0	0	0	0	0
11	4.7671321747275135	4.7671321747275135	4.7671321747275135	0	0	0	0	0	0	0	0	0	0	0	0	0	0	0
12	4.7671321747275135	4.7671321747275135	4.7671321747275135	45.59033897917053	50.6462192109297	21.11887527130758	4076.1103385590845	3731.412257292963	643.0617729905426	0	0	0	-4.360752451427155	-4.979403771526839	-2.0382307746429897	-372.32843182100953	-349.53823648775517	-59.116445999201346
13	4.7671321747275135	4.7671321747275135	4.7671321747275135	45.5916101181289	50.990284445959745	21.165777858879927	4717.333327773303	4519.0609668567595	765.4154874617841	0	0	0	-4.362158515915567	-5.010446549931869	-2.042609011751227	-449.15480788319405	-442.0489489444765	-73.51513671318234
14	4.7671321747275135	4.7671321747275135	4.7671321747275135	45.591610148853505	51.023178171651175	21.170173876137632	4794.9863347648825	4621.234861373679	780.6015604106557	0	0	0	-4.36215858227899	-5.012388970239784	-2.042809241288712	-458.4631287292431	-453.71363164266603	-75.28000699270986
15	4.7671321747275135	4.7671321747275135	4.7671321747275135	45.59161014885388	51.0271239116238	21.17070843891338	4804.371172202913	4634.344134073971	782.4785434987901	0	0	0	-4.362158582280887	-5.012609378720294	-2.0428314973662953	-459.58809604147433	-455.16687570629625	-75.49510658157472
16	4.7671321747275135	4.7671321747275135	4.7671321747275135	45.59161014885388	51.02760146070216	21.170774133096803	4805.488190816743	4635.997896499634	782.7071397307626	0	0	0	-4.362158582280887	-5.0126352400106455	-2.0428340736789243	-459.7219938778682	-455.3449920397746	-75.52091880679075
17	4.7671321747275135	4.7671321747275135	4.7671321747275135	45.59161014885388	51.02765910161489	21.170782185384127	4805.620280053652	4636.205174691834	782.7348322639983	0	0	0	-4.362158582280886	-5.012638269792707	-2.042834371372302	-459.7378275111332	-455.36668298985984	-75.5239965207284
18	4.7671321747275135	4.7671321747275135	4.7671321747275135	45.59161014885388	51.02766472503274	21.170782987199928	4805.632613051784	4636.2260685118345	782.7375060528301	0	0	0	-4.3621585822808875	-5.012638528426172	-2.04283439495952	-459.73930587666246	-455.36878859889026	-75.52428708660567
19	4.7671321747275135	4.7671321747275135	4.7671321747275135	45.59161014885389	51.02766532715286	21.17078307525572	4805.633766407577	4636.228188199053	782.7377657512237	0	0	0	-4.362158582280887	-5.012638537940036	-2.0428343946990086	-459.7394441300327	-455.36899385414563	-75.5243145863823
20	4.7671321747275135	4.7671321747275135	4.7671321747275135	45.59161014885388	51.02766515820859	21.170783051276306	4805.633405028754	4636.227603860925	782.7376890777105	0	0	0	-4.3621585822808875	-5.01263853207609	-2.0428343943062015	-459.7394008113338	-455.3689335122976	-75.52430612487369
21	4.7671321747275135	4.7671321747275135	4.7671321747275135	45.59161014885388	51.02766507633264	21.170783039645265	4805.633230464473	4636.227319634159	782.7376519269226	0	0	0	-4.3621585822808875	-5.012638529136082	-2.0428343940982265	-459.7393798862531	-455.3689042893733	-75.52430203519629
22	4.7671321747275135	4.7671321747275135	4.7671321747275135	45.59161014885388	51.027665081525	21.170783040362597	4805.633242714734	4636.227335518756	782.7376542988602	0	0	0	-4.362158582280887	-5.012638529120015	-2.0428343940750837	-459.7393813547907	-455.36890618537274	-75.52430231735012
23	4.7671321747275135	4.7671321747275135	4.7671321747275135	45.59161014885389	51.02766512735926	21.170783046856446	4805.633340760103	4636.227491369025	782.7376749455455	0	0	0	-4.362158582280885	-5.012638530519178	-2.042834394149061	-459.73939310760437	-455.3689224482602	-75.52430460944728
24	4.7671321747275135	4.7671321747275135	4.7671321747275135	45.59161014885389	51.02766514343482	21.170783049143154	4805.633373534056	4636.227544674434	782.737681917161	0	0	0	-4.362158582280886	-5.012638530980036	-2.042834394172557	-459.7393970362171	-455.36892792068505	-75.52430537645031
25	4.7671321747275135	4.7671321747275135	4.7671321747275135	45.59161014885388	51.027665157658845	21.17078305116665	4805.633402513236	4636.227591817931	782.7376880821508	0	0	0	-4.362158582280887	-5.012638531386112	-2.042834394193108	-459.7394005099494	-455.36893275961387	-75.52430605464119
26	4.7671321747275135	4.7671321747275135	4.7671321747275135	45.59161014885388	51.02766517003137	21.17078305292694	4805.633427697644	4636.227632799514	782.7376934405152	0	0	0	-4.362158582280887	-5.012638531737406	-2.0428343942107134	-459.7394035288014	-455.3689369650467	-75.52430664401989
27	4.7671321747275135	4.7671321747275135	4.7671321747275135	45.59161014885388	51.02766518055237	21.170783054424017	4805.633449087279	4636.227667619186	782.737697992254	0	0	0	-4.3621585822808875	-5.012638532033918	-2.042834394225374	-459.73940609277304	-455.3689405369835	-75.52430714458642
28	4.7671321747275135	4.7671321747275135	4.7671321747275135	45.59161014885388	51.027665189221864	21.170783055657882	4805.633466682141	4636.227696276944	782.737701737367	0	0	0	-4.3621585822808875	-5.0126385322756475	-2.0428343942370892	-459.7394082018643	-455.3689434754242	-75.52430755634079
29	4.7671321747275135	4.7671321747275135	4.7671321747275135	45.59161014885388	51.027665196039834	21.170783056628537	4805.63348048223	4636.22771877279	782.7377046758546	0	0	0	-4.3621585822808875	-5.012638532462595	-2.042834394245859	-459.7394098560752	-455.3689457803689	-75.52430787928297
30	4.7671321747275135	4.7671321747275135	4.7671321747275135	45.59161014885388	51.02766520100629	21.17078305733598	4805.6334904875475	4636.227735106723	782.7377068077166	0	0	0	-4.362158582280888	-5.012638532594759	-2.042834394251684	-459.73941105540575	-455.36894745181763	-75.524308113413
31	4.7671321747275135	4.7671321747275135	4.7671321747275135	45.59161014885388	51.02766520412124	21.170783057780213	4805.633496698091	4636.227745278744	782.7377081329529	0	0	0	-4.362158582280888	-5.012638532672142	-2.0428343942545633	-459.73941179985593	-455.3689484897703	-75.52430825873087
32	4.7671321747275135	4.7671321747275135	4.7671321747275135	45.59161014885388	51.02766520538467	21.170783057961238	4805.633499113863	4636.227749288852	782.7377086515636	0	0	0	-4.362158582280888	-5.0126385326947425	-2.0428343942544975	-459.73941208942574	-455.36894889422695	-75.52430831523655
33	4.7671321747275135	4.7671321747275135	4.7671321747275135	45.59161014885388	51.027665204796584	21.17078305787905	4805.633497734861	4636.227747137047	782.7377083635488	0	0	0	-4.362158582280888	-5.01263853266256	-2.0428343942514866	-459.73941192411525	-455.36894866518753	-75.52430828293008
34	4.7671321747275135	4.7671321747275135	4.7671321747275135	45.59161014885388	51.027665202356985	21.17078305753365	4805.633492561087	4636.22773882333	782.7377072689083	0	0	0	-4.3621585822808875	-5.012638532575596	-2.0428343942455305	-459.7394113039243	-455.36894780265214	-75.52430816181145
35	4.7671321747275135	4.7671321747275135	4.7671321747275135	45.59161014885388	51.027665198065876	21.17078305692504	4805.63348359254	4636.2277243477	782.7377053676422	0	0	0	-4.3621585822808875	-5.01263853243385	-2.042834394236629	-459.7394102288531	-455.36894630662067	-75.52430795188063
36	4.7671321747275135	4.7671321747275135	4.7671321747275135	45.59161014885388	51.02766519192324	21.170783056053217	4805.633470829221	4636.227703710158	782.7377026597507	0	0	0	-4.3621585822808875	-5.012638532237321	-2.0428343942247826	-459.73940869890146	-455.3689441770932	-75.52430765313765
37	4.7671321747275135	4.7671321747275135	4.7671321747275135	45.59161014885388	51.0276651839291	21.170783054918186	4805.633454271128	4636.227676910702	782.7376991452334	0	0	0	-4.3621585822808875	-5.01263853198601	-2.0428343942099905	-459.7394067140695	-455.36894141406975	-75.52430726558251
38	4.7671321747275135	4.7671321747275135	4.7671321747275135	45.59161014885388	51.02766517408344	21.170783053519944	4805.633433918263	4636.227643949334	782.7376948240906	0	0	0	-4.362158582280887	-5.012638531679917	-2.0428343941922535	-459.7394042743572	-455.3689380175502	-75.52430678921519
39	4.7671321747275135	4.7671321747275135	4.7671321747275135	45.59161014885388	51.02766517136565	21.170783053131117	4805.633428760724	4636.227635482141	782.7376937223679	0	0	0	-4.362158582280887	-5.012638531640309	-2.0428343941934775	-459.73940365617364	-455.36893715712057	-75.52430666865241
40	4.7671321747275135	4.7671321747275135	4.7671321747275135	45.59161014885388	51.02766516991189	21.170783052921628	4805.6334262444625	4636.2276312857975	782.7376931810257	0	0	0	-4.362158582280887	-5.012638531642727	-2.042834394197366	-459.73940335460424	-455.3689367375052	-75.52430660991993
41	4.7671321747275135	4.7671321747275135	4.7671321747275135	45.59161014885388	51.027665168568475	21.170783052728037	4805.6334239194475	4636.2276274080195	782.7376926808059	0	0	0	-4.362158582280886	-5.012638531644924	-2.042834394200972	-459.73940307595416	-455.3689363497819	-75.52430655565199
42	4.7671321747275135	4.7671321747275135	4.7671321747275135	45.59161014885389	51.02766516733541	21.17078305255034	4805.633421785679	4636.227623848808	782.7376922217082	0	0	0	-4.362158582280886	-5.012638531646897	-2.042834394204295	-459.7394028202234	-455.3689359939508	-75.52430650584859
43	4.7671321747275135	4.7671321747275135	4.7671321747275135	45.59161014885389	51.02766516621268	21.17078305238854	4805.633419843159	4636.227620608164	782.7376918037329	0	0	0	-4.362158582280886	-5.0126385316486495	-2.042834394207336	-459.7394025874121	-455.3689356700118	-75.52430646050972
44	4.7671321747275135	4.7671321747275135	4.7671321747275135	45.59161014885389	51.02766516520029	21.170783052242637	4805.633418091885	4636.227617686085	782.7376914268798	0	0	0	-4.362158582280886	-5.01263853165018	-2.042834394210095	-459.7394023775201	-455.36893537796493	-75.5243064196354
45	4.7671321747275135	4.7671321747275135	4.7671321747275135	45.59161014885389	51.027665164298256	21.170783052112625	4805.633416531858	4636.227615082572	782.7376910911489	0	0	0	-4.362158582280886	-5.012638531651488	-2.0428343942125706	-459.7394021905475	-455.3689351178102	-75.52430638322559
46	4.7671321747275135	4.7671321747275135	4.7671321747275135	45.59161014885389	51.027665163506555	21.170783051998512	4805.633415163078	4636.227612797626	782.7376907965404	0	0	0	-4.362158582280886	-5.0126385316525734	-2.0428343942147644	-459.7394020264942	-455.36893488954763	-75.52430635128034
47	4.7671321747275135	4.7671321747275135	4.7671321747275135	45.59161014885389	51.0276651628252	21.170783051900294	4805.633413985545	4636.227610831245	782.7376905430541	0	0	0	-4.362158582280886	-5.012638531653438	-2.0428343942166753	-459.73940188536034	-455.3689346931772	-75.52430632379964
48	4.7671321747275135	4.7671321747275135	4.7671321747275135	45.59161014885389	51.027665162254195	21.17078305181797	4805.633412999259	4636.227609183431	782.73769033069	0	0	0	-4.362158582280886	-5.01263853165408	-2.042834394218304	-459.7394017671458	-455.3689345286989	-75.52430630078345
49	4.7671321747275135	4.7671321747275135	4.7671321747275135	45.59161014885389	51.02766516179353	21.170783051751545	4805.633412204221	4636.227607854183	782.7376901594482	0	0	0	-4.362158582280886	-5.012638531654499	-2.04283439421965	-459.7394016718506	-455.36893439611276	-75.52430628223182
50	4.7671321747275135	4.7671321747275135	4.7671321747275135	45.59161014885389	51.0276651614432	21.17078305170101	4805.63341160043	4636.227606843501	782.7376900293286	0	0	0	-4.362158582280886	-5.012638531654697	-2.042834394220714	-459.7394015994748	-455.36893429541874	-75.52430626814471
51	4.7671321747275135	4.7671321747275135	4.7671321747275135	45.59161014885389	51.02766516120323	21.170783051666376	4805.633411187885	4636.227606151385	782.7376899403313	0	0	0	-4.362158582280886	-5.012638531654672	-2.042834394221495	-459.73940155001833	-455.36893422661683	-75.52430625852215
52	4.7671321747275135	4.7671321747275135	4.7671321747275135	45.59161014885389	51.02766516107359	21.170783051647636	4805.633410966588	4636.227605777835	782.7376898924563	0	0	0	-4.362158582280886	-5.012638531654425	-2.0428343942219938	-459.73940152348126	-455.3689341897071	-75.52430625336413
53	4.7671321747275135	4.7671321747275135	4.7671321747275135	45.59161014885389	51.0276651610543	21.17078305164479	4805.633410936538	4636.227605722852	782.7376898857035	0	0	0	-4.362158582280886	-5.012638531653957	-2.0428343942222096	-459.7394015198636	-455.36893418468946	-75.52430625267064
54	4.7671321747275135	4.7671321747275135	4.7671321747275135	45.59161014885389	51.02766516114536	21.170783051657843	4805.633411097735	4636.227605986434	782.737689920073	0	0	0	-4.362158582280886	-5.012638531653266	-2.0428343942221434	-459.7394015391652	-455.368934211564	-75.52430625644169
55	4.7671321747275135	4.7671321747275135	4.7671321747275135	45.59161014885389	51.027665161346754	21.170783051686787	4805.633411450179	4636.227606568583	782.7376899955648	0	0	0	-4.362158582280887	-5.012638531652353	-2.042834394221795	-459.7394015813862	-455.36893427033067	-75.52430626467728
56	4.7671321747275135	4.7671321747275135	4.7671321747275135	45.59161014885388	51.02766516165849	21.17078305173163	4805.633411993869	4636.227607469298	782.7376901121787	0	0	0	-4.362158582280887	-5.012638531651218	-2.0428343942211638	-459.7394016465266	-455.3689343609895	-75.5243062773774
57	4.7671321747275135	4.7671321747275135	4.7671321747275135	45.59161014885388	51.027665162080574	21.170783051792366	4805.633412728807	4636.227608688579	782.737690269915	0	0	0	-4.362158582280887	-5.012638531649861	-2.04283439422025	-459.7394017345863	-455.36893448354044	-75.52430629454207
58	4.7671321747275135	4.7671321747275135	4.7671321747275135	45.59161014885388	51.027665162613005	21.170783051868998	4805.633413654992	4636.227610226426	782.7376904687735	0	0	0	-4.362158582280887	-5.012638531648282	-2.042834394219054	-459.7394018455654	-455.36893463798356	-75.52430631617128
59	4.7671321747275135	4.7671321747275135	4.7671321747275135	45.59161014885388	51.027665163255776	21.17078305196153	4805.633414772425	4636.227612082839	782.7376907087543	0	0	0	-4.3621585822808875	-5.0126385316464805	-2.042834394217575	-459.7394019794638	-455.3689348243187	-75.52430634226502
60	4.7671321747275135	4.7671321747275135	4.7671321747275135	45.59161014885388	51.02766516400889	21.17078305206995	4805.633416081104	4636.2276142578185	782.7376909898574	0	0	0	-4.3621585822808875	-5.012638531644457	-2.042834394215814	-459.7394021362817	-455.3689350425461	-75.5243063728233
61	4.7671321747275135	4.7671321747275135	4.7671321747275135	45.59161014885388	51.027665164872346	21.17078305219427	4805.633417581031	4636.227616751365	782.7376913120826	0	0	0	-4.362158582280888	-5.012638531642212	-2.0428343942137706	-459.73940231601887	-455.36893529266564	-75.52430640784613
62	4.7671321747275135	4.7671321747275135	4.7671321747275135	45.591610148853874	51.02766516584615	21.170783052334485	4805.633419272203	4636.227619563476	782.7376916754301	0	0	0	-4.362158582280888	-5.012638531639745	-2.0428343942114444	-459.7394025186754	-455.36893557467727	-75.52430644733347
63	4.7671321747275135	4.7671321747275135	4.7671321747275135	45.59161014885388	51.027665166262445	21.170783052395027	4805.633419912305	4636.227620648417	782.7376918141781	0	0	0	-4.362158582280447	-5.0126385316351865	-2.0428343942077185	-459.7394025954674	-455.36893568075084	-75.52430646219486
64	4.7671321747275135	4.7671321747275135	4.7671321747275135	45.59161014885389	51.02766516653076	21.170783052434217	4805.633420302626	4636.227621317085	782.7376918992054	0	0	0	-4.362158582280088	-5.0126385316314295	-2.042834394204597	-459.7394026423286	-455.36893574525317	-75.5243064712308
65	4.7671321747275135	4.7671321747275135	4.7671321747275135	45.591610148853896	51.02766516673514	21.170783052464063	4805.633420602122	4636.2276218306615	782.737691964477	0	0	0	-4.362158582279884	-5.012638531628824	-2.0428343942023077	-459.7394026782936	-455.36893579479704	-75.5243064781659
66	4.7671321747275135	4.7671321747275135	4.7671321747275135	45.5916101488539	51.02766516687559	21.17078305248457	4805.63342081079	4636.227622189147	782.737692009993	0	0	0	-4.362158582279835	-5.012638531627369	-2.042834394200851	-459.7394027033624	-455.36893582938234	-75.52430648300015
67	4.7671321747275135	4.7671321747275135	4.7671321747275135	45.5916101488539	51.02766516695212	21.170783052495736	4805.633420928633	4636.22762239254	782.7376920357535	0	0	0	-4.36215858227994	-5.012638531627066	-2.042834394200227	-459.7394027175349	-455.3689358490092	-75.52430648573355
68	4.7671321747275135	4.7671321747275135	4.7671321747275135	45.5916101488539	51.02766516696471	21.17078305249756	4805.63342095565	4636.2276224408415	782.7376920417584	0	0	0	-4.3621585822802	-5.012638531627914	-2.0428343942004354	-459.7394027208113	-455.36893585367744	-75.52430648636609
69	4.7671321747275135	4.7671321747275135	4.7671321747275135	45.5916101488539	51.02766516691337	21.17078305249004	4805.633420891841	4636.227622334051	782.7376920280075	0	0	0	-4.362158582280615	-5.012638531629914	-2.0428343942014764	-459.7394027131915	-455.36893584338725	-75.52430648489778
70	4.7671321747275135	4.7671321747275135	4.7671321747275135	45.591610148853896	51.0276651667981	21.17078305247318	4805.633420737205	4636.22762207217	782.7376919945011	0	0	0	-4.362158582281184	-5.012638531633066	-2.0428343942033496	-459.7394026946755	-455.36893581813854	-75.52430648132862
71	4.7671321747275135	4.7671321747275135	4.7671321747275135	45.59161014885389	51.0276651666189	21.17078305244698	4805.633420491742	4636.227621655195	782.7376919412391	0	0	0	-4.362158582281908	-5.01263853163737	-2.0428343942060554	-459.73940266526336	-455.36893577793126	-75.52430647565862
72	4.7671321747275135	4.7671321747275135	4.7671321747275135	45.59161014885389	51.0276651666189	21.17078305244698	4805.633420491742	4636.227621655195	782.7376919412391	0	0	0	-4.362158582281908	-5.01263853163737	-2.0428343942060554	-459.73940266526336	-455.36893577793126	-75.52430647565862
73	4.7671321747275135	4.7671321747275135	4.7671321747275135	0.0012443676972287068	50.056517313693256	20.806446057976	729.4237460768287	4599.098129667374	777.0611876865224	0	0	0	-0.0013843205430529282	-5.056648392709754	-2.0567547244850464	-87.40385990474964	-457.4017573591243	-75.79569439165785
74	4.7671321747275135	4.767132174727514	4.7671321747275135	0	44.99090564347141	18.93515320596255	88.28678133900509	4321.237006171453	735.0645666603028	0	0	0	-0.00047218294855407207	-4.976757159575511	-2.00935529916606	-10.581720207305704	-458.2979179904459	-75.56667013721412
75	4.7671321747275135	4.767132174727514	4.7671321747275135	0	38.2470906516917	16.54585825827254	10.67710213215501	3732.624777908829	648.6421566331047	0	0	0	-0.0004721716432550867	-4.2110681254604225	-1.702808339882146	-1.279717174936097	-413.4102219607659	-67.9218713522807
76	4.7671321747275135	4.7671321747275135	4.7671321747275135	0	36.094847157195964	15.843297270943058	1.2849377055405515	3371.9315660641596	598.2218882170012	0	0	0	-0.00047217164300999265	-3.820163911182936	-1.5604110655678685	-0.15400778508571916	-362.19955571029163	-59.951773752299644
77	4.7671321747275135	4.7671321747275135	4.7671321747275135	0	35.73714004734588	15.737779172485148	0.15474899841880224	3268.029824534234	584.5317311633557	0	0	0	-0.0004721716430099906	-3.7504576138648407	-1.5375329050157704	-0.0185476310547677	-344.466933337324	-57.36779695506362
78	4.7671321747275135	4.7671321747275135	4.7671321747275135	0	35.68540109764283	15.723765423058552	0.018487934529721983	3246.321057980537	581.827426165667	0	0	0	-0.0004721716430099906	-3.740517159845233	-1.534566415979703	-0.002215894074441283	-340.54878527993407	-56.82997484423003
79	4.7671321747275135	4.7671321747275135	4.7671321747275135	0	35.6781741485658	15.721936182063903	0.002148023502921728	3242.408218030572	581.3637630734037	0	0	0	-0.0004721716430099906	-3.7391682482749116	-1.5341943764285222	-0.00025745399218280997	-339.83072599837357	-56.73653332573265
80	4.7671321747275135	4.7671321747275135	4.7671321747275135	0	35.677193855766276	15.72170132201047	0.00022985700359641817	3241.7642920702883	581.2908308990197	0	0	0	-0.0004721716430099906	-3.738985933952402	-1.5341469927880533	-5258963547607019e-20	-339.71223637360265	-56.72184560572898
81	4.7671321747275135	4.7671321747275135	4.7671321747275135	0	35.67707014113552	15.721673065947156	21846508298697153e-21	3241.6686873226004	581.280462043263	0	0	0	-0.0004721716430099906	-3.7389688046420337	-1.5341433476438338	-4218924979573003e-20	-339.6949059280759	-56.719801494026726
82	4.7671321747275135	4.7671321747275135	4.7671321747275135	0	35.67705425855249	15.721669594365652	0	3241.6545468471113	581.2789922178122	0	0	0	-0.0004721716430099906	-3.7389666409181364	-1.5341428878979113	-4122963014865842e-20	-339.69249536513905	-56.71953339763515
83	4.7671321747275135	4.7671321747275135	4.7671321747275135	0	35.67705438979643	15.721669650306543	0	3241.654216797327	581.2789690636707	0	0	0	-0.0004721716430099906	-3.7389667018400345	-1.5341429115086387	-4122884858341959e-20	-339.69246594043625	-56.719532662872936
84	4.7671321747275135	4.7671321747275135	4.7671321747275135	0	35.67705435154218	15.72166964256516	0	3241.6541227632433	581.2789625714225	0	0	0	-0.0004721716430099906	-3.738966708244	-1.5341429131430033	-4122884858341959e-20	-339.69245848054084	-56.7195325706141
85	4.7671321747275135	4.7671321747275135	4.7671321747275135	0	35.6770542701172	15.721669616565036	0	3241.6541648320344	581.278965495006	0	0	0	-0.0004721716430099906	-3.738966695250264	-1.5341429071794186	-4122884858341959e-20	-339.6924627191909	-56.71953270137331
86	4.7671321747275135	4.7671321747275135	4.7671321747275135	0	35.67705426939752	15.72166961551429	0	3241.6541856890954	581.2789669210036	0	0	0	-0.0004721716430099906	-3.738966692239593	-1.5341429061216627	-4122884858341959e-20	-339.6924645686844	-56.71953273334992
87	4.7671321747275135	4.7671321747275135	4.7671321747275135	0	35.67705426888844	15.721669614644536	0	3241.6542035894677	581.2789681449857	0	0	0	-0.0004721716430099906	-3.7389666896723894	-1.5341429052211746	-4122884858341959e-20	-339.6924661539238	-56.71953276064246
88	4.7671321747275135	4.7671321747275135	4.7671321747275135	0	35.67705426858994	15.721669613955772	0	3241.6542185331514	581.2789691669524	0	0	0	-0.0004721716430099906	-3.7389666875486527	-1.5341429044779542	-4122884858341959e-20	-339.6924674749093	-56.71953278325092
89	4.7671321747275135	4.7671321747275135	4.7671321747275135	0	35.67705426850205	15.721669613447999	0	3241.6542305201465	581.2789699869033	0	0	0	-0.0004721716430099906	-3.7389666858683825	-1.5341429038920014	-4122884858341959e-20	-339.69246853164077	-56.71953280117531
90	4.7671321747275135	4.7671321747275135	4.7671321747275135	0	35.67705426862474	15.721669613121215	0	3241.654239550453	581.2789706048388	0	0	0	-0.0004721716430099906	-3.738966684631579	-1.5341429034633165	-4122884858341959e-20	-339.6924693241183	-56.71953281441563
91	4.7671321747275135	4.7671321747275135	4.7671321747275135	0	35.677054268958024	15.72166961297542	0	3241.654245624071	581.2789710207587	0	0	0	-0.0004721716430099906	-3.738966683838243	-1.5341429031918992	-4122884858341959e-20	-339.69246985234184	-56.71953282297187
92	4.7671321747275135	4.7671321747275135	4.7671321747275135	0	35.67705426950191	15.721669613010617	0	3241.654248741	581.2789712346631	0	0	0	-0.0004721716430099906	-3.738966683488373	-1.5341429030777496	-4122884858341959e-20	-339.69247011631137	-56.71953282684404
93	4.7671321747275135	4.7671321747275135	4.7671321747275135	0	35.67705427025638	15.721669613226803	0	3241.654248901241	581.2789712465519	0	0	0	-0.0004721716430099906	-3.7389666835819706	-1.5341429031208678	-4122884858341959e-20	-339.6924701160269	-56.719532826032136
94	4.7671321747275135	4.7671321747275135	4.7671321747275135	0	35.67705427122145	15.72166961362398	0	3241.654246104793	581.2789710564252	0	0	0	-0.0004721716430099906	-3.7389666841190343	-1.5341429033212537	-4122884858341959e-20	-339.6924698514885	-56.71953282053616
95	4.7671321747275135	4.7671321747275135	4.7671321747275135	0	35.67705427239711	15.721669614202147	0	3241.6542403516564	581.278970664283	0	0	0	-0.0004721716430099906	-3.7389666850995655	-1.5341429036789074	-4122884858341959e-20	-339.69246932269607	-56.71953281035611
96	4.7671321747275135	4.7671321747275135	4.7671321747275135	0	35.67705427378336	15.721669614961305	0	3241.6542316418313	581.2789700701251	0	0	0	-0.0004721716430099906	-3.7389666865235633	-1.5341429041938288	-4122884858341959e-20	-339.69246852964966	-56.71953279549198
97	4.7671321747275135	4.7671321747275135	4.7671321747275135	0	35.67705427538021	15.721669615901451	0	3241.6542199753176	581.2789692739517	0	0	0	-0.0004721716430099906	-3.7389666883910277	-1.534142904866018	-4122884858341959e-20	-339.69246747234934	-56.719532775943776
98	4.7671321747275135	4.7671321747275135	4.7671321747275135	0	35.67705427598834	15.72166961634723	0	3241.6542133652392	581.2789688225176	0	0	0	-0.0004721716430099906	-3.7389666894083664	-1.534142905228592	-4122884858341959e-20	-339.6924668786905	-56.71953276528257
99	4.7671321747275135	4.7671321747275135	4.7671321747275135	0	35.677054275665554	15.721669616280577	0	3241.6542126819263	581.2789687754283	0	0	0	-0.0004721716430099906	-3.738966689462415	-1.5341429052429698	-4122884858341959e-20	-339.69246682423255	-56.71953276472013
100	4.7671321747275135	4.7671321747275135	4.7671321747275135	0	35.67705427535099	15.72166961621562	0	3241.654212016212	581.2789687295515	0	0	0	-0.0004721716430099906	-3.738966689515074	-1.5341429052569773	-4122884858341959e-20	-339.6924667711804	-56.71953276417231
101	4.7671321747275135	4.7671321747275135	4.7671321747275135	0	35.67705427504466	15.721669616152356	0	3241.654211368096	581.278968684887	0	0	0	-0.0004721716430099906	-3.7389666895663427	-1.5341429052706146	-4122884858341959e-20	-339.692466719534	-56.719532763639116
102	4.7671321747275135	4.7671321747275135	4.7671321747275135	0	35.67705427474657	15.721669616090791	0	3241.6542107375785	581.2789686414347	0	0	0	-0.0004721716430099906	-3.738966689616221	-1.5341429052838815	-4122884858341959e-20	-339.6924666692934	-56.71953276312054
103	4.7671321747275135	4.7671321747275135	4.7671321747275135	0	35.677054274456694	15.721669616030919	0	3241.6542101246596	581.278968599195	0	0	0	-0.0004721716430099906	-3.7389666896647094	-1.5341429052967783	-4122884858341959e-20	-339.69246662045856	-56.719532762616595
104	4.7671321747275135	4.7671321747275135	4.7671321747275135	0	35.677054274175056	15.721669615972745	0	3241.654209529339	581.2789685581675	0	0	0	-0.0004721716430099906	-3.7389666897118077	-1.5341429053093047	-4122884858341959e-20	-339.69246657302944	-56.71953276212727
105	4.7671321747275135	4.7671321747275135	4.7671321747275135	0	35.677054273901646	15.721669615916266	0	3241.6542089516165	581.2789685183525	0	0	0	-0.0004721716430099906	-3.738966689757516	-1.534142905321461	-4122884858341959e-20	-339.6924665270061	-56.71953276165258
106	4.7671321747275135	4.7671321747275135	4.7671321747275135	0	35.677054273636465	15.721669615861481	0	3241.654208391493	581.2789684797498	0	0	0	-0.0004721716430099906	-3.738966689801834	-1.534142905333247	-4122884858341959e-20	-339.6924664823885	-56.71953276119251
107	4.7671321747275135	4.7671321747275135	4.7671321747275135	0	35.67705427337951	15.721669615808393	0	3241.6542078489674	581.2789684423594	0	0	0	-0.0004721716430099906	-3.7389666898447618	-1.5341429053446627	-4122884858341959e-20	-339.6924664391767	-56.719532760747065
108	4.7671321747275135	4.7671321747275135	4.7671321747275135	0	35.67705427313079	15.721669615757	0	3241.6542073240403	581.2789684061813	0	0	0	-0.0004721716430099906	-3.7389666898862997	-1.5341429053557083	-4122884858341959e-20	-339.69246639737065	-56.71953276031624
109	4.7671321747275135	4.7671321747275135	4.7671321747275135	0	35.6770542728903	15.721669615707304	0	3241.654206816712	581.2789683712157	0	0	0	-0.0004721716430099906	-3.738966689926447	-1.5341429053663835	-4122884858341959e-20	-339.69246635697033	-56.71953275990004
110	4.7671321747275135	4.7671321747275135	4.7671321747275135	0	35.67705427265804	15.721669615659302	0	3241.6542063269812	581.2789683374624	0	0	0	-0.0004721716430099906	-3.738966689965205	-1.5341429053766884	-4122884858341959e-20	-339.6924663179758	-56.71953275949847
111	4.7671321747275135	4.7671321747275135	4.7671321747275135	0	35.677054272434006	15.721669615612996	0	3241.6542058548494	581.2789683049216	0	0	0	-0.0004721716430099906	-3.7389666900025724	-1.5341429053866233	-4122884858341959e-20	-339.69246628038707	-56.71953275911152
112	4.7671321747275135	4.7671321747275135	4.7671321747275135	0	35.67705427221821	15.721669615568386	0	3241.654205400316	581.278968273593	0	0	0	-0.0004721716430099906	-3.7389666900385494	-1.5341429053961877	-4122884858341959e-20	-339.69246624420407	-56.719532758739206
113	4.7671321747275135	4.7671321747275135	4.7671321747275135	0	35.67705427201063	15.721669615525471	0	3241.654204963381	581.2789682434768	0	0	0	-0.0004721716430099906	-3.738966690073137	-1.5341429054053821	-4122884858341959e-20	-339.6924662094268	-56.719532758381504
114	4.7671321747275135	4.7671321747275135	4.7671321747275135	0	35.677054271811286	15.721669615484252	0	3241.654204544044	581.278968214573	0	0	0	-0.0004721716430099906	-3.738966690106334	-1.534142905414206	-4122884858341959e-20	-339.6924661760553	-56.71953275803843
115	4.7671321747275135	4.7671321747275135	4.7671321747275135	0	35.67705427162018	15.721669615444728	0	3241.654204142306	581.2789681868815	0	0	0	-0.0004721716430099906	-3.7389666901381404	-1.5341429054226599	-4122884858341959e-20	-339.6924661440896	-56.719532757709985
116	4.7671321747275135	4.7671321747275135	4.7671321747275135	0	35.67705427143729	15.721669615406901	0	3241.654203758166	581.2789681604023	0	0	0	-0.0004721716430099906	-3.7389666901685574	-1.5341429054307434	-4122884858341959e-20	-339.69246611352963	-56.71953275739616
117	4.7671321747275135	4.7671321747275135	4.7671321747275135	0	35.67705427126264	15.721669615370768	0	3241.654203391625	581.2789681351356	0	0	0	-0.0004721716430099906	-3.738966690197584	-1.5341429054384566	-4122884858341959e-20	-339.69246608437544	-56.719532757096964
118	4.7671321747275135	4.7671321747275135	4.7671321747275135	0	35.67705427109621	15.721669615336332	0	3241.6542030426817	581.2789681110812	0	0	0	-0.0004721716430099906	-3.7389666902252205	-1.5341429054457996	-4122884858341959e-20	-339.692466056627	-56.71953275681239
119	4.7671321747275135	4.7671321747275135	4.7671321747275135	0	35.677054270938015	15.721669615303592	0	3241.654202711337	581.2789680882391	0	0	0	-0.0004721716430099906	-3.738966690251467	-1.5341429054527724	-4122884858341959e-20	-339.6924660302843	-56.71953275654244
120	4.7671321747275135	4.7671321747275135	4.7671321747275135	0	35.677054270788055	15.721669615272546	0	3241.654202397591	581.2789680666095	0	0	0	-0.0004721716430099906	-3.7389666902763232	-1.534142905459375	-4122884858341959e-20	-339.6924660053474	-56.71953275628712
121	4.7671321747275135	4.7671321747275135	4.7671321747275135	0	35.677054270646316	15.721669615243197	0	3241.654202101443	581.2789680461922	0	0	0	-0.0004721716430099906	-3.73896669029979	-1.534142905465607	-4122884858341959e-20	-339.69246598181627	-56.71953275604642
122	4.7671321747275135	4.7671321747275135	4.7671321747275135	0	35.67705427051281	15.721669615215543	0	3241.6542018228934	581.2789680269873	0	0	0	-0.0004721716430099906	-3.738966690321866	-1.534142905471469	-4122884858341959e-20	-339.6924659596909	-56.719532755820346
123	4.7671321747275135	4.7671321747275135	4.7671321747275135	0	35.677054270387536	15.721669615189583	0	3241.6542015619425	581.2789680089946	0	0	0	-0.0004721716430099906	-3.7389666903425516	-1.5341429054769609	-4122884858341959e-20	-339.6924659389713	-56.719532755608896
124	4.7671321747275135	4.7671321747275135	4.7671321747275135	0	35.67705427027049	15.721669615165322	0	3241.65420131859	581.2789679922145	0	0	0	-0.0004721716430099906	-3.7389666903618473	-1.5341429054820823	-4122884858341959e-20	-339.6924659196574	-56.719532755412075
125	4.7671321747275135	4.7671321747275135	4.7671321747275135	0	35.677054270161676	15.721669615142753	0	3241.6542010928356	581.2789679766465	0	0	0	-0.0004721716430099906	-3.738966690379753	-1.5341429054868336	-4122884858341959e-20	-339.6924659017493	-56.71953275522988
126	4.7671321747275135	4.7671321747275135	4.7671321747275135	0	35.677054270061085	15.721669615121883	0	3241.6542008846795	581.2789679622911	0	0	0	-0.0004721716430099906	-3.7389666903962686	-1.5341429054912146	-4122884858341959e-20	-339.692465885247	-56.7195327550623
127	4.7671321747275135	4.7671321747275135	4.7671321747275135	0	35.67705426996873	15.721669615102705	0	3241.654200694122	581.278967949148	0	0	0	-0.0004721716430099906	-3.7389666904113943	-1.5341429054952254	-4122884858341959e-20	-339.6924658701504	-56.71953275490935
128	4.7671321747275135	4.7671321747275135	4.7671321747275135	0	35.6770542698846	15.721669615085226	0	3241.654200521163	581.2789679372171	0	0	0	-0.0004721716430099906	-3.7389666904251295	-1.534142905498866	-4122884858341959e-20	-339.6924658564596	-56.71953275477103
129	4.7671321747275135	4.7671321747275135	4.7671321747275135	0	35.67705426980871	15.721669615069441	0	3241.6542003658024	581.2789679264987	0	0	0	-0.0004721716430099906	-3.7389666904374748	-1.5341429055021363	-4122884858341959e-20	-339.69246584417454	-56.719532754647325
130	4.7671321747275135	4.7671321747275135	4.7671321747275135	0	35.677054269741035	15.721669615055351	0	3241.6542002280403	581.2789679169927	0	0	0	-0.0004721716430099906	-3.73896669044843	-1.5341429055050362	-4122884858341959e-20	-339.6924658332952	-56.71953275453825
131	4.7671321747275135	4.7671321747275135	4.7671321747275135	0	35.6770542696816	15.721669615042957	0	3241.6542001078765	581.278967908699	0	0	0	-0.0004721716430099906	-3.738966690457995	-1.534142905507566	-4122884858341959e-20	-339.6924658238217	-56.719532754443804
132	4.7671321747275135	4.7671321747275135	4.7671321747275135	0	35.67705426963039	15.72166961503226	0	3241.654200005311	581.2789679016175	0	0	0	-0.0004721716430099906	-3.7389666904661696	-1.5341429055097255	-4122884858341959e-20	-339.69246581575396	-56.719532754363975
133	4.7671321747275135	4.7671321747275135	4.7671321747275135	0	35.67705426958741	15.721669615023258	0	3241.6541999203437	581.2789678957486	0	0	0	-0.0004721716430099906	-3.7389666904729544	-1.5341429055115148	-4122884858341959e-20	-339.6924658090919	-56.719532754298776
134	4.7671321747275135	4.7671321747275135	4.7671321747275135	0	35.67705426955266	15.721669615015951	0	3241.654199852975	581.278967891092	0	0	0	-0.0004721716430099906	-3.7389666904783487	-1.5341429055129339	-4122884858341959e-20	-339.6924658038357	-56.7195327542482
135	4.7671321747275135	4.7671321747275135	4.7671321747275135	0	35.67705426952614	15.72166961501034	0	3241.654199803205	581.2789678876477	0	0	0	-0.0004721716430099906	-3.7389666904823535	-1.5341429055139826	-4122884858341959e-20	-339.6924657999852	-56.71953275421225
136	4.7671321747275135	4.7671321747275135	4.7671321747275135	0	35.67705426950785	15.721669615006425	0	3241.654199771033	581.2789678854158	0	0	0	-0.0004721716430099906	-3.738966690484968	-1.5341429055146611	-4122884858341959e-20	-339.6924657975405	-56.71953275419092
137	4.7671321747275135	4.7671321747275135	4.7671321747275135	0	35.67705426949779	15.721669615004204	0	3241.6541997564595	581.2789678843963	0	0	0	-0.0004721716430099906	-3.738966690486192	-1.5341429055149693	-4122884858341959e-20	-339.69246579650155	-56.71953275418422
138	4.7671321747275135	4.7671321747275135	4.7671321747275135	0	35.67705426949596	15.72166961500368	0	3241.6541997594845	581.2789678845891	0	0	0	-0.0004721716430099906	-3.738966690486026	-1.5341429055149074	-4122884858341959e-20	-339.69246579686836	-56.71953275419215
139	4.7671321747275135	4.7671321747275135	4.7671321747275135	0	35.67705426950236	15.721669615004851	0	3241.654199780108	581.2789678859942	0	0	0	-0.0004721716430099906	-3.73896669048447	-1.5341429055144753	-4122884858341959e-20	-339.6924657986409	-56.7195327542147
140	4.7671321747275135	4.7671321747275135	4.7671321747275135	0	35.67705426951699	15.721669615007718	0	3241.6541998183297	581.2789678886118	0	0	0	-0.0004721716430099906	-3.738966690481524	-1.5341429055136728	-4122884858341959e-20	-339.69246580181925	-56.71953275425187
141	4.7671321747275135	4.7671321747275135	4.7671321747275135	0	35.677054269539845	15.72166961501228	0	3241.65419987415	581.2789678924418	0	0	0	-0.0004721716430099906	-3.7389666904771874	-1.5341429055125	-4122884858341959e-20	-339.69246580640333	-56.71953275430367
142	4.7671321747275135	4.7671321747275135	4.7671321747275135	0	35.67705426957093	15.721669615018538	0	3241.6541999475685	581.278967897484	0	0	0	-0.0004721716430099906	-3.7389666904714614	-1.534142905510957	-4122884858341959e-20	-339.6924658123932	-56.71953275437009
143	4.7671321747275135	4.7671321747275135	4.7671321747275135	0	35.67705426961025	15.721669615026492	0	3241.6542000385853	581.2789679037386	0	0	0	-0.0004721716430099906	-3.738966690464345	-1.5341429055090439	-4122884858341959e-20	-339.6924658197888	-56.71953275445114
144	4.7671321747275135	4.7671321747275135	4.7671321747275135	0	35.677054269657795	15.721669615036141	0	3241.6542001472008	581.2789679112055	0	0	0	-0.0004721716430099906	-3.7389666904558383	-1.5341429055067604	-4122884858341959e-20	-339.6924658285902	-56.71953275454681
145	4.7671321747275135	4.7671321747275135	4.7671321747275135	0	35.67705426971357	15.721669615047487	0	3241.6542002734145	581.278967919885	0	0	0	-0.0004721716430099906	-3.7389666904459413	-1.5341429055041067	-4122884858341959e-20	-339.6924658387973	-56.71953275465711
146	4.7671321747275135	4.7671321747275135	4.7671321747275135	0	35.67705426977758	15.721669615060527	0	3241.6542004172265	581.2789679297766	0	0	0	-0.0004721716430099906	-3.7389666904346543	-1.5341429055010827	-4122884858341959e-20	-339.6924658504102	-56.71953275478204
147	4.7671321747275135	4.7671321747275135	4.7671321747275135	0	35.67705426984982	15.721669615075264	0	3241.6542005786373	581.2789679408806	0	0	0	-0.0004721716430099906	-3.7389666904219774	-1.5341429054976885	-4122884858341959e-20	-339.6924658634289	-56.71953275492158
148	4.7671321747275135	4.7671321747275135	4.7671321747275135	0	35.67705426993028	15.721669615091695	0	3241.654200757646	581.2789679531971	0	0	0	-0.0004721716430099906	-3.7389666904079104	-1.534142905493924	-4122884858341959e-20	-339.6924658778533	-56.719532755075754
149	4.7671321747275135	4.7671321747275135	4.7671321747275135	0	35.67705427001898	15.721669615109823	0	3241.6542009542536	581.2789679667259	0	0	0	-0.0004721716430099906	-3.738966690392453	-1.5341429054897893	-4122884858341959e-20	-339.6924658936835	-56.71953275524455
150	4.7671321747275135	4.7671321747275135	4.7671321747275135	0	35.6770542701159	15.721669615129645	0	3241.654201168459	581.2789679814671	0	0	0	-0.0004721716430099906	-3.7389666903756056	-1.5341429054852844	-4122884858341959e-20	-339.69246591091945	-56.71953275542797
151	4.7671321747275135	4.7671321747275135	4.7671321747275135	0	35.677054270221056	15.721669615151164	0	3241.6542014002634	581.2789679974205	0	0	0	-0.0004721716430099906	-3.738966690357368	-1.5341429054804092	-4122884858341959e-20	-339.69246592956114	-56.71953275562602
152	4.7671321747275135	4.7671321747275135	4.7671321747275135	0	35.677054270334445	15.721669615174378	0	3241.654201649666	581.2789680145864	0	0	0	-0.0004721716430099906	-3.7389666903377408	-1.5341429054751636	-4122884858341959e-20	-339.6924659496086	-56.71953275583869
153	4.7671321747275135	4.7671321747275135	4.7671321747275135	0	35.67705427045606	15.721669615199287	0	3241.654201916667	581.2789680329646	0	0	0	-0.0004721716430099906	-3.738966690316723	-1.5341429054695481	-4122884858341959e-20	-339.6924659710619	-56.71953275606599
154	4.7671321747275135	4.7671321747275135	4.7671321747275135	0	35.677054270585906	15.721669615225894	0	3241.6542022012663	581.2789680525552	0	0	0	-0.0004721716430099906	-3.738966690294315	-1.534142905463562	-4122884858341959e-20	-339.69246599392085	-56.71953275630791
155	4.7671321747275135	4.7671321747275135	4.7671321747275135	0	35.67705427072398	15.721669615254195	0	3241.654202503464	581.2789680733582	0	0	0	-0.0004721716430099906	-3.738966690270517	-1.5341429054572058	-4122884858341959e-20	-339.69246601818566	-56.719532756564455
156	4.7671321747275135	4.7671321747275135	4.7671321747275135	0	35.67705427087028	15.721669615284192	0	3241.65420282326	581.2789680953734	0	0	0	-0.0004721716430099906	-3.738966690245329	-1.5341429054504794	-4122884858341959e-20	-339.69246604385614	-56.719532756835626
157	4.7671321747275135	4.7671321747275135	4.7671321747275135	0	35.677054271024815	15.721669615315884	0	3241.6542031606546	581.2789681186011	0	0	0	-0.0004721716430099906	-3.7389666902187506	-1.5341429054433826	-4122884858341959e-20	-339.6924660709324	-56.71953275712142
158	4.7671321747275135	4.7671321747275135	4.7671321747275135	0	35.67705427118758	15.721669615349272	0	3241.6542035156476	581.2789681430412	0	0	0	-0.0004721716430099906	-3.7389666901907823	-1.5341429054359157	-4122884858341959e-20	-339.6924660994145	-56.719532757421845
159	4.7671321747275135	4.7671321747275135	4.7671321747275135	0	35.67705427135857	15.721669615384355	0	3241.654203888239	581.2789681686936	0	0	0	-0.0004721716430099906	-3.738966690161424	-1.5341429054280786	-4122884858341959e-20	-339.6924661293023	-56.71953275773689
160	4.7671321747275135	4.7671321747275135	4.7671321747275135	0	35.67705427153779	15.721669615421135	0	3241.6542042784286	581.2789681955584	0	0	0	-0.0004721716430099906	-3.7389666901306753	-1.5341429054198712	-4122884858341959e-20	-339.69246616059587	-56.71953275806656
161	4.7671321747275135	4.7671321747275135	4.7671321747275135	0	35.67705427172524	15.721669615459609	0	3241.654204686217	581.2789682236355	0	0	0	-0.0004721716430099906	-3.7389666900985365	-1.5341429054112934	-4122884858341959e-20	-339.6924661932952	-56.71953275841086
162	4.7671321747275135	4.7671321747275135	4.7671321747275135	0	35.67705427192092	15.72166961549978	0	3241.6542051116035	581.278968252925	0	0	0	-0.0004721716430099906	-3.738966690065008	-1.5341429054023454	-4122884858341959e-20	-339.6924662274003	-56.71953275876978
163	4.7671321747275135	4.7671321747275135	4.7671321747275135	0	35.677054272124835	15.721669615541645	0	3241.6542055545883	581.2789682834268	0	0	0	-0.0004721716430099906	-3.7389666900300886	-1.5341429053930273	-4122884858341959e-20	-339.6924662629111	-56.71953275914332
164	4.7671321747275135	4.7671321747275135	4.7671321747275135	0	35.677054272336974	15.721669615585206	0	3241.654206015172	581.278968315141	0	0	0	-0.0004721716430099906	-3.7389666899937795	-1.5341429053833389	-4122884858341959e-20	-339.69246629982774	-56.71953275953149
165	4.7671321747275135	4.7671321747275135	4.7671321747275135	0	35.677054272487744	15.721669615616353	0	3241.6542063329043	581.2789683370365	0	0	0	-0.0004721716430099906	-3.7389666899684584	-1.5341429053766114	-4122884858341959e-20	-339.69246632515336	-56.71953275979138
166	4.7671321747275135	4.7671321747275135	4.7671321747275135	0	35.67705427251101	15.72166961562165	0	3241.6542063568104	581.2789683387313	0	0	0	-0.0004721716430099906	-3.738966689965809	-1.534142905375985	-4122884858341959e-20	-339.69246632667887	-56.71953275978965
167	4.7671321747275135	4.7671321747275135	4.7671321747275135	0	35.677054272533674	15.721669615626812	0	3241.6542063801035	581.2789683403826	0	0	0	-0.0004721716430099906	-3.7389666899632283	-1.5341429053753748	-4122884858341959e-20	-339.69246632816527	-56.719532759788045
168	4.7671321747275135	4.7671321747275135	4.7671321747275135	0	35.67705427255574	15.72166961563184	0	3241.6542064027844	581.2789683419904	0	0	0	-0.0004721716430099906	-3.7389666899607166	-1.5341429053747804	-4122884858341959e-20	-339.69246632961244	-56.719532759786546
169	4.7671321747275135	4.7671321747275135	4.7671321747275135	0	35.67705427257722	15.72166961563673	0	3241.6542064248533	581.2789683435549	0	0	0	-0.0004721716430099906	-3.738966689958274	-1.5341429053742022	-4122884858341959e-20	-339.69246633102046	-56.71953275978517
170	4.7671321747275135	4.7671321747275135	4.7671321747275135	0	35.6770542725981	15.721669615641483	0	3241.654206446309	581.2789683450759	0	0	0	-0.0004721716430099906	-3.7389666899559	-1.5341429053736402	-4122884858341959e-20	-339.69246633238936	-56.719532759783895
171	4.7671321747275135	4.7671321747275135	4.7671321747275135	0	35.67705427261838	15.721669615646102	0	3241.654206467153	581.2789683465536	0	0	0	-0.0004721716430099906	-3.7389666899535956	-1.534142905373094	-4122884858341959e-20	-339.69246633371904	-56.719532759782744
172	4.7671321747275135	4.7671321747275135	4.7671321747275135	0	35.67705427263807	15.721669615650585	0	3241.6542064873843	581.2789683479879	0	0	0	-0.0004721716430099906	-3.7389666899513596	-1.534142905372564	-4122884858341959e-20	-339.69246633500956	-56.7195327597817
173	4.7671321747275135	4.7671321747275135	4.7671321747275135	0	35.67705427265716	15.721669615654932	0	3241.654206507003	581.2789683493787	0	0	0	-0.0004721716430099906	-3.738966689949193	-1.53414290537205	-4122884858341959e-20	-339.6924663362609	-56.719532759780776
174	4.7671321747275135	4.7671321747275135	4.7671321747275135	0	35.67705427267565	15.721669615659142	0	3241.654206526009	581.2789683507262	0	0	0	-0.0004721716430099906	-3.738966689947095	-1.5341429053715518	-4122884858341959e-20	-339.6924663374731	-56.71953275977996
175	4.7671321747275135	4.7671321747275135	4.7671321747275135	0	35.677054272693546	15.721669615663217	0	3241.654206544403	581.2789683520303	0	0	0	-0.0004721716430099906	-3.738966689945066	-1.5341429053710698	-4122884858341959e-20	-339.6924663386461	-56.71953275977926
176	4.7671321747275135	4.7671321747275135	4.7671321747275135	0	35.67705427271085	15.721669615667157	0	3241.6542065621848	581.278968353291	0	0	0	-0.0004721716430099906	-3.738966689943106	-1.534142905370604	-4122884858341959e-20	-339.69246633977997	-56.71953275977867
177	4.7671321747275135	4.7671321747275135	4.7671321747275135	0	35.67705427272755	15.72166961567096	0	3241.6542065793537	581.2789683545083	0	0	0	-0.0004721716430099906	-3.7389666899412153	-1.534142905370154	-4122884858341959e-20	-339.69246634087466	-56.719532759778204
178	4.7671321747275135	4.7671321747275135	4.7671321747275135	0	35.67705427274366	15.721669615674628	0	3241.65420659591	581.2789683556821	0	0	0	-0.0004721716430099906	-3.738966689939393	-1.5341429053697202	-4122884858341959e-20	-339.6924663419302	-56.71953275977784
179	4.7671321747275135	4.7671321747275135	4.7671321747275135	0	35.67705427275917	15.72166961567816	0	3241.654206611854	581.2789683568126	0	0	0	-0.0004721716430099906	-3.7389666899376404	-1.5341429053693023	-4122884858341959e-20	-339.69246634294655	-56.7195327597776
180	4.7671321747275135	4.7671321747275135	4.7671321747275135	0	35.677054272774086	15.721669615681556	0	3241.654206627186	581.2789683578995	0	0	0	-0.0004721716430099906	-3.738966689935956	-1.5341429053689006	-4122884858341959e-20	-339.69246634392374	-56.719532759777465
181	4.7671321747275135	4.7671321747275135	4.7671321747275135	0	35.67705427278841	15.721669615684815	0	3241.654206641905	581.2789683589432	0	0	0	-0.0004721716430099906	-3.7389666899343412	-1.534142905368515	-4122884858341959e-20	-339.69246634486177	-56.71953275977745
182	4.7671321747275135	4.7671321747275135	4.7671321747275135	0	35.67705427280213	15.72166961568794	0	3241.654206656012	581.2789683599435	0	0	0	-0.0004721716430099906	-3.738966689932795	-1.5341429053681452	-4122884858341959e-20	-339.6924663457606	-56.71953275977754
183	4.7671321747275135	4.7671321747275135	4.7671321747275135	0	35.677054272815255	15.72166961569093	0	3241.6542066695065	581.2789683609003	0	0	0	-0.0004721716430099906	-3.738966689931318	-1.5341429053677917	-4122884858341959e-20	-339.6924663466203	-56.719532759777756
184	4.7671321747275135	4.7671321747275135	4.7671321747275135	0	35.67705427282779	15.721669615693783	0	3241.654206682388	581.2789683618138	0	0	0	-0.0004721716430099906	-3.7389666899299097	-1.534142905367454	-4122884858341959e-20	-339.6924663474408	-56.719532759778076
185	4.7671321747275135	4.7671321747275135	4.7671321747275135	0	35.67705427283972	15.721669615696499	0	3241.6542066946577	581.2789683626838	0	0	0	-0.0004721716430099906	-3.7389666899285703	-1.5341429053671325	-4122884858341959e-20	-339.6924663482221	-56.71953275977851
186	4.7671321747275135	4.7671321747275135	4.7671321747275135	0	35.67705427285106	15.72166961569908	0	3241.6542067063147	581.2789683635104	0	0	0	-0.0004721716430099906	-3.7389666899273	-1.534142905366827	-4122884858341959e-20	-339.69246634896433	-56.719532759779064
187	4.7671321747275135	4.7671321747275135	4.7671321747275135	0	35.6770542728618	15.721669615701526	0	3241.654206717359	581.2789683642936	0	0	0	-0.0004721716430099906	-3.738966689926099	-1.5341429053665376	-4122884858341959e-20	-339.6924663496673	-56.719532759779725
188	4.7671321747275135	4.7671321747275135	4.7671321747275135	0	35.67705427287195	15.721669615703835	0	3241.6542067277915	581.2789683650335	0	0	0	-0.0004721716430099906	-3.738966689924967	-1.534142905366264	-4122884858341959e-20	-339.6924663503312	-56.719532759780506
189	4.7671321747275135	4.7671321747275135	4.7671321747275135	0	35.67705427288149	15.72166961570601	0	3241.6542067376113	581.27896836573	0	0	0	-0.0004721716430099906	-3.7389666899239034	-1.5341429053660067	-4122884858341959e-20	-339.69246635095584	-56.719532759781394
190	4.7671321747275135	4.7671321747275135	4.7671321747275135	0	35.677054272890445	15.721669615708047	0	3241.6542067468185	581.278968366383	0	0	0	-0.0004721716430099906	-3.738966689922909	-1.5341429053657654	-4122884858341959e-20	-339.6924663515414	-56.719532759782396
191	4.7671321747275135	4.7671321747275135	4.7671321747275135	0	35.6770542728988	15.72166961570995	0	3241.6542067554133	581.2789683669926	0	0	0	-0.0004721716430099906	-3.7389666899219836	-1.5341429053655402	-4122884858341959e-20	-339.6924663520877	-56.71953275978352
192	4.7671321747275135	4.7671321747275135	4.7671321747275135	0	35.67705427290657	15.721669615711715	0	3241.6542067633955	581.2789683675588	0	0	0	-0.0004721716430099906	-3.7389666899211274	-1.534142905365331	-4122884858341959e-20	-339.69246635259486	-56.71953275978475
193	4.7671321747275135	4.7671321747275135	4.7671321747275135	0	35.67705427291373	15.721669615713346	0	3241.6542067707655	581.2789683680817	0	0	0	-0.0004721716430099906	-3.73896668992034	-1.5341429053651376	-4122884858341959e-20	-339.69246635306285	-56.7195327597861
194	4.7671321747275135	4.7671321747275135	4.7671321747275135	0	35.677054272920294	15.72166961571484	0	3241.654206777523	581.2789683685611	0	0	0	-0.0004721716430099906	-3.7389666899196214	-1.5341429053649607	-4122884858341959e-20	-339.6924663534917	-56.719532759787555
195	4.7671321747275135	4.7671321747275135	4.7671321747275135	0	35.67705427292626	15.721669615716198	0	3241.654206783668	581.2789683689971	0	0	0	-0.0004721716430099906	-3.738966689918972	-1.5341429053647995	-4122884858341959e-20	-339.6924663538814	-56.719532759789125
196	4.7671321747275135	4.7671321747275135	4.7671321747275135	0	35.67705427293164	15.72166961571742	0	3241.6542067892005	581.2789683693896	0	0	0	-0.0004721716430099906	-3.7389666899183913	-1.5341429053646545	-4122884858341959e-20	-339.6924663542319	-56.719532759790816
197	4.7671321747275135	4.7671321747275135	4.7671321747275135	0	35.67705427293642	15.721669615718508	0	3241.654206794121	581.2789683697389	0	0	0	-0.0004721716430099906	-3.7389666899178797	-1.5341429053645252	-4122884858341959e-20	-339.6924663545432	-56.719532759792614
198	4.7671321747275135	4.7671321747275135	4.7671321747275135	0	35.6770542729406	15.72166961571946	0	3241.6542067984283	581.2789683700447	0	0	0	-0.0004721716430099906	-3.7389666899174374	-1.5341429053644124	-4122884858341959e-20	-339.6924663548154	-56.719532759794525
199	4.7671321747275135	4.7671321747275135	4.7671321747275135	0	35.67705427294419	15.721669615720275	0	3241.6542068021236	581.2789683703071	0	0	0	-0.0004721716430099906	-3.738966689917064	-1.5341429053643154	-4122884858341959e-20	-339.6924663550484	-56.71953275979656
200	4.7671321747275135	4.7671321747275135	4.7671321747275135	0	35.677054272947174	15.721669615720954	0	3241.6542068052067	581.2789683705261	0	0	0	-0.0004721716430099906	-3.7389666899167593	-1.5341429053642346	-4122884858341959e-20	-339.69246635524223	-56.719532759798696
201	4.7671321747275135	4.7671321747275135	4.7671321747275135	0	35.67705427294957	15.721669615721499	0	3241.654206807677	581.2789683707017	0	0	0	-0.0004721716430099906	-3.7389666899165235	-1.5341429053641698	-4122884858341959e-20	-339.69246635539685	-56.71953275980095
202	4.7671321747275135	4.7671321747275135	4.7671321747275135	0	35.677054272951366	15.721669615721906	0	3241.654206809535	581.2789683708338	0	0	0	-0.0004721716430099906	-3.738966689916357	-1.534142905364121	-4122884858341959e-20	-339.69246635551235	-56.71953275980332
203	4.7671321747275135	4.7671321747275135	4.7671321747275135	0	35.67705427295257	15.721669615722178	0	3241.6542068107806	581.2789683709226	0	0	0	-0.0004721716430099906	-3.738966689916259	-1.534142905364088	-4122884858341959e-20	-339.6924663555887	-56.7195327598058
204	4.7671321747275135	4.7671321747275135	4.7671321747275135	0	35.67705427295317	15.721669615722314	0	3241.6542068114136	581.2789683709681	0	0	0	-0.0004721716430099906	-3.7389666899162304	-1.5341429053640714	-4122884858341959e-20	-339.69246635562587	-56.719532759808395
205	4.7671321747275135	4.7671321747275135	4.7671321747275135	0	35.67705427295318	15.721669615722314	0	3241.654206811434	581.27896837097	0	0	0	-0.0004721716430099906	-3.7389666899162703	-1.5341429053640707	-4122884858341959e-20	-339.6924663556238	-56.7195327598111
206	4.7671321747275135	4.7671321747275135	4.7671321747275135	0	35.67705427295259	15.72166961572218	0	3241.6542068108424	581.2789683709286	0	0	0	-0.0004721716430099906	-3.7389666899163796	-1.534142905364086	-4122884858341959e-20	-339.69246635558267	-56.71953275981393
207	4.7671321747275135	4.7671321747275135	4.7671321747275135	0	35.67705427295141	15.721669615721908	0	3241.654206809638	581.2789683708438	0	0	0	-0.0004721716430099906	-3.7389666899165577	-1.5341429053641173	-4122884858341959e-20	-339.6924663555023	-56.719532759816865
208	4.7671321747275135	4.7671321747275135	4.7671321747275135	0	35.677054272949626	15.7216696157215	0	3241.654206807821	581.2789683707156	0	0	0	-0.0004721716430099906	-3.738966689916805	-1.5341429053641649	-4122884858341959e-20	-339.6924663553828	-56.71953275981991
209	4.7671321747275135	4.7671321747275135	4.7671321747275135	0	35.677054272947245	15.721669615720959	0	3241.6542068053923	581.2789683705439	0	0	0	-0.0004721716430099906	-3.7389666899171212	-1.5341429053642284	-4122884858341959e-20	-339.6924663552241	-56.719532759823075
210	4.7671321747275135	4.7671321747275135	4.7671321747275135	0	35.677054272944275	15.72166961572028	0	3241.6542068023505	581.2789683703289	0	0	0	-0.0004721716430099906	-3.7389666899175062	-1.5341429053643079	-4122884858341959e-20	-339.6924663550263	-56.71953275982636
211	4.7671321747275135	4.7671321747275135	4.7671321747275135	0	35.67705427294071	15.721669615719465	0	3241.6542067986966	581.2789683700705	0	0	0	-0.0004721716430099906	-3.73896668991796	-1.5341429053644033	-4122884858341959e-20	-339.69246635478925	-56.71953275982975
212	4.7671321747275135	4.7671321747275135	4.7671321747275135	0	35.67705427293654	15.721669615718515	0	3241.65420679443	581.2789683697687	0	0	0	-0.0004721716430099906	-3.7389666899184832	-1.534142905364515	-4122884858341959e-20	-339.6924663545131	-56.71953275983325
213	4.7671321747275135	4.7671321747275135	4.7671321747275135	0	35.67705427293178	15.72166961571743	0	3241.654206789551	581.2789683694234	0	0	0	-0.0004721716430099906	-3.738966689919075	-1.5341429053646427	-4122884858341959e-20	-339.69246635419773	-56.719532759836866
214	4.7671321747275135	4.7671321747275135	4.7671321747275135	0	35.67705427292642	15.721669615716207	0	3241.6542067840596	581.2789683690348	0	0	0	-0.0004721716430099906	-3.738966689919736	-1.5341429053647864	-4122884858341959e-20	-339.6924663538432	-56.719532759840604
215	4.7671321747275135	4.7671321747275135	4.7671321747275135	0	35.677054272920465	15.721669615714848	0	3241.654206777956	581.2789683686027	0	0	0	-0.0004721716430099906	-3.738966689920466	-1.534142905364946	-4122884858341959e-20	-339.6924663534495	-56.71953275984445
216	4.7671321747275135	4.7671321747275135	4.7671321747275135	0	35.677054272913914	15.721669615713356	0	3241.65420677124	581.2789683681273	0	0	0	-0.0004721716430099906	-3.738966689921265	-1.5341429053651219	-4122884858341959e-20	-339.69246635301664	-56.719532759848406
217	4.7671321747275135	4.7671321747275135	4.7671321747275135	0	35.677054272906766	15.721669615711725	0	3241.654206763911	581.2789683676084	0	0	0	-0.0004721716430099906	-3.7389666899221328	-1.5341429053653137	-4122884858341959e-20	-339.69246635254467	-56.71953275985248
218	4.7671321747275135	4.7671321747275135	4.7671321747275135	0	35.67705427289902	15.721669615709962	0	3241.65420675597	581.2789683670462	0	0	0	-0.0004721716430099906	-3.73896668992307	-1.5341429053655216	-4122884858341959e-20	-339.6924663520335	-56.71953275985666
219	4.7671321747275135	4.7671321747275135	4.7671321747275135	0	35.67705427289068	15.721669615708059	0	3241.654206747416	581.2789683664405	0	0	0	-0.0004721716430099906	-3.738966689924075	-1.5341429053657454	-4122884858341959e-20	-339.6924663514831	-56.71953275986097
220	4.7671321747275135	4.7671321747275135	4.7671321747275135	0	35.67705427288175	15.721669615706023	0	3241.65420673825	581.2789683657915	0	0	0	-0.0004721716430099906	-3.7389666899251504	-1.5341429053659854	-4122884858341959e-20	-339.6924663508936	-56.71953275986538
221	4.7671321747275135	4.7671321747275135	4.7671321747275135	0	35.67705427287221	15.72166961570385	0	3241.6542067284718	581.278968365099	0	0	0	-0.0004721716430099906	-3.738966689926294	-1.5341429053662414	-4122884858341959e-20	-339.69246635026485	-56.71953275986991
222	4.7671321747275135	4.7671321747275135	4.7671321747275135	0	35.67705427286208	15.721669615701542	0	3241.654206718081	581.2789683643632	0	0	0	-0.0004721716430099906	-3.7389666899275067	-1.5341429053665134	-4122884858341959e-20	-339.692466349597	-56.71953275987455
223	4.7671321747275135	4.7671321747275135	4.7671321747275135	0	35.67705427285136	15.721669615699097	0	3241.6542067070777	581.2789683635839	0	0	0	-0.0004721716430099906	-3.7389666899287883	-1.5341429053668014	-4122884858341959e-20	-339.69246634889	-56.7195327598793
224	4.7671321747275135	4.7671321747275135	4.7671321747275135	0	35.67705427284003	15.721669615696516	0	3241.6542066954617	581.2789683627612	0	0	0	-0.0004721716430099906	-3.738966689930139	-1.5341429053671056	-4122884858341959e-20	-339.6924663481438	-56.71953275988417
225	4.7671321747275135	4.7671321747275135	4.7671321747275135	0	35.677054272828116	15.7216696156938	0	3241.6542066832335	581.2789683618952	0	0	0	-0.0004721716430099906	-3.7389666899315586	-1.5341429053674258	-4122884858341959e-20	-339.69246634735845	-56.719532759889155
226	4.7671321747275135	4.7671321747275135	4.7671321747275135	0	35.6770542728156	15.72166961569095	0	3241.654206670393	581.2789683609857	0	0	0	-0.0004721716430099906	-3.738966689933047	-1.534142905367762	-4122884858341959e-20	-339.6924663465339	-56.71953275989425
227	4.7671321747275135	4.7671321747275135	4.7671321747275135	0	35.67705427280249	15.721669615687961	0	3241.6542066569396	581.2789683600329	0	0	0	-0.0004721716430099906	-3.7389666899346046	-1.5341429053681142	-4122884858341959e-20	-339.6924663456702	-56.71953275989946
228	4.7671321747275135	4.7671321747275135	4.7671321747275135	0	35.67705427278879	15.721669615684839	0	3241.654206642874	581.2789683590365	0	0	0	-0.0004721716430099906	-3.7389666899362313	-1.5341429053684825	-4122884858341959e-20	-339.69246634476735	-56.71953275990478
229	4.7671321747275135	4.7671321747275135	4.7671321747275135	0	35.677054272774484	15.721669615681579	0	3241.6542066281963	581.2789683579969	0	0	0	-0.0004721716430099906	-3.738966689937927	-1.5341429053688669	-4122884858341959e-20	-339.6924663438253	-56.719532759910216
230	4.7671321747275135	4.7671321747275135	4.7671321747275135	0	35.677054272759584	15.721669615678183	0	3241.6542066129055	581.2789683569138	0	0	0	-0.0004721716430099906	-3.738966689939691	-1.5341429053692672	-4122884858341959e-20	-339.6924663428441	-56.719532759915765
231	4.7671321747275135	4.7671321747275135	4.7671321747275135	0	35.67705427274409	15.721669615674653	0	3241.654206597003	581.2789683557874	0	0	0	-0.0004721716430099906	-3.738966689941525	-1.5341429053696836	-4122884858341959e-20	-339.6924663418237	-56.71953275992143
232	4.7671321747275135	4.7671321747275135	4.7671321747275135	0	35.67705427272945	15.721669615671319	0	3241.6542065821736	581.2789683547355	0	0	0	-0.0004721716430099906	-3.7389666899431253	-1.5341429053700544	-4122884858341959e-20	-339.6924663409068	-56.71953275991443
233	4.7671321747275135	4.7671321747275135	4.7671321747275135	0	35.67705427272361	15.721669615669999	0	3241.654206577308	581.2789683543825	0	0	0	-0.0004721716430099906	-3.738966689943018	-1.5341429053700708	-4122884858341959e-20	-339.69246634078684	-56.71953275984376
234	4.7671321747275135	4.7671321747275135	4.7671321747275135	0	35.6770542727191	15.72166961566898	0	3241.6542065734925	581.2789683541056	0	0	0	-0.0004721716430099906	-3.738966689942884	-1.5341429053700708	-4122884858341959e-20	-339.6924663406672	-56.71953275978909
235	4.7671321747275135	4.7671321747275135	4.7671321747275135	0	35.67705427271591	15.72166961566826	0	3241.654206570728	581.2789683539048	0	0	0	-0.0004721716430099906	-3.738966689942724	-1.5341429053700544	-4122884858341959e-20	-339.69246634054775	-56.71953275975041
236	4.7671321747275135	4.7671321747275135	4.7671321747275135	0	35.677054272714045	15.72166961566784	0	3241.6542065690146	581.2789683537801	0	0	0	-0.0004721716430099906	-3.738966689942538	-1.5341429053700217	-4122884858341959e-20	-339.6924663404286	-56.71953275972772
237	4.7671321747275135	4.7671321747275135	4.7671321747275135	0	35.677054272713505	15.721669615667723	0	3241.654206568352	581.2789683537314	0	0	0	-0.0004721716430099906	-3.738966689942325	-1.5341429053699724	-4122884858341959e-20	-339.69246634030975	-56.71953275972103
238	4.7671321747275135	4.7671321747275135	4.7671321747275135	0	35.677054272714294	15.721669615667905	0	3241.65420656874	581.278968353759	0	0	0	-0.0004721716430099906	-3.738966689942086	-1.534142905369907	-4122884858341959e-20	-339.6924663401912	-56.71953275973033
239	4.7671321747275135	4.7671321747275135	4.7671321747275135	0	35.677054272716404	15.721669615668386	0	3241.6542065701788	581.2789683538625	0	0	0	-0.0004721716430099906	-3.738966689941821	-1.534142905369825	-4122884858341959e-20	-339.6924663400728	-56.71953275975562
240	4.7671321747275135	4.7671321747275135	4.7671321747275135	0	35.67705427271984	15.72166961566917	0	3241.6542065726685	581.2789683540423	0	0	0	-0.0004721716430099906	-3.7389666899415293	-1.5341429053697264	-4122884858341959e-20	-339.69246633995476	-56.71953275979691
