0	4.7671321747275135	4.7671321747275135	4.7671321747275135	0	0	0	0	0	0	0	0	0	0	0	0	0	0	0
1	4.7671321747275135	4.7671321747275135	4.7671321747275135	0	0	0	0	0	0	0	0	0	0	0	0	0	0	0
2	4.7671321747275135	4.7671321747275135	4.7671321747275135	0	0	0	0	0	0	0	0	0	0	0	0	0	0	0
3	4.7671321747275135	4.7671321747275135	4.7671321747275135	0	0	0	0	0	0	0	0	0	0	0	0	0	0	0
4	4.7671321747275135	4.7671321747275135	4.7671321747275135	0	0	0	0	0	0	0	0	0	0	0	0	0	0	0
5	4.7671321747275135	4.7671321747275135	4.7671321747275135	0	0	0	0	0	0	0	0	0	0	0	0	0	0	0
6	4.7671321747275135	4.7671321747275135	4.7671321747275135	0	0	0	0	0	0	0	0	0	0	0	0	0	0	0
7	4.7671321747275135	4.7671321747275135	4.7671321747275135	0	0	0	0	0	0	0	0	0	0	0	0	0	0	0
8	4.7671321747275135	4.7671321747275135	4.7671321747275135	0	0	0	0	0	0	0	0	0	0	0	0	0	0	0
9	4.7671321747275135	4.7671321747275135	4.7671321747275135	0	0	0	0	0	0	0	0	0	0	0	0	0	0	0
10	4.7671321747275135	4.7671321747275135	4.7671321747275135	0	0	0	0	0	0	0	0	0	0	0	0	0	0	0
11	4.7671321747275135	4.7671321747275135	4.7671321747275135	0	0	0	0	0	0	0	0	0	0	0	0	0	0	0
12	4.7671321747275135	4.7671321747275135	4.7671321747275135	45.59033585037409	50.64619666048965	21.118870220607285	4076.0964074563835	3731.3966435688053	643.0591875640928	0	0	0	0	-0.471714964606802	-0.06490656768107791	-1289.072231197584	-1141.527007945749	-196.46042596467427
13	4.7671321747275135	4.7671321747275135	4.7671321747275135	45.59161011795643	50.99028325561165	21.165777706491046	4717.329629174634	4519.0564618614535	765.4147818241701	0	0	0	0	-0.5970023324280912	-0.07922918982787718	-2069.109798438709	-2000.5179282535694	-335.08368483937556
14	4.7671321747275135	4.7671321747275135	4.7671321747275135	45.5916101488534	51.023173335559775	21.170173235766207	4794.974302435446	4621.219322728379	780.5992231647764	0	0	0	0	-0.6355711300740688	-0.08405482953922586	-2241.3394263512996	-2208.5843420347314	-367.14902763259374
15	4.7671321747275135	4.7671321747275135	4.7671321747275135	45.59161014885389	51.02711903365829	21.170707788531494	4804.357956417655	4634.3259978505985	782.4759183605506	0	0	0	0	-0.6439091812732407	-0.08513536846838281	-2271.5884674406216	-2247.7658809223117	-372.95460457769354
16	4.7671321747275135	4.7671321747275135	4.7671321747275135	45.59161014885388	51.0275995425862	21.170773871301787	4805.483588148125	4635.991235647357	782.7062064391984	0	0	0	0	-0.6454011276616504	-0.08533356984461474	-2276.362567910081	-2254.3539992601463	-373.89560995901326
17	4.7671321747275135	4.7671321747275135	4.7671321747275135	45.59161014885388	51.027657707778076	21.170781992464647	4805.616834350664	4636.199851538502	782.7341147015082	0	0	0	0	-0.6456401783299394	-0.08536597841358094	-2277.0667325916725	-2255.3864832096992	-374.03801868506196
18	4.7671321747275135	4.7671321747275135	4.7671321747275135	45.59161014885388	51.02766448495691	21.170782953464983	4805.631999655546	4636.2250464240815	782.7373740745553	0	0	0	0	-0.6456754569479162	-0.08537085266603772	-2277.1640941175524	-2255.5383262423074	-374.0582445528738
19	4.7671321747275135	4.7671321747275135	4.7671321747275135	45.59161014885388	51.027665127805165	21.170783046556814	4805.633348050192	4636.2274645397465	782.7376742107367	0	0	0	0	-0.6456795780046518	-0.08537143392194348	-2277.174815201183	-2255.556363911721	-374.06054944558383
20	4.7671321747275135	4.7671321747275135	4.7671321747275135	45.59161014885388	51.027665180735376	21.17078305452795	4805.633459770848	4636.227701071753	782.7377011999027	0	0	0	0	-0.645680135018386	-0.08537151511062446	-2277.1761186564845	-2255.558830389859	-374.0608458624594
21	4.7671321747275135	4.7671321747275135	4.7671321747275135	45.59161014885389	51.02766517384355	21.170783053533142	4805.63343524345	4636.2276521658105	782.7376954603106	0	0	0	0	-0.6456800259281893	-0.08537149941277476	-2277.175864817004	-2255.5583893845883	-374.06079050175765
22	4.7671321747275135	4.7671321747275135	4.7671321747275135	45.59161014885388	51.0276651657565	21.170783052320846	4805.633418095847	4636.2276171956755	782.7376913999171	0	0	0	0	-0.6456799489784112	-0.0853714883425353	-2277.175678927643	-2255.558055553034	-374.0607493092201
23	4.7671321747275135	4.7671321747275135	4.7671321747275135	45.59161014885388	51.02766516059535	21.17078305154655	4805.633407290351	4636.227595106877	782.7376888380543	0	0	0	0	-0.6456799002651982	-0.08537148133377286	-2277.1755612647307	-2255.557843626674	-374.0607231985674
24	4.7671321747275135	4.7671321747275135	4.7671321747275135	45.59161014885388	51.027665158360065	21.170783051210254	4805.633402826962	4636.227585899414	782.737687774722	0	0	0	0	-0.6456798797885503	-0.08537147838648743	-2277.1755118282676	-2255.557753605508	-374.0607121697995
25	4.7671321747275135	4.7671321747275135	4.7671321747275135	45.59161014885388	51.02766515905068	21.17078305131196	4805.633404705679	4636.227589573288	782.7376882099203	0	0	0	0	-0.6456798875484677	-0.085371479500679	-2277.175530618253	-2255.5577854895364	-374.0607162229164
26	4.7671321747275135	4.7671321747275135	4.7671321747275135	45.59161014885388	51.02766516266717	21.170783051851664	4805.6334129265015	4636.227606128498	782.7376901436493	0	0	0	0	-0.6456799235449502	-0.08537148467634757	-2277.175617634688	-2255.5579392787586	-374.0607353579181
27	4.7671321747275135	4.7671321747275135	4.7671321747275135	45.59161014885388	51.02766516406528	21.170783052061573	4805.633415800557	4636.22761198766	782.7376908240756	0	0	0	0	-0.645679936364839	-0.08537148651675094	-2277.175648752014	-2255.5579950955876	-374.0607422491771
28	4.7671321747275135	4.7671321747275135	4.7671321747275135	45.59161014885388	51.027665164796716	21.17078305217198	4805.63341715947	4636.227614792427	782.7376911479106	0	0	0	0	-0.6456799425307942	-0.0853714874000759	-2277.1756637980043	-2255.5580224664413	-374.0607456038017
29	4.7671321747275135	4.7671321747275135	4.7671321747275135	45.59161014885388	51.02766516547298	21.170783052274068	4805.633418415197	4636.227617384433	782.7376914471694	0	0	0	0	-0.645679948228981	-0.08537148821639813	-2277.175677703182	-2255.558047764161	-374.0607487042091
30	4.7671321747275135	4.7671321747275135	4.7671321747275135	45.59161014885389	51.02766516609408	21.17078305236783	4805.633419567738	4636.227619763681	782.7376917218517	0	0	0	0	-0.6456799534593998	-0.08537148896571764	-2277.1756904675467	-2255.558070988747	-374.06075155039923
31	4.7671321747275135	4.7671321747275135	4.7671321747275135	45.59161014885389	51.02766516666001	21.170783052453274	4805.633420617093	4636.227621930169	782.7376919719577	0	0	0	0	-0.6456799582220504	-0.08537148964803443	-2277.1757020910986	-2255.5580921401997	-374.0607541423721
32	4.7671321747275135	4.7671321747275135	4.7671321747275135	45.59161014885389	51.027665167170774	21.170783052530393	4805.633421563263	4636.227623883899	782.7376921974874	0	0	0	0	-0.6456799625169327	-0.08537149026334848	-2277.1757125738377	-2255.558111218518	-374.0607564801278
33	4.7671321747275135	4.7671321747275135	4.7671321747275135	45.59161014885389	51.02766516762637	21.170783052599187	4805.633422406247	4636.227625624869	782.7376923984407	0	0	0	0	-0.6456799663440469	-0.0853714908116598	-2277.175721915764	-2255.558128223703	-374.0607585636662
34	4.7671321747275135	4.7671321747275135	4.7671321747275135	45.59161014885389	51.02766516802679	21.170783052659658	4805.633423146044	4636.227627153079	782.7376925748177	0	0	0	0	-0.6456799697033928	-0.0853714912929684	-2277.175730116877	-2255.5581431557544	-374.06076039298733
35	4.7671321747275135	4.7671321747275135	4.7671321747275135	45.59161014885389	51.02766516837205	21.17078305271181	4805.633423782655	4636.22762846853	782.7376927266183	0	0	0	0	-0.6456799725949707	-0.08537149170727427	-2277.1757371771773	-2255.5581560146716	-374.06076196809124
36	4.7671321747275135	4.7671321747275135	4.7671321747275135	45.59161014885389	51.027665168662146	21.170783052755638	4805.633424316081	4636.227629571222	782.7376928538426	0	0	0	0	-0.6456799750187803	-0.08537149205457742	-2277.1757430966645	-2255.5581668004547	-374.0607632889779
37	4.7671321747275135	4.7671321747275135	4.7671321747275135	45.59161014885389	51.02766516889707	21.17078305279114	4805.633424746321	4636.227630461154	782.7376929564906	0	0	0	0	-0.6456799769748216	-0.08537149233487783	-2277.175747875339	-2255.5581755131043	-374.06076435564734
38	4.7671321747275135	4.7671321747275135	4.7671321747275135	45.59161014885389	51.02766516907683	21.170783052818322	4805.633425073374	4636.2276311383275	782.7376930345622	0	0	0	0	-0.6456799784630949	-0.08537149254817553	-2277.1757515132003	-2255.5581821526202	-374.0607651680995
39	4.7671321747275135	4.7671321747275135	4.7671321747275135	45.59161014885389	51.02766516920142	21.17078305283718	4805.633425297242	4636.227631602742	782.7376930880575	0	0	0	0	-0.6456799794835999	-0.08537149269447049	-2277.175754010249	-2255.5581867190026	-374.06076572633447
40	4.7671321747275135	4.7671321747275135	4.7671321747275135	45.59161014885389	51.02766516927085	21.170783052847717	4805.633425417925	4636.227631854396	782.7376931169764	0	0	0	0	-0.6456799800363368	-0.08537149277376271	-2277.1757553664847	-2255.558189212251	-374.06076603035217
41	4.7671321747275135	4.7671321747275135	4.7671321747275135	45.59161014885389	51.0276651692851	21.17078305284993	4805.633425435421	4636.227631893292	782.737693121319	0	0	0	0	-0.6456799801213055	-0.08537149278605223	-2277.175755581907	-2255.558189632365	-374.06076608015263
42	4.7671321747275135	4.7671321747275135	4.7671321747275135	45.59161014885389	51.02766516924419	21.17078305284382	4805.633425349731	4636.227631719428	782.7376931010853	0	0	0	0	-0.6456799797385059	-0.08537149273133901	-2277.1757546565173	-2255.558187979346	-374.06076587573585
43	4.7671321747275135	4.7671321747275135	4.7671321747275135	45.59161014885389	51.02766516914811	21.17078305282939	4805.633425160855	4636.227631332805	782.7376930562751	0	0	0	0	-0.6456799788879382	-0.08537149260962307	-2277.175752590314	-2255.558184253193	-374.06076541710183
44	4.7671321747275135	4.7671321747275135	4.7671321747275135	45.59161014885388	51.02766516899686	21.170783052806634	4805.633424868793	4636.227630733422	782.7376929868886	0	0	0	0	-0.6456799775696023	-0.0853714924209044	-2277.175749383298	-2255.5581784539063	-374.0607647042506
45	4.7671321747275135	4.7671321747275135	4.7671321747275135	45.59161014885388	51.02766516879044	21.170783052775555	4805.633424473545	4636.22762992128	782.7376928929259	0	0	0	0	-0.6456799757834982	-0.085371492165183	-2277.175745035469	-2255.5581705814852	-374.06076373718207
46	4.7671321747275135	4.7671321747275135	4.7671321747275135	45.59161014885388	51.02766516852886	21.17078305273615	4805.633423975111	4636.227628896379	782.7376927743868	0	0	0	0	-0.6456799735296259	-0.08537149184245887	-2277.175739546827	-2255.558160635931	-374.0607625158963
47	4.7671321747275135	4.7671321747275135	4.7671321747275135	45.59161014885388	51.02766516821211	21.170783052688428	4805.633423373492	4636.227627658719	782.7376926312713	0	0	0	0	-0.6456799708079854	-0.08537149145273203	-2277.175732917372	-2255.5581486172428	-374.0607610403933
48	4.7671321747275135	4.7671321747275135	4.7671321747275135	45.59161014885388	51.0276651678402	21.170783052632384	4805.633422668687	4636.227626208299	782.7376924635795	0	0	0	0	-0.6456799676185768	-0.08537149099600244	-2277.1757251471045	-2255.558134525421	-374.06075931067306
49	4.7671321747275135	4.7671321747275135	4.7671321747275135	45.59161014885388	51.02766516741311	21.170783052568012	4805.633421860695	4636.22762454512	782.7376922713113	0	0	0	0	-0.6456799639613999	-0.08537149047227013	-2277.1757162360236	-2255.558118360465	-374.06075732673554
50	4.7671321747275135	4.7671321747275135	4.7671321747275135	45.591610148853874	51.02766516693086	21.17078305249532	4805.633420949518	4636.227622669182	782.7376920544667	0	0	0	0	-0.645679959836455	-0.0853714898815351	-2277.1757061841304	-2255.5581001223754	-374.06075508858083
51	4.7671321747275135	4.7671321747275135	4.7671321747275135	45.59161014885388	51.027665166780665	21.17078305247245	4805.633420703798	4636.227622156744	782.7376919955802	0	0	0	0	-0.6456799587311137	-0.08537148972344702	-2277.175703429245	-2255.5580950629083	-374.060754471445
52	4.7671321747275135	4.7671321747275135	4.7671321747275135	45.59161014885389	51.02766516669514	21.17078305245931	4805.633420582808	4636.227621900646	782.737691966349	0	0	0	0	-0.6456799581906375	-0.08537148964625334	-2277.175702047267	-2255.558092490254	-374.0607541597266
53	4.7671321747275135	4.7671321747275135	4.7671321747275135	45.59161014885389	51.027665166617176	21.17078305244733	4805.633420472496	4636.227621667121	782.7376919396955	0	0	0	0	-0.6456799576974491	-0.08537148957579488	-2277.175700787018	-2255.5580901440458	-374.0607538754337
54	4.7671321747275135	4.7671321747275135	4.7671321747275135	45.591610148853896	51.02766516654678	21.170783052436516	4805.63342037286	4636.227621456168	782.73769191562	0	0	0	0	-0.6456799572515488	-0.08537148951207167	-2277.175699648498	-2255.558088024284	-374.0607536185663
55	4.7671321747275135	4.7671321747275135	4.7671321747275135	45.591610148853896	51.02766516648396	21.170783052426863	4805.633420283901	4636.227621267788	782.7376918941222	0	0	0	0	-0.6456799568529364	-0.08537148945508369	-2277.1756986317073	-2255.5580861309686	-374.06075338912444
56	4.7671321747275135	4.7671321747275135	4.7671321747275135	45.5916101488539	51.02766516642871	21.170783052418372	4805.633420205619	4636.227621101981	782.7376918752024	0	0	0	0	-0.6456799565016119	-0.08537148940483093	-2277.175697736646	-2255.558084464099	-374.0607531871081
57	4.7671321747275135	4.7671321747275135	4.7671321747275135	45.5916101488539	51.02766516638103	21.170783052411046	4805.633420138013	4636.227620958746	782.7376918588603	0	0	0	0	-0.6456799561975755	-0.08537148936131342	-2277.175696963313	-2255.558083023676	-374.0607530125173
58	4.7671321747275135	4.7671321747275135	4.7671321747275135	45.5916101488539	51.02766516634091	21.170783052404882	4805.633420081084	4636.2276208380845	782.7376918450962	0	0	0	0	-0.6456799559408269	-0.08537148932453113	-2277.17569631171	-2255.5580818096987	-374.06075286535196
59	4.7671321747275135	4.7671321747275135	4.7671321747275135	45.5916101488539	51.02766516630837	21.170783052399884	4805.633420034832	4636.2276207399955	782.7376918339098	0	0	0	0	-0.6456799557313663	-0.08537148929448408	-2277.1756957818357	-2255.558080822168	-374.06075274561215
60	4.7671321747275135	4.7671321747275135	4.7671321747275135	45.5916101488539	51.0276651662834	21.170783052396047	4805.633419999256	4636.227620664479	782.7376918253013	0	0	0	0	-0.6456799555691936	-0.08537148927117227	-2277.175695373691	-2255.5580800610833	-374.06075265329787
61	4.7671321747275135	4.7671321747275135	4.7671321747275135	45.5916101488539	51.02766516626599	21.17078305239337	4805.633419974358	4636.227620611535	782.7376918192706	0	0	0	0	-0.6456799554543089	-0.08537148925459569	-2277.1756950872746	-2255.558079526445	-374.0607525884091
62	4.7671321747275135	4.7671321747275135	4.7671321747275135	45.5916101488539	51.027665166256156	21.17078305239186	4805.633419960135	4636.227620581164	782.7376918158178	0	0	0	0	-0.6456799553867121	-0.08537148924475434	-2277.175694922588	-2255.5580792182527	-374.06075255094584
63	4.7671321747275135	4.7671321747275135	4.7671321747275135	45.5916101488539	51.02766516625389	21.170783052391513	4805.63341995659	4636.227620573366	782.7376918149429	0	0	0	0	-0.6456799553664033	-0.08537148924164822	-2277.1756948796306	-2255.558079136507	-374.0607525409081
64	4.7671321747275135	4.7671321747275135	4.7671321747275135	45.5916101488539	51.0276651662592	21.17078305239233	4805.633419963721	4636.227620588141	782.7376918166458	0	0	0	0	-0.6456799553933824	-0.08537148924527733	-2277.175694958402	-2255.558079281207	-374.06075255829586
65	4.7671321747275135	4.7671321747275135	4.7671321747275135	45.591610148853896	51.02766516627207	21.17078305239431	4805.633419981529	4636.227620625487	782.7376918209266	0	0	0	0	-0.6456799554676494	-0.0853714892556417	-2277.1756951589027	-2255.558079652353	-374.06075260310917
66	4.7671321747275135	4.7671321747275135	4.7671321747275135	45.591610148853896	51.027665166292515	21.17078305239745	4805.633420010014	4636.227620685408	782.7376918277852	0	0	0	0	-0.6456799555892044	-0.08537148927274128	-2277.1756954811326	-2255.5580802499458	-374.060752675348
67	4.7671321747275135	4.7671321747275135	4.7671321747275135	45.59161014885389	51.027665166320524	21.170783052401752	4805.633420049176	4636.227620767901	782.7376918372216	0	0	0	0	-0.6456799557580475	-0.08537148929657609	-2277.1756959250915	-2255.558081073985	-374.0607527750123
68	4.7671321747275135	4.7671321747275135	4.7671321747275135	45.59161014885388	51.02766516635611	21.17078305240722	4805.633420099013	4636.227620872965	782.737691849236	0	0	0	0	-0.6456799559741784	-0.08537148932714615	-2277.1756964907795	-2255.55808212447	-374.06075290210214
69	4.7671321747275135	4.7671321747275135	4.7671321747275135	45.59161014885388	51.02766516639926	21.170783052413853	4805.633420159528	4636.227621000604	782.737691863828	0	0	0	0	-0.6456799562375972	-0.08537148936445144	-2277.175697178197	-2255.558083401401	-374.0607530566175
70	4.7671321747275135	4.7671321747275135	4.7671321747275135	45.591610148853874	51.027665166449985	21.170783052421644	4805.63342023072	4636.227621150814	782.737691880998	0	0	0	0	-0.645679956548304	-0.08537148940849196	-2277.175697987343	-2255.5580849047783	-374.06075323855833
71	4.7671321747275135	4.7671321747275135	4.7671321747275135	45.59161014885387	51.02766516650828	21.170783052430604	4805.633420312588	4636.227621323598	782.7376919007459	0	0	0	0	-0.6456799569062988	-0.0853714894592677	-2277.1756989182186	-2255.5580866346018	-374.06075344792475
72	4.7671321747275135	4.7671321747275135	4.7671321747275135	45.59161014885387	51.02766516650828	21.170783052430604	4805.633420312588	4636.227621323598	782.7376919007459	0	0	0	0	-0.6456799569062988	-0.0853714894592677	-2277.1756989182186	-2255.5580866346018	-374.06075344792475
73	4.7671321747275135	4.7671321747275135	4.7671321747275135	0.001249320591214261	50.05670689863969	20.80651717348024	729.4452851294235	4599.099610228497	777.0614162587794	0	0	0	0	-1.9846288614629786	-0.5744073896388593	-988.1287814329221	-2296.843176127758	-380.1717041136728
74	4.7671321747275135	4.7671321747275135	4.7671321747275135	0	44.98971492867631	18.934722868309446	88.29966253122424	4321.188311654626	735.057270435381	0	0	0	0	-9.071834922711986	-3.074874672562557	-208.06424034560095	-2639.380345699661	-429.67123863288606
75	4.7671321747275135	4.7671321747275135	4.7671321747275135	0	38.24724269354891	16.54593698581163	10.683151660034925	3732.6238530996197	648.642446493037	0	0	0	0	-7.831237719110016	-2.3272750012322385	-35.882580391919696	-2704.18985107428	-430.67528249711836
76	4.7671321747275135	4.7671321747275135	4.7671321747275135	0	36.096497229086715	15.843854423036888	1.2916805433507546	3372.0859233837878	598.2451557111779	0	0	0	0	-3.1365480288755756	-0.6268760660382147	-5.634566908209875	-2119.22899027498	-340.96921516557984
77	4.7671321747275135	4.7671321747275135	4.7671321747275135	0	35.73741333219475	15.737862561354476	0.15565098271913339	3268.098941692557	584.5411006220219	0	0	0	0	-1.8896322252689077	-0.22733549023518834	-0.8359151868578149	-1800.5810630400658	-296.1967937998496
78	4.7671321747275135	4.7671321747275135	4.7671321747275135	0	35.68548721443103	15.723789541779258	0.018730467831246697	3246.354663783371	581.8317106324125	0	0	0	0	-1.6583251717895644	-0.16043443060818144	-0.11951402753235134	-1708.370852436337	-284.09010207149595
79	4.7671321747275135	4.7671321747275135	4.7671321747275135	0	35.67821077311415	15.721945593955114	0.0022340522331252624	3242.426443950902	581.3659676308012	0	0	0	0	-1.6192016968233836	-0.14999249367231668	-0.01654119818535915	-1687.5347904359005	-281.5069826086683
80	4.7671321747275135	4.7671321747275135	4.7671321747275135	0	35.677209110665416	15.72170501513911	0.00026070439305910035	3241.7735412285383	581.2918982438363	0	0	0	0	-1.6125886752337066	-0.14830899826366004	-0.0037790196426617665	-1683.3886824332199	-281.0176362285723
81	4.7671321747275135	4.7671321747275135	4.7671321747275135	0	35.677073869238164	15.721673934506608	28579786087990537e-21	3241.6713113653605	581.2807539637745	0	0	0	0	-1.6118563878660601	-0.14816345015215668	-0.0030817477784992144	-1682.6419961801116	-280.93361689453155
82	4.7671321747275135	4.7671321747275135	4.7671321747275135	0	35.67705648654019	15.721670085654297	26916407999576454e-22	3241.6563564243747	581.2791842573141	0	0	0	0	-1.6117598959450752	-0.14814572798704856	-0.00301461299125989	-1682.5244550561672	-280.921144912018
83	4.7671321747275135	4.7671321747275135	4.7671321747275135	0	35.67705441113842	15.721669643160276	0	3241.6543789380557	581.2789843932542	0	0	0	0	-1.6117475523127582	-0.1481435067568607	-0.0030079814171927607	-1682.5076723340314	-280.9194578528753
84	4.7671321747275135	4.7671321747275135	4.7671321747275135	0	35.67705424566391	15.721669609920411	0	3241.6541652238056	581.2789643445012	0	0	0	0	-1.611746234295551	-0.1481432771271832	-0.0030076421385699624	-1682.5055573882023	-280.9192633017272
85	4.7671321747275135	4.7671321747275135	4.7671321747275135	0	35.677054251395724	15.721669611529228	0	3241.654180643924	581.2789658947039	0	0	0	0	-1.6117463085988144	-0.14814328668967694	-0.0030076536402164934	-1682.5056749998048	-280.9192752874069
86	4.7671321747275135	4.7671321747275135	4.7671321747275135	0	35.67705427334039	15.721669616101627	0	3241.6542050029325	581.2789682238977	0	0	0	0	-1.6117464543518114	-0.1481433121452856	-0.0030076536402164934	-1682.5059006239896	-280.9192965227655
87	4.7671321747275135	4.7671321747275135	4.7671321747275135	0	35.677054287439816	15.721669618993976	0	3241.654220931476	581.2789697444477	0	0	0	0	-1.6117465491411926	-0.1481433286013039	-0.0030076536402164934	-1682.5060486880604	-280.91931043736014
88	4.7671321747275135	4.7671321747275135	4.7671321747275135	0	35.677054293694006	15.721669620206276	0	3241.6542284295547	581.2789704563542	0	0	0	0	-1.6117465929669583	-0.14814333605773186	-0.0030076536402164934	-1682.5061191920174	-280.9193170311909
89	4.7671321747275135	4.7671321747275135	4.7671321747275135	0	35.67705429210295	15.721669619738524	0	3241.654227497168	581.2789703596168	0	0	0	0	-1.611746585829108	-0.14814333451456949	-0.0030076536402164934	-1682.5061121358603	-280.9193163042576
90	4.7671321747275135	4.7671321747275135	4.7671321747275135	0	35.67705428266666	15.72166961759072	0	3241.6542181343166	581.2789694542358	0	0	0	0	-1.611746527727642	-0.1481433239718168	-0.0030076536402164934	-1682.5060275195892	-280.91930825656044
91	4.7671321747275135	4.7671321747275135	4.7671321747275135	0	35.67705427793428	15.721669616591186	0	3241.6542130397365	581.2789689655156	0	0	0	0	-1.6117464972219413	-0.14814331861633237	-0.0030076536402164934	-1682.505980734695	-280.91930383910614
92	4.7671321747275135	4.7671321747275135	4.7671321747275135	0	35.67705427639882	15.72166961631808	0	3241.6542111433628	581.2789687857713	0	0	0	0	-1.6117464865751128	-0.14814331686081703	-0.0030076536402164934	-1682.5059629320194	-280.9193021753777
93	4.7671321747275135	4.7671321747275135	4.7671321747275135	0	35.67705427498036	15.721669616065826	0	3241.6542093917806	581.2789686197623	0	0	0	0	-1.6117464767422789	-0.14814331523957625	-0.0030076536402164934	-1682.5059464871847	-280.9193006386353
94	4.7671321747275135	4.7671321747275135	4.7671321747275135	0	35.67705427367889	15.721669615834424	0	3241.6542077849904	581.2789684674884	0	0	0	0	-1.6117464677234397	-0.1481433137526101	-0.0030076536402164934	-1682.505931400191	-280.9192992288789
95	4.7671321747275135	4.7671321747275135	4.7671321747275135	0	35.67705427249443	15.721669615623874	0	3241.654206322992	581.2789683289498	0	0	0	0	-1.6117464595185949	-0.14814331239991854	-0.0030076536402164934	-1682.5059176710379	-280.91929794610854
96	4.7671321747275135	4.7671321747275135	4.7671321747275135	0	35.67705427142696	15.721669615434175	0	3241.6542050057856	581.2789682041463	0	0	0	0	-1.6117464521277445	-0.14814331118150162	-0.0030076536402164934	-1682.5059052997258	-280.9192967903242
97	4.7671321747275135	4.7671321747275135	4.7671321747275135	0	35.67705427047649	15.721669615265329	0	3241.6542038333714	581.2789680930779	0	0	0	0	-1.6117464455508888	-0.14814331009735926	-0.0030076536402164934	-1682.5058942862543	-280.91929576152586
98	4.7671321747275135	4.7671321747275135	4.7671321747275135	0	35.677054269643016	15.721669615117335	0	3241.6542028057484	581.2789679957447	0	0	0	0	-1.6117464397880277	-0.14814330914749152	-0.0030076536402164934	-1682.5058846306235	-280.91929485971355
99	4.7671321747275135	4.7671321747275135	4.7671321747275135	0	35.67705426892655	15.721669614990192	0	3241.6542019229178	581.2789679121466	0	0	0	0	-1.611746434839161	-0.1481433083318984	-0.0030076536402164934	-1682.5058763328339	-280.91929408488727
100	4.7671321747275135	4.7671321747275135	4.7671321747275135	0	35.67705426832707	15.721669614883902	0	3241.6542011848787	581.2789678422838	0	0	0	0	-1.611746430704289	-0.14814330765057984	-0.0030076536402164934	-1682.5058693928847	-280.91929343704703
101	4.7671321747275135	4.7671321747275135	4.7671321747275135	0	35.677054267844596	15.721669614798463	0	3241.6542005916317	581.2789677861562	0	0	0	0	-1.6117464273834115	-0.14814330710353593	-0.0030076536402164934	-1682.5058638107764	-280.9192929161928
102	4.7671321747275135	4.7671321747275135	4.7671321747275135	0	35.677054267479114	15.721669614733877	0	3241.6542001431767	581.2789677437636	0	0	0	0	-1.6117464248765283	-0.14814330669076659	-0.0030076536402164934	-1682.5058595865091	-280.91929252232455
103	4.7671321747275135	4.7671321747275135	4.7671321747275135	0	35.67705426723064	15.721669614690143	0	3241.6541998395137	581.2789677151063	0	0	0	0	-1.6117464231836398	-0.14814330641227189	-0.0030076536402164934	-1682.5058567200824	-280.9192922554424
104	4.7671321747275135	4.7671321747275135	4.7671321747275135	0	35.67705426709916	15.72166961466726	0	3241.6541996806423	581.2789677001841	0	0	0	0	-1.611746422304746	-0.14814330626805175	-0.0030076536402164934	-1682.5058552114967	-280.91929211554617
105	4.7671321747275135	4.7671321747275135	4.7671321747275135	0	35.67705426708467	15.721669614665227	0	3241.654199666563	581.278967698997	0	0	0	0	-1.6117464222398465	-0.14814330625810623	-0.0030076536402164934	-1682.5058550607516	-280.919292102636
106	4.7671321747275135	4.7671321747275135	4.7671321747275135	0	35.67705426718719	15.72166961468405	0	3241.654199797275	581.2789677115452	0	0	0	0	-1.6117464229889418	-0.14814330638243534	-0.0030076536402164934	-1682.5058562678473	-280.9192922167118
107	4.7671321747275135	4.7671321747275135	4.7671321747275135	0	35.6770542674067	15.721669614723723	0	3241.6542000727795	581.2789677378285	0	0	0	0	-1.6117464245520314	-0.148143306641039	-0.0030076536402164934	-1682.505858832784	-280.91929245777374
108	4.7671321747275135	4.7671321747275135	4.7671321747275135	0	35.677054267743216	15.721669614784247	0	3241.6542004930757	581.278967777847	0	0	0	0	-1.6117464269291157	-0.14814330703391732	-0.0030076536402164934	-1682.5058627555613	-280.9192928258216
109	4.7671321747275135	4.7671321747275135	4.7671321747275135	0	35.67705426819673	15.721669614865624	0	3241.6542010581634	581.2789678316005	0	0	0	0	-1.6117464301201945	-0.1481433075610702	-0.0030076536402164934	-1682.5058680361797	-280.91929332085556
110	4.7671321747275135	4.7671321747275135	4.7671321747275135	0	35.67705426876723	15.721669614967853	0	3241.6542017680435	581.2789678990894	0	0	0	0	-1.6117464341252679	-0.1481433082224977	-0.0030076536402164934	-1682.5058746746386	-280.91929394287547
111	4.7671321747275135	4.7671321747275135	4.7671321747275135	0	35.677054269454736	15.721669615090933	0	3241.6542026227153	581.2789679803134	0	0	0	0	-1.6117464389443357	-0.1481433090181998	-0.0030076536402164934	-1682.5058826709383	-280.9192946918814
112	4.7671321747275135	4.7671321747275135	4.7671321747275135	0	35.67705427025925	15.721669615234866	0	3241.654203622179	581.2789680752725	0	0	0	0	-1.6117464445773981	-0.1481433099481765	-0.0030076536402164934	-1682.505892025079	-280.9192955678734
113	4.7671321747275135	4.7671321747275135	4.7671321747275135	0	35.67705427118075	15.721669615399652	0	3241.6542047664348	581.2789681839668	0	0	0	0	-1.611746451024455	-0.1481433110124278	-0.0030076536402164934	-1682.5059027370603	-280.91929657085143
114	4.7671321747275135	4.7671321747275135	4.7671321747275135	0	35.67705427208564	15.721669615561336	0	3241.654205888355	581.2789682905055	0	0	0	0	-1.6117464573409581	-0.14814331205495254	-0.0030076536402164934	-1682.5059132433855	-280.9192975542948
115	4.7671321747275135	4.7671321747275135	4.7671321747275135	0	35.67705427214745	15.721669615571846	0	3241.654205955172	581.2789682967117	0	0	0	0	-1.61174645769284	-0.14814331211230083	-0.0030076536402164934	-1682.505913880327	-280.9192976127489
116	4.7671321747275135	4.7671321747275135	4.7671321747275135	0	35.67705427220769	15.721669615582089	0	3241.654206020288	581.2789683027596	0	0	0	0	-1.611746458035753	-0.14814331216818438	-0.0030076536402164934	-1682.5059145010462	-280.91929766971435
117	4.7671321747275135	4.7671321747275135	4.7671321747275135	0	35.67705427226635	15.721669615592065	0	3241.6542060837014	581.2789683086495	0	0	0	0	-1.6117464583696979	-0.14814331222260316	-0.0030076536402164934	-1682.5059151055427	-280.91929772519114
118	4.7671321747275135	4.7671321747275135	4.7671321747275135	0	35.67705427232345	15.721669615601774	0	3241.6542061454134	581.2789683143812	0	0	0	0	-1.611746458694674	-0.1481433122755572	-0.0030076536402164934	-1682.505915693817	-280.91929777917926
119	4.7671321747275135	4.7671321747275135	4.7671321747275135	0	35.67705427237898	15.721669615611217	0	3241.654206205423	581.2789683199549	0	0	0	0	-1.6117464590106816	-0.14814331232704647	-0.0030076536402164934	-1682.505916265869	-280.9192978316787
120	4.7671321747275135	4.7671321747275135	4.7671321747275135	0	35.67705427243294	15.721669615620392	0	3241.654206263732	581.2789683253703	0	0	0	0	-1.6117464593177206	-0.14814331237707096	-0.0030076536402164934	-1682.5059168216985	-280.9192978826895
121	4.7671321747275135	4.7671321747275135	4.7671321747275135	0	35.677054272485336	15.721669615629303	0	3241.6542063203383	581.2789683306278	0	0	0	0	-1.611746459615791	-0.14814331242563072	-0.0030076536402164934	-1682.5059173613056	-280.9192979322116
122	4.7671321747275135	4.7671321747275135	4.7671321747275135	0	35.677054272536154	15.721669615637945	0	3241.6542063752427	581.278968335727	0	0	0	0	-1.6117464599048932	-0.14814331247272572	-0.0030076536402164934	-1682.5059178846905	-280.91929798024506
123	4.7671321747275135	4.7671321747275135	4.7671321747275135	0	35.6770542725854	15.72166961564632	0	3241.654206428446	581.2789683406681	0	0	0	0	-1.6117464601850267	-0.14814331251835594	-0.0030076536402164934	-1682.5059183918527	-280.9192980267899
124	4.7671321747275135	4.7671321747275135	4.7671321747275135	0	35.677054272633086	15.721669615654429	0	3241.654206479947	581.2789683454512	0	0	0	0	-1.6117464604561915	-0.14814331256252142	-0.0030076536402164934	-1682.5059188827925	-280.91929807184596
125	4.7671321747275135	4.7671321747275135	4.7671321747275135	0	35.6770542726792	15.72166961566227	0	3241.654206529746	581.2789683500761	0	0	0	0	-1.6117464607183878	-0.14814331260522212	-0.0030076536402164934	-1682.50591935751	-280.9192981154134
126	4.7671321747275135	4.7671321747275135	4.7671321747275135	0	35.67705427272374	15.721669615669846	0	3241.6542065778435	581.2789683545428	0	0	0	0	-1.6117464609716157	-0.14814331264645808	-0.0030076536402164934	-1682.5059198160052	-280.9192981574923
127	4.7671321747275135	4.7671321747275135	4.7671321747275135	0	35.67705427276671	15.721669615677154	0	3241.654206624239	581.2789683588514	0	0	0	0	-1.611746461215875	-0.14814331268622927	-0.0030076536402164934	-1682.505920258278	-280.9192981980824
128	4.7671321747275135	4.7671321747275135	4.7671321747275135	0	35.677054272808114	15.721669615684196	0	3241.6542066689326	581.278968363002	0	0	0	0	-1.6117464614511658	-0.14814331272453568	-0.0030076536402164934	-1682.5059206843282	-280.91929823718385
129	4.7671321747275135	4.7671321747275135	4.7671321747275135	0	35.67705427284795	15.72166961569097	0	3241.654206711925	581.2789683669945	0	0	0	0	-1.611746461677488	-0.14814331276137735	-0.0030076536402164934	-1682.505921094156	-280.9192982747967
130	4.7671321747275135	4.7671321747275135	4.7671321747275135	0	35.67705427288622	15.721669615697477	0	3241.654206753215	581.2789683708288	0	0	0	0	-1.6117464618948416	-0.14814331279675427	-0.0030076536402164934	-1682.5059214877615	-280.91929831092085
131	4.7671321747275135	4.7671321747275135	4.7671321747275135	0	35.67705427292291	15.72166961570372	0	3241.654206792803	581.278968374505	0	0	0	0	-1.6117464621032267	-0.14814331283066642	-0.0030076536402164934	-1682.5059218651445	-280.91929834555634
132	4.7671321747275135	4.7671321747275135	4.7671321747275135	0	35.67705427295803	15.721669615709693	0	3241.65420683069	581.278968378023	0	0	0	0	-1.6117464623026434	-0.14814331286311383	-0.0030076536402164934	-1682.5059222263053	-280.91929837870316
133	4.7671321747275135	4.7671321747275135	4.7671321747275135	0	35.67705427299159	15.7216696157154	0	3241.6542068668746	581.278968381383	0	0	0	0	-1.6117464624930915	-0.14814331289409646	-0.0030076536402164934	-1682.5059225712437	-280.9192984103613
134	4.7671321747275135	4.7671321747275135	4.7671321747275135	0	35.67705427302358	15.721669615720842	0	3241.6542069013576	581.2789683845848	0	0	0	0	-1.611746462674571	-0.14814331292361432	-0.0030076536402164934	-1682.5059228999594	-280.9192984405308
135	4.7671321747275135	4.7671321747275135	4.7671321747275135	0	35.67705427305399	15.721669615726015	0	3241.6542069341385	581.2789683876285	0	0	0	0	-1.611746462847082	-0.14814331295166744	-0.0030076536402164934	-1682.505923212453	-280.91929846921164
136	4.7671321747275135	4.7671321747275135	4.7671321747275135	0	35.67705427308284	15.721669615730923	0	3241.654206965218	581.2789683905141	0	0	0	0	-1.6117464630106244	-0.1481433129782558	-0.0030076536402164934	-1682.505923508724	-280.9192984964038
137	4.7671321747275135	4.7671321747275135	4.7671321747275135	0	35.677054273110116	15.721669615735562	0	3241.6542069945954	581.2789683932416	0	0	0	0	-1.6117464631651983	-0.1481433130033794	-0.0030076536402164934	-1682.5059237887726	-280.9192985221073
138	4.7671321747275135	4.7671321747275135	4.7671321747275135	0	35.67705427313582	15.721669615739936	0	3241.6542070222713	581.2789683958109	0	0	0	0	-1.6117464633108036	-0.14814331302703823	-0.0030076536402164934	-1682.505924052599	-280.9192985463221
139	4.7671321747275135	4.7671321747275135	4.7671321747275135	0	35.67705427315996	15.721669615744043	0	3241.654207048245	581.2789683982222	0	0	0	0	-1.6117464634474405	-0.1481433130492323	-0.0030076536402164934	-1682.5059243002029	-280.91929856904835
140	4.7671321747275135	4.7671321747275135	4.7671321747275135	0	35.67705427318253	15.721669615747881	0	3241.6542070725172	581.2789684004753	0	0	0	0	-1.6117464635751089	-0.14814331306996165	-0.0030076536402164934	-1682.5059245315842	-280.91929859028585
141	4.7671321747275135	4.7671321747275135	4.7671321747275135	0	35.67705427320353	15.721669615751455	0	3241.6542070950877	581.2789684025703	0	0	0	0	-1.6117464636938086	-0.14814331308922618	-0.0030076536402164934	-1682.5059247467434	-280.9192986100347
142	4.7671321747275135	4.7671321747275135	4.7671321747275135	0	35.67705427322296	15.721669615754761	0	3241.654207115956	581.2789684045072	0	0	0	0	-1.61174646380354	-0.148143313107026	-0.0030076536402164934	-1682.5059249456801	-280.9192986282949
143	4.7671321747275135	4.7671321747275135	4.7671321747275135	0	35.67705427324082	15.7216696157578	0	3241.6542071351228	581.2789684062859	0	0	0	0	-1.6117464639043024	-0.14814331312336104	-0.0030076536402164934	-1682.5059251283944	-280.9192986450664
144	4.7671321747275135	4.7671321747275135	4.7671321747275135	0	35.67705427325711	15.721669615760574	0	3241.6542071525873	581.2789684079066	0	0	0	0	-1.6117464639960966	-0.14814331313823131	-0.0030076536402164934	-1682.5059252948863	-280.9192986603493
145	4.7671321747275135	4.7671321747275135	4.7671321747275135	0	35.67705427327183	15.721669615763078	0	3241.6542071683507	581.2789684093691	0	0	0	0	-1.6117464640789223	-0.14814331315163684	-0.0030076536402164934	-1682.5059254451558	-280.9192986741435
146	4.7671321747275135	4.7671321747275135	4.7671321747275135	0	35.67705427328498	15.721669615765318	0	3241.654207182412	581.2789684106735	0	0	0	0	-1.6117464641527792	-0.1481433131635776	-0.0030076536402164934	-1682.5059255792028	-280.919298686449
147	4.7671321747275135	4.7671321747275135	4.7671321747275135	0	35.67705427329656	15.72166961576729	0	3241.654207194771	581.2789684118197	0	0	0	0	-1.6117464642176678	-0.1481433131740536	-0.0030076536402164934	-1682.5059256970274	-280.91929869726584
148	4.7671321747275135	4.7671321747275135	4.7671321747275135	0	35.677054273306574	15.721669615768995	0	3241.654207205429	581.2789684128079	0	0	0	0	-1.611746464273588	-0.14814331318306484	-0.0030076536402164934	-1682.5059257986297	-280.9192987065941
149	4.7671321747275135	4.7671321747275135	4.7671321747275135	0	35.67705427331502	15.721669615770434	0	3241.6542072143848	581.278968413638	0	0	0	0	-1.6117464643205393	-0.14814331319061133	-0.0030076536402164934	-1682.5059258840097	-280.91929871443364
150	4.7671321747275135	4.7671321747275135	4.7671321747275135	0	35.67705427332189	15.721669615771606	0	3241.654207221639	581.2789684143099	0	0	0	0	-1.6117464643585222	-0.14814331319669305	-0.0030076536402164934	-1682.505925953167	-280.91929872078447
151	4.7671321747275135	4.7671321747275135	4.7671321747275135	0	35.677054273327194	15.72166961577251	0	3241.654207227191	581.2789684148237	0	0	0	0	-1.6117464643875365	-0.14814331320131	-0.0030076536402164934	-1682.505926006102	-280.9192987256467
152	4.7671321747275135	4.7671321747275135	4.7671321747275135	0	35.67705427333093	15.721669615773148	0	3241.6542072310413	581.2789684151794	0	0	0	0	-1.6117464644075825	-0.14814331320446222	-0.0030076536402164934	-1682.5059260428147	-280.9192987290203
153	4.7671321747275135	4.7671321747275135	4.7671321747275135	0	35.6770542733331	15.72166961577352	0	3241.65420723319	581.278968415377	0	0	0	0	-1.6117464644186597	-0.14814331320614965	-0.0030076536402164934	-1682.505926063305	-280.91929873090515
154	4.7671321747275135	4.7671321747275135	4.7671321747275135	0	35.67705427333369	15.721669615773624	0	3241.6542072336365	581.2789684154164	0	0	0	0	-1.6117464644207684	-0.14814331320637233	-0.0030076536402164934	-1682.5059260675728	-280.91929873130135
155	4.7671321747275135	4.7671321747275135	4.7671321747275135	0	35.677054273332715	15.721669615773463	0	3241.6542072323814	581.2789684152978	0	0	0	0	-1.6117464644139088	-0.14814331320513027	-0.0030076536402164934	-1682.5059260556184	-280.91929873020894
156	4.7671321747275135	4.7671321747275135	4.7671321747275135	0	35.67705427333017	15.721669615773033	0	3241.6542072294246	581.2789684150209	0	0	0	0	-1.6117464643980803	-0.14814331320242344	-0.0030076536402164934	-1682.5059260274413	-280.91929872762785
157	4.7671321747275135	4.7671321747275135	4.7671321747275135	0	35.67705427332606	15.721669615772338	0	3241.654207224766	581.2789684145861	0	0	0	0	-1.6117464643732835	-0.14814331319825183	-0.0030076536402164934	-1682.505925983042	-280.9192987235581
158	4.7671321747275135	4.7671321747275135	4.7671321747275135	0	35.67705427332037	15.721669615771376	0	3241.6542072184056	581.2789684139931	0	0	0	0	-1.611746464339518	-0.14814331319261548	-0.0030076536402164934	-1682.5059259224204	-280.91929871799965
159	4.7671321747275135	4.7671321747275135	4.7671321747275135	0	35.677054273313125	15.721669615770145	0	3241.6542072103434	581.278968413242	0	0	0	0	-1.6117464642967843	-0.14814331318551438	-0.0030076536402164934	-1682.505925845576	-280.91929871095255
160	4.7671321747275135	4.7671321747275135	4.7671321747275135	0	35.6770542733043	15.721669615768649	0	3241.654207200579	581.2789684123327	0	0	0	0	-1.6117464642450816	-0.1481433131769485	-0.0030076536402164934	-1682.5059257525095	-280.91929870241677
161	4.7671321747275135	4.7671321747275135	4.7671321747275135	0	35.67705427329391	15.721669615766887	0	3241.6542071891135	581.2789684112653	0	0	0	0	-1.6117464641844108	-0.14814331316691787	-0.0030076536402164934	-1682.5059256432205	-280.9192986923924
162	4.7671321747275135	4.7671321747275135	4.7671321747275135	0	35.67705427328195	15.721669615764856	0	3241.654207175946	581.2789684100397	0	0	0	0	-1.6117464641147712	-0.14814331315542248	-0.0030076536402164934	-1682.5059255177093	-280.9192986808793
163	4.7671321747275135	4.7671321747275135	4.7671321747275135	0	35.67705427326842	15.72166961576256	0	3241.654207161076	581.2789684086562	0	0	0	0	-1.6117464640361632	-0.14814331314246235	-0.0030076536402164934	-1682.5059253759755	-280.9192986678775
164	4.7671321747275135	4.7671321747275135	4.7671321747275135	0	35.67705427325332	15.721669615759996	0	3241.6542071445047	581.2789684071143	0	0	0	0	-1.6117464639485863	-0.1481433131280374	-0.0030076536402164934	-1682.5059252180192	-280.9192986533871
165	4.7671321747275135	4.7671321747275135	4.7671321747275135	0	35.67705427323665	15.721669615757166	0	3241.6542071262315	581.2789684054145	0	0	0	0	-1.6117464638520413	-0.14814331311214776	-0.0030076536402164934	-1682.5059250438408	-280.9192986374081
166	4.7671321747275135	4.7671321747275135	4.7671321747275135	0	35.67705427321841	15.721669615754069	0	3241.6542071062568	581.2789684035565	0	0	0	0	-1.6117464637465275	-0.14814331309479334	-0.0030076536402164934	-1682.5059248534399	-280.9192986199403
167	4.7671321747275135	4.7671321747275135	4.7671321747275135	0	35.6770542731986	15.721669615750704	0	3241.65420708458	581.2789684015404	0	0	0	0	-1.6117464636320453	-0.14814331307597414	-0.0030076536402164934	-1682.5059246468165	-280.9192986009839
168	4.7671321747275135	4.7671321747275135	4.7671321747275135	0	35.67705427317722	15.721669615747073	0	3241.6542070612013	581.2789683993662	0	0	0	0	-1.6117464635085945	-0.1481433130556902	-0.0030076536402164934	-1682.5059244239708	-280.91929858053885
169	4.7671321747275135	4.7671321747275135	4.7671321747275135	0	35.67705427315427	15.721669615743176	0	3241.654207036121	581.2789683970339	0	0	0	0	-1.6117464633761753	-0.1481433130339415	-0.0030076536402164934	-1682.5059241849026	-280.91929855860513
170	4.7671321747275135	4.7671321747275135	4.7671321747275135	0	35.677054273129755	15.721669615739012	0	3241.6542070093387	581.2789683945434	0	0	0	0	-1.6117464632347873	-0.14814331301072803	-0.0030076536402164934	-1682.505923929612	-280.91929853518275
171	4.7671321747275135	4.7671321747275135	4.7671321747275135	0	35.677054273103664	15.721669615734582	0	3241.654206980855	581.2789683918949	0	0	0	0	-1.611746463084431	-0.1481433129860498	-0.0030076536402164934	-1682.505923658099	-280.9192985102717
172	4.7671321747275135	4.7671321747275135	4.7671321747275135	0	35.67705427307601	15.721669615729883	0	3241.654206950669	581.2789683890882	0	0	0	0	-1.6117464629251061	-0.14814331295990682	-0.0030076536402164934	-1682.5059233703637	-280.91929848387196
173	4.7671321747275135	4.7671321747275135	4.7671321747275135	0	35.677054273046785	15.721669615724919	0	3241.6542069187817	581.2789683861233	0	0	0	0	-1.6117464627568125	-0.14814331293229907	-0.0030076536402164934	-1682.5059230664058	-280.91929845598355
174	4.7671321747275135	4.7671321747275135	4.7671321747275135	0	35.67705427301599	15.721669615719687	0	3241.6542068851923	581.2789683830005	0	0	0	0	-1.6117464625795506	-0.14814331290322655	-0.0030076536402164934	-1682.5059227462257	-280.91929842660653
175	4.7671321747275135	4.7671321747275135	4.7671321747275135	0	35.677054272983625	15.72166961571419	0	3241.654206849901	581.2789683797193	0	0	0	0	-1.61174646239332	-0.1481433128726893	-0.0030076536402164934	-1682.5059224098231	-280.91929839574084
176	4.7671321747275135	4.7671321747275135	4.7671321747275135	0	35.67705427294969	15.721669615708423	0	3241.654206812908	581.2789683762802	0	0	0	0	-1.611746462198121	-0.14814331284068727	-0.0030076536402164934	-1682.5059220571982	-280.9192983633865
177	4.7671321747275135	4.7671321747275135	4.7671321747275135	0	35.677054272914184	15.72166961570239	0	3241.654206774213	581.2789683726829	0	0	0	0	-1.6117464619939532	-0.14814331280722048	-0.0030076536402164934	-1682.5059216883508	-280.91929832954344
178	4.7671321747275135	4.7671321747275135	4.7671321747275135	0	35.67705427287711	15.721669615696092	0	3241.6542067338164	581.2789683689275	0	0	0	0	-1.611746461780817	-0.14814331277228895	-0.0030076536402164934	-1682.505921303281	-280.9192982942117
179	4.7671321747275135	4.7671321747275135	4.7671321747275135	0	35.67705427283847	15.721669615689526	0	3241.654206691718	581.278968365014	0	0	0	0	-1.6117464615587125	-0.14814331273589265	-0.0030076536402164934	-1682.5059209019887	-280.91929825739135
180	4.7671321747275135	4.7671321747275135	4.7671321747275135	0	35.67705427279825	15.721669615682694	0	3241.654206647918	581.2789683609424	0	0	0	0	-1.611746461327639	-0.14814331269803158	-0.0030076536402164934	-1682.5059204844742	-280.9192982190823
181	4.7671321747275135	4.7671321747275135	4.7671321747275135	0	35.67705427275647	15.721669615675596	0	3241.654206602416	581.2789683567125	0	0	0	0	-1.6117464610875973	-0.14814331265870576	-0.0030076536402164934	-1682.5059200507371	-280.9192981792846
182	4.7671321747275135	4.7671321747275135	4.7671321747275135	0	35.67705427275015	15.721669615674507	0	3241.654206596633	581.2789683561815	0	0	0	0	-1.6117464610593826	-0.1481433126547303	-0.0030076536402164934	-1682.5059199956772	-280.9192981743545
183	4.7671321747275135	4.7671321747275135	4.7671321747275135	0	35.67705427274665	15.721669615673898	0	3241.654206593978	581.2789683559414	0	0	0	0	-1.6117464610477639	-0.14814331265350003	-0.0030076536402164934	-1682.5059199704408	-280.91929817216476
184	4.7671321747275135	4.7671321747275135	4.7671321747275135	0	35.67705427274326	15.721669615673306	0	3241.654206591402	581.2789683557086	0	0	0	0	-1.6117464610364824	-0.14814331265230204	-0.0030076536402164934	-1682.50591994596	-280.9192981700389
185	4.7671321747275135	4.7671321747275135	4.7671321747275135	0	35.67705427273997	15.721669615672733	0	3241.6542065889053	581.2789683554828	0	0	0	0	-1.611746461025538	-0.14814331265113634	-0.0030076536402164934	-1682.5059199222344	-280.9192981679771
186	4.7671321747275135	4.7671321747275135	4.7671321747275135	0	35.67705427273679	15.721669615672178	0	3241.654206586487	581.2789683552642	0	0	0	0	-1.6117464610149306	-0.14814331265000288	-0.0030076536402164934	-1682.5059198992642	-280.91929816597917
187	4.7671321747275135	4.7671321747275135	4.7671321747275135	0	35.67705427273371	15.721669615671642	0	3241.654206584148	581.2789683550527	0	0	0	0	-1.6117464610046606	-0.14814331264890174	-0.0030076536402164934	-1682.5059198770496	-280.9192981640452
188	4.7671321747275135	4.7671321747275135	4.7671321747275135	0	35.677054272730736	15.721669615671123	0	3241.654206581888	581.2789683548484	0	0	0	0	-1.6117464609947274	-0.14814331264783287	-0.0030076536402164934	-1682.5059198555903	-280.9192981621751
189	4.7671321747275135	4.7671321747275135	4.7671321747275135	0	35.677054272727865	15.721669615670622	0	3241.654206579707	581.2789683546513	0	0	0	0	-1.6117464609851313	-0.14814331264679625	-0.0030076536402164934	-1682.5059198348863	-280.91929816036895
190	4.7671321747275135	4.7671321747275135	4.7671321747275135	0	35.6770542727251	15.72166961567014	0	3241.6542065776052	581.2789683544612	0	0	0	0	-1.6117464609758725	-0.14814331264579192	-0.0030076536402164934	-1682.505919814938	-280.91929815862676
191	4.7671321747275135	4.7671321747275135	4.7671321747275135	0	35.677054272722444	15.721669615669676	0	3241.654206575582	581.2789683542783	0	0	0	0	-1.6117464609669507	-0.14814331264481986	-0.0030076536402164934	-1682.5059197957448	-280.9192981569485
192	4.7671321747275135	4.7671321747275135	4.7671321747275135	0	35.677054272719886	15.72166961566923	0	3241.654206573638	581.2789683541025	0	0	0	0	-1.611746460958366	-0.1481433126438801	-0.0030076536402164934	-1682.505919777307	-280.91929815533416
193	4.7671321747275135	4.7671321747275135	4.7671321747275135	0	35.67705427271743	15.721669615668802	0	3241.6542065717726	581.2789683539339	0	0	0	0	-1.6117464609501184	-0.1481433126429726	-0.0030076536402164934	-1682.505919759625	-280.9192981537838
194	4.7671321747275135	4.7671321747275135	4.7671321747275135	0	35.67705427271508	15.721669615668393	0	3241.6542065699864	581.2789683537725	0	0	0	0	-1.611746460942208	-0.14814331264209737	-0.0030076536402164934	-1682.5059197426983	-280.9192981522973
195	4.7671321747275135	4.7671321747275135	4.7671321747275135	0	35.67705427271284	15.721669615668002	0	3241.6542065682793	581.2789683536182	0	0	0	0	-1.6117464609346348	-0.14814331264125444	-0.0030076536402164934	-1682.5059197265268	-280.9192981508748
196	4.7671321747275135	4.7671321747275135	4.7671321747275135	0	35.67705427271069	15.721669615667627	0	3241.6542065666513	581.278968353471	0	0	0	0	-1.6117464609273984	-0.14814331264044375	-0.0030076536402164934	-1682.505919711111	-280.9192981495162
197	4.7671321747275135	4.7671321747275135	4.7671321747275135	0	35.67705427270866	15.721669615667274	0	3241.654206565102	581.2789683533309	0	0	0	0	-1.6117464609204994	-0.14814331263966538	-0.0030076536402164934	-1682.5059196964505	-280.9192981482215
198	4.7671321747275135	4.7671321747275135	4.7671321747275135	0	35.67705427270673	15.721669615666936	0	3241.6542065636313	581.278968353198	0	0	0	0	-1.6117464609139374	-0.14814331263891925	-0.0030076536402164934	-1682.5059196825455	-280.9192981469908
199	4.7671321747275135	4.7671321747275135	4.7671321747275135	0	35.6770542727049	15.721669615666617	0	3241.6542065622402	581.2789683530723	0	0	0	0	-1.6117464609077123	-0.1481433126382054	-0.0030076536402164934	-1682.5059196693958	-280.91929814582403
200	4.7671321747275135	4.7671321747275135	4.7671321747275135	0	35.677054272703174	15.721669615666316	0	3241.654206560928	581.2789683529537	0	0	0	0	-1.6117464609018246	-0.14814331263752384	-0.0030076536402164934	-1682.5059196570014	-280.91929814472115
201	4.7671321747275135	4.7671321747275135	4.7671321747275135	0	35.677054272701554	15.721669615666034	0	3241.6542065596946	581.2789683528422	0	0	0	0	-1.611746460896274	-0.14814331263687455	-0.0030076536402164934	-1682.5059196453626	-280.9192981436822
202	4.7671321747275135	4.7671321747275135	4.7671321747275135	0	35.67705427270004	15.721669615665771	0	3241.65420655854	581.2789683527378	0	0	0	0	-1.6117464608910603	-0.14814331263625755	-0.0030076536402164934	-1682.5059196344794	-280.9192981427072
203	4.7671321747275135	4.7671321747275135	4.7671321747275135	0	35.677054272698626	15.721669615665524	0	3241.6542065574645	581.2789683526406	0	0	0	0	-1.6117464608861838	-0.14814331263567282	-0.0030076536402164934	-1682.5059196243512	-280.91929814179616
204	4.7671321747275135	4.7671321747275135	4.7671321747275135	0	35.67705427269732	15.721669615665297	0	3241.654206556468	581.2789683525506	0	0	0	0	-1.6117464608816445	-0.14814331263512037	-0.0030076536402164934	-1682.505919614979	-280.919298140949
205	4.7671321747275135	4.7671321747275135	4.7671321747275135	0	35.67705427269612	15.721669615665087	0	3241.654206555551	581.2789683524677	0	0	0	0	-1.6117464608774423	-0.14814331263460018	-0.0030076536402164934	-1682.5059196063617	-280.9192981401658
206	4.7671321747275135	4.7671321747275135	4.7671321747275135	0	35.677054272695024	15.721669615664895	0	3241.6542065547123	581.278968352392	0	0	0	0	-1.6117464608735772	-0.1481433126341123	-0.0030076536402164934	-1682.5059195985	-280.91929813944654
207	4.7671321747275135	4.7671321747275135	4.7671321747275135	0	35.67705427269403	15.721669615664721	0	3241.6542065539525	581.2789683523233	0	0	0	0	-1.6117464608700491	-0.14814331263365665	-0.0030076536402164934	-1682.5059195913936	-280.9192981387912
208	4.7671321747275135	4.7671321747275135	4.7671321747275135	0	35.677054272693134	15.721669615664567	0	3241.654206553272	581.2789683522618	0	0	0	0	-1.6117464608668581	-0.1481433126332333	-0.0030076536402164934	-1682.5059195850429	-280.9192981381998
209	4.7671321747275135	4.7671321747275135	4.7671321747275135	0	35.67705427269235	15.72166961566443	0	3241.6542065526705	581.2789683522075	0	0	0	0	-1.6117464608640044	-0.14814331263284222	-0.0030076536402164934	-1682.5059195794474	-280.91929813767234
210	4.7671321747275135	4.7671321747275135	4.7671321747275135	0	35.67705427269167	15.721669615664311	0	3241.654206552148	581.2789683521603	0	0	0	0	-1.6117464608614875	-0.14814331263248343	-0.0030076536402164934	-1682.5059195746073	-280.9192981372088
211	4.7671321747275135	4.7671321747275135	4.7671321747275135	0	35.677054272691095	15.72166961566421	0	3241.654206551704	581.2789683521203	0	0	0	0	-1.611746460859308	-0.1481433126321569	-0.0030076536402164934	-1682.5059195705228	-280.9192981368092
212	4.7671321747275135	4.7671321747275135	4.7671321747275135	0	35.67705427269062	15.721669615664128	0	3241.6542065513395	581.2789683520874	0	0	0	0	-1.6117464608574654	-0.14814331263186267	-0.0030076536402164934	-1682.5059195671936	-280.9192981364735
213	4.7671321747275135	4.7671321747275135	4.7671321747275135	0	35.67705427269025	15.721669615664062	0	3241.654206551054	581.2789683520616	0	0	0	0	-1.6117464608559602	-0.1481433126316007	-0.0030076536402164934	-1682.5059195646197	-280.91929813620175
214	4.7671321747275135	4.7671321747275135	4.7671321747275135	0	35.677054272689986	15.721669615664016	0	3241.654206550847	581.278968352043	0	0	0	0	-1.6117464608547918	-0.148143312631371	-0.0030076536402164934	-1682.5059195628014	-280.919298135994
215	4.7671321747275135	4.7671321747275135	4.7671321747275135	0	35.67705427268982	15.72166961566399	0	3241.654206550719	581.2789683520315	0	0	0	0	-1.6117464608539607	-0.14814331263117358	-0.0030076536402164934	-1682.5059195617387	-280.9192981358501
216	4.7671321747275135	4.7671321747275135	4.7671321747275135	0	35.67705427268977	15.721669615663979	0	3241.6542065506706	581.2789683520272	0	0	0	0	-1.6117464608534666	-0.14814331263100844	-0.0030076536402164934	-1682.505919561431	-280.91929813577013
217	4.7671321747275135	4.7671321747275135	4.7671321747275135	0	35.677054272689816	15.721669615663988	0	3241.6542065507006	581.27896835203	0	0	0	0	-1.6117464608533096	-0.1481433126308756	-0.0030076536402164934	-1682.505919561879	-280.91929813575416
218	4.7671321747275135	4.7671321747275135	4.7671321747275135	0	35.67705427268997	15.721669615664014	0	3241.6542065508097	581.2789683520399	0	0	0	0	-1.6117464608534897	-0.14814331263077501	-0.0030076536402164934	-1682.5059195630824	-280.9192981358021
219	4.7671321747275135	4.7671321747275135	4.7671321747275135	0	35.67705427269023	15.721669615664059	0	3241.654206550998	581.278968352057	0	0	0	0	-1.611746460854007	-0.1481433126307067	-0.0030076536402164934	-1682.505919565041	-280.91929813591395
220	4.7671321747275135	4.7671321747275135	4.7671321747275135	0	35.67705427269059	15.721669615664121	0	3241.654206551265	581.2789683520812	0	0	0	0	-1.6117464608548615	-0.14814331263067065	-0.0030076536402164934	-1682.5059195677552	-280.9192981360897
221	4.7671321747275135	4.7671321747275135	4.7671321747275135	0	35.67705427269105	15.721669615664203	0	3241.654206551611	581.2789683521125	0	0	0	0	-1.611746460856053	-0.1481433126306669	-0.0030076536402164934	-1682.505919571225	-280.9192981363295
222	4.7671321747275135	4.7671321747275135	4.7671321747275135	0	35.67705427269162	15.721669615664302	0	3241.654206552036	581.2789683521511	0	0	0	0	-1.6117464608575816	-0.14814331263069544	-0.0030076536402164934	-1682.50591957545	-280.91929813663313
223	4.7671321747275135	4.7671321747275135	4.7671321747275135	0	35.677054272692295	15.72166961566442	0	3241.65420655254	581.2789683521968	0	0	0	0	-1.6117464608594472	-0.14814331263075622	-0.0030076536402164934	-1682.5059195804304	-280.9192981370007
224	4.7671321747275135	4.7671321747275135	4.7671321747275135	0	35.67705427269307	15.721669615664554	0	3241.654206553123	581.2789683522495	0	0	0	0	-1.61174646086165	-0.1481433126308493	-0.0030076536402164934	-1682.5059195861663	-280.91929813743224
225	4.7671321747275135	4.7671321747275135	4.7671321747275135	0	35.67705427269396	15.721669615664707	0	3241.654206553785	581.2789683523094	0	0	0	0	-1.6117464608641898	-0.14814331263097466	-0.0030076536402164934	-1682.5059195926576	-280.9192981379277
226	4.7671321747275135	4.7671321747275135	4.7671321747275135	0	35.67705427269494	15.72166961566488	0	3241.654206554526	581.2789683523765	0	0	0	0	-1.6117464608670669	-0.14814331263113228	-0.0030076536402164934	-1682.5059195999042	-280.9192981384871
227	4.7671321747275135	4.7671321747275135	4.7671321747275135	0	35.67705427269603	15.72166961566507	0	3241.654206555346	581.2789683524508	0	0	0	0	-1.6117464608702812	-0.1481433126313222	-0.0030076536402164934	-1682.5059196079064	-280.91929813911037
228	4.7671321747275135	4.7671321747275135	4.7671321747275135	0	35.67705427269723	15.721669615665277	0	3241.654206556245	581.2789683525322	0	0	0	0	-1.6117464608738323	-0.14814331263154437	-0.0030076536402164934	-1682.505919616664	-280.91929813979766
229	4.7671321747275135	4.7671321747275135	4.7671321747275135	0	35.67705427269853	15.721669615665505	0	3241.6542065572226	581.2789683526206	0	0	0	0	-1.6117464608777206	-0.1481433126317988	-0.0030076536402164934	-1682.505919626177	-280.91929814054885
230	4.7671321747275135	4.7671321747275135	4.7671321747275135	0	35.67705427269993	15.721669615665748	0	3241.6542065582794	581.2789683527163	0	0	0	0	-1.611746460881946	-0.14814331263208555	-0.0030076536402164934	-1682.5059196364455	-280.9192981413639
231	4.7671321747275135	4.7671321747275135	4.7671321747275135	0	35.67705427270143	15.721669615666011	0	3241.6542065594153	581.2789683528191	0	0	0	0	-1.6117464608865086	-0.14814331263240457	-0.0030076536402164934	-1682.5059196474692	-280.919298142243
232	4.7671321747275135	4.7671321747275135	4.7671321747275135	0	35.677054272703046	15.721669615666292	0	3241.65420656063	581.278968352929	0	0	0	0	-1.6117464608914083	-0.14814331263275585	-0.0030076536402164934	-1682.5059196592485	-280.919298143186
233	4.7671321747275135	4.7671321747275135	4.7671321747275135	0	35.677054272704765	15.721669615666592	0	3241.6542065619237	581.2789683530461	0	0	0	0	-1.6117464608966452	-0.1481433126331394	-0.0030076536402164934	-1682.5059196717832	-280.9192981441929
234	4.7671321747275135	4.7671321747275135	4.7671321747275135	0	35.677054272706584	15.721669615666908	0	3241.6542065632966	581.2789683531703	0	0	0	0	-1.611746460902219	-0.14814331263355526	-0.0030076536402164934	-1682.5059196850732	-280.9192981452638
235	4.7671321747275135	4.7671321747275135	4.7671321747275135	0	35.67705427270851	15.721669615667244	0	3241.654206564748	581.2789683533017	0	0	0	0	-1.61174646090813	-0.14814331263400338	-0.0030076536402164934	-1682.5059196991187	-280.91929814639855
236	4.7671321747275135	4.7671321747275135	4.7671321747275135	0	35.677054272710535	15.721669615667597	0	3241.654206566279	581.2789683534402	0	0	0	0	-1.6117464609143781	-0.14814331263448377	-0.0030076536402164934	-1682.5059197139196	-280.91929814759726
237	4.7671321747275135	4.7671321747275135	4.7671321747275135	0	35.67705427271267	15.721669615667969	0	3241.654206567888	581.2789683535858	0	0	0	0	-1.6117464609209633	-0.14814331263499642	-0.0030076536402164934	-1682.505919729476	-280.9192981488599
238	4.7671321747275135	4.7671321747275135	4.7671321747275135	0	35.677054272714905	15.72166961566836	0	3241.654206569577	581.2789683537386	0	0	0	0	-1.6117464609278858	-0.14814331263554137	-0.0030076536402164934	-1682.5059197457879	-280.9192981501865
239	4.7671321747275135	4.7671321747275135	4.7671321747275135	0	35.67705427271725	15.721669615668766	0	3241.6542065713447	581.2789683538986	0	0	0	0	-1.611746460935145	-0.1481433126361186	-0.0030076536402164934	-1682.505919762855	-280.91929815157704
240	4.7671321747275135	4.7671321747275135	4.7671321747275135	0	35.677054272719694	15.721669615669192	0	3241.654206573191	581.2789683540657	0	0	0	0	-1.6117464609427417	-0.1481433126367281	-0.0030076536402164934	-1682.5059197806777	-280.91929815303143
