0	4.7671321747275135	4.7671321747275135	4.7671321747275135	0	0	0	0	0	0	0	0	0	0	0	0	0	0	0
1	4.7671321747275135	4.7671321747275135	4.7671321747275135	0	0	0	0	0	0	0	0	0	0	0	0	0	0	0
2	4.7671321747275135	4.7671321747275135	4.7671321747275135	0	0	0	0	0	0	0	0	0	0	0	0	0	0	0
3	4.7671321747275135	4.7671321747275135	4.7671321747275135	0	0	0	0	0	0	0	0	0	0	0	0	0	0	0
4	4.7671321747275135	4.7671321747275135	4.7671321747275135	0	0	0	0	0	0	0	0	0	0	0	0	0	0	0
5	4.7671321747275135	4.7671321747275135	4.7671321747275135	0	0	0	0	0	0	0	0	0	0	0	0	0	0	0
6	4.7671321747275135	4.7671321747275135	4.7671321747275135	0	0	0	0	0	0	0	0	0	0	0	0	0	0	0
7	4.7671321747275135	4.7671321747275135	4.7671321747275135	0	0	0	0	0	0	0	0	0	0	0	0	0	0	0
8	4.7671321747275135	4.7671321747275135	4.7671321747275135	0	0	0	0	0	0	0	0	0	0	0	0	0	0	0
9	4.7671321747275135	4.7671321747275135	4.7671321747275135	0	0	0	0	0	0	0	0	0	0	0	0	0	0	0
10	4.7671321747275135	4.7671321747275135	4.7671321747275135	0	0	0	0	0	0	0	0	0	0	0	0	0	0	0
11	4.7671321747275135	4.7671321747275135	4.7671321747275135	0	0	0	0	0	0	0	0	0	0	0	0	0	0	0
12	4.767132174727516	4.767132174727514	4.7671321747275135	45.59033903854012	50.646212934129444	21.118874388142643	4076.110772968331	3731.412863027367	643.0618617974109	0	0	0	0	0.23527583205365818	3.5787356385859717	0	23.604432611565933	109.50147829795624
13	4.7671321747275135	4.7671321747275135	4.7671321747275135	45.591610118135534	50.9902854516074	21.165778005099373	4717.332741431751	4519.060261486466	765.4153766226015	0	0	0	0	0.19424029389136774	3.575135445471389	0	18.944115089904628	129.45192660588538
14	4.7671321747275135	4.7671321747275135	4.7671321747275135	45.591610148853526	51.023180719384825	21.170174229125134	4794.9894397203025	4621.238881829482	780.6021640981002	0	0	0	0	0.19000075815342982	3.5747502730143794	0	17.5294625612712	131.83573358171742
15	4.7671321747275135	4.7671321747275135	4.7671321747275135	45.59161014885388	51.027122877727216	21.17070829505003	4804.369630440765	4634.342024384741	782.4782375815782	0	0	0	0	0.18947326515653545	3.5747078750375643	0	17.258605679771907	132.12018611687057
16	4.7671321747275135	4.7671321747275135	4.7671321747275135	45.59161014885389	51.02760195905408	21.170774203330254	4805.488923344565	4635.99894738859	782.707287757402	0	0	0	0	0.18940662756005922	3.574703250968291	0	17.21356251501324	132.15373996604004
17	4.7671321747275135	4.7671321747275135	4.7671321747275135	45.59161014885388	51.02765871101889	21.17078213097598	4805.619384701166	4636.203794616768	782.7346459858803	0	0	0	0	0.18939852030176169	3.574702767697888	0	17.20666197839117	132.15760731769456
18	4.7671321747275135	4.7671321747275135	4.7671321747275135	45.59161014885388	51.02766466477699	21.170782978704676	4805.632420520538	4636.225728437019	782.7374635290839	0	0	0	0	0.1893976033755472	3.5747027251600163	0	17.20575912135178	132.15798897395516
19	4.7671321747275135	4.7671321747275135	4.7671321747275135	45.59161014885389	51.027665349658626	21.170783078671516	4805.633838914811	4636.228344655035	782.7377834084543	0	0	0	0	0.1893974898244207	3.5747027215867253	0	17.20562672148143	132.15802984059107
20	4.7671321747275135	4.7671321747275135	4.7671321747275135	45.59161014885388	51.02766521077005	21.170783058833308	4805.633513478955	4636.227787071961	782.7377125470399	0	0	0	0	0.1893975089414272	3.574702722509884	0	17.20565044652253	132.1580203724318
21	4.7671321747275135	4.7671321747275135	4.7671321747275135	45.59161014885388	51.027665119542625	21.170783045703924	4805.633318100998	4636.227450154264	782.7376698772899	0	0	0	0	0.18939752350212796	3.5747027230771935	0	17.205665039677342	132.1580146933836
22	4.7671321747275135	4.7671321747275135	4.7671321747275135	45.59161014885388	51.02766507852471	21.170783039788464	4805.633231753468	4636.227299983333	782.7376509446416	0	0	0	0	0.1893975302035262	3.574702723328463	0	17.205671702125517	132.15801218661798
23	4.7671321747275135	4.7671321747275135	4.7671321747275135	45.59161014885388	51.02766508771631	21.170783041086924	4805.633254436366	4636.227336559167	782.7376557490949	0	0	0	0	0.1893975290456219	3.5747027232636936	0	17.20567043386706	132.1580128521349
24	4.7671321747275135	4.7671321747275135	4.7671321747275135	45.59161014885389	51.02766513108807	21.1707830473042	4805.633350176447	4636.227498961956	782.7376764997749	0	0	0	0	0.18939752241552107	3.5747027229862254	0	17.205663733152893	132.15801564158548
25	4.7671321747275135	4.7671321747275135	4.7671321747275135	45.59161014885389	51.027665142261455	21.17078304891989	4805.633372420494	4636.227537646905	782.7376813770006	0	0	0	0	0.1893975204512695	3.574702722918994	0	17.205662009727654	132.1580162873635
26	4.7671321747275135	4.7671321747275135	4.7671321747275135	45.59161014885389	51.027665152431666	21.170783050390607	4805.633392655754	4636.227572842774	782.737685814044	0	0	0	0	0.18939751866209625	3.5747027228578196	0	17.205660441049204	132.1580168748134
27	4.7671321747275135	4.7671321747275135	4.7671321747275135	45.59161014885388	51.027665161598726	21.170783051716352	4805.633410882225	4636.227604549565	782.7376898109047	0	0	0	0	0.18939751704800128	3.5747027228027024	0	17.205659027117544	132.15801740393516
28	4.7671321747275135	4.7671321747275135	4.7671321747275135	45.59161014885388	51.02766516976263	21.170783052897125	4805.633427099909	4636.227632767276	782.737693367583	0	0	0	0	0.18939751560898466	3.5747027227536425	0	17.205657767932678	132.1580178747288
29	4.7671321747275135	4.7671321747275135	4.7671321747275135	45.59161014885388	51.027665176923364	21.170783053932926	4805.633441308805	4636.227657495909	782.7376964840788	0	0	0	0	0.18939751434504631	3.57470272271064	0	17.205656663494597	132.15801828719435
30	4.7671321747275135	4.7671321747275135	4.7671321747275135	45.59161014885388	51.02766518308094	21.170783054823758	4805.633453508914	4636.227678735462	782.7376991603921	0	0	0	0	0.1893975132561863	3.574702722673695	0	17.205655713803306	132.15801864133175
31	4.7671321747275135	4.7671321747275135	4.7671321747275135	45.59161014885388	51.02766518823536	21.170783055569615	4805.633463700235	4636.227696485937	782.7377013965229	0	0	0	0	0.1893975123424046	3.5747027226428068	0	17.20565491885881	132.158018937141
32	4.7671321747275135	4.7671321747275135	4.7671321747275135	45.59161014885388	51.02766519238662	21.170783056170503	4805.6334718827675	4636.227710747332	782.7377031924713	0	0	0	0	0.18939751160370122	3.574702722617976	0	17.205654278661097	132.15801917462215
33	4.7671321747275135	4.7671321747275135	4.7671321747275135	45.59161014885388	51.027665195534716	21.170783056626416	4805.633478056512	4636.227721519648	782.7377045482372	0	0	0	0	0.18939751104007613	3.5747027225992025	0	17.20565379321018	132.1580193537752
34	4.7671321747275135	4.7671321747275135	4.7671321747275135	45.59161014885388	51.02766519767965	21.17078305693736	4805.633482221469	4636.227728802886	782.7377054638205	0	0	0	0	0.18939751065152935	3.5747027225864865	0	17.20565346250605	132.15801947460008
35	4.7671321747275135	4.7671321747275135	4.7671321747275135	45.59161014885388	51.02766519882143	21.170783057103332	4805.6334843776385	4636.227732597044	782.7377059392214	0	0	0	0	0.18939751043806088	3.5747027225798274	0	17.205653286548706	132.15801953709686
36	4.7671321747275135	4.7671321747275135	4.7671321747275135	45.59161014885388	51.02766519896005	21.170783057124332	4805.63348452502	4636.227732902124	782.7377059744398	0	0	0	0	0.18939751039967073	3.5747027225792256	0	17.205653265338157	132.1580195412655
37	4.7671321747275135	4.7671321747275135	4.7671321747275135	45.59161014885388	51.02766519809551	21.17078305700036	4805.633482663614	4636.227729718125	782.7377055694758	0	0	0	0	0.1893975105363589	3.5747027225846812	0	17.205653398874396	132.15801948710603
38	4.7671321747275135	4.7671321747275135	4.7671321747275135	45.59161014885388	51.02766519622781	21.170783056731416	4805.63347879342	4636.227723045047	782.7377047243292	0	0	0	0	0.18939751084812537	3.574702722596194	0	17.20565368715743	132.15801937461842
39	4.7671321747275135	4.7671321747275135	4.7671321747275135	45.59161014885388	51.02766519335695	21.170783056317504	4805.633472914439	4636.22771288289	782.7377034390001	0	0	0	0	0.18939751133497015	3.574702722613764	0	17.20565413018725	132.1580192038027
40	4.7671321747275135	4.7671321747275135	4.7671321747275135	45.59161014885388	51.02766518948293	21.170783055758616	4805.633465026669	4636.227699231654	782.7377017134886	0	0	0	0	0.18939751199689323	3.5747027226373915	0	17.205654727963857	132.15801897465883
41	4.7671321747275135	4.7671321747275135	4.7671321747275135	45.59161014885388	51.027665184605745	21.17078305505476	4805.6334551301115	4636.2276820913385	782.7376995477946	0	0	0	0	0.18939751283389464	3.5747027226670762	0	17.20565548048726	132.15801868718685
42	4.7671321747275135	4.7671321747275135	4.7671321747275135	45.59161014885388	51.02766517872541	21.17078305420593	4805.633443224767	4636.227661461945	782.7376969419181	0	0	0	0	0.18939751384597436	3.574702722702818	0	17.205656387757447	132.15801834138674
43	4.7671321747275135	4.7671321747275135	4.7671321747275135	45.59161014885388	51.0276651718419	21.170783053212126	4805.633429310634	4636.2276373434715	782.7376938958591	0	0	0	0	0.18939751503313237	3.574702722744617	0	17.205657449774428	132.1580179372585
44	4.7671321747275135	4.7671321747275135	4.7671321747275135	45.59161014885388	51.02766516997872	21.170783052940653	4805.6334259501555	4636.227631436418	782.7376931552833	0	0	0	0	0.1893975153990205	3.574702722755613	0	17.205657724105908	132.15801783985796
45	4.7671321747275135	4.7671321747275135	4.7671321747275135	45.59161014885388	51.02766516893709	21.170783052787648	4805.633424272632	4636.22762844206	782.7376927828677	0	0	0	0	0.18939751562565713	3.5747027227615935	0	17.2056578709701	132.1580177913482
46	4.7671321747275135	4.7671321747275135	4.7671321747275135	45.59161014885388	51.027665167974675	21.17078305264628	4805.633422722669	4636.227625675138	782.7376924387555	0	0	0	0	0.1893975158350525	3.5747027227671087	0	17.20565800672246	132.15801774652675
47	4.7671321747275135	4.7671321747275135	4.7671321747275135	45.59161014885389	51.02766516709146	21.17078305251654	4805.6334213002665	4636.227623135651	782.7376921229466	0	0	0	0	0.18939751602720664	3.574702722772158	0	17.205658131362988	132.15801770539363
48	4.7671321747275135	4.7671321747275135	4.7671321747275135	45.59161014885389	51.02766516628746	21.170783052398438	4805.633420005424	4636.227620823598	782.7376918354408	0	0	0	0	0.1893975162021196	3.5747027227767414	0	17.205658244891687	132.15801766794883
49	4.7671321747275135	4.7671321747275135	4.7671321747275135	45.59161014885389	51.02766516556266	21.170783052291963	4805.633418838144	4636.227618738981	782.7376915762385	0	0	0	0	0.18939751635979127	3.5747027227808585	0	17.205658347308553	132.15801763419233
50	4.7671321747275135	4.7671321747275135	4.7671321747275135	45.59161014885389	51.027665164917074	21.17078305219712	4805.633417798424	4636.227616881799	782.7376913453395	0	0	0	0	0.18939751650022174	3.5747027227845103	0	17.205658438613586	132.15801760412418
51	4.7671321747275135	4.7671321747275135	4.7671321747275135	45.59161014885389	51.02766516435069	21.17078305211391	4805.633416886265	4636.227615252052	782.7376911427438	0	0	0	0	0.18939751662341098	3.574702722787696	0	17.205658518806786	132.15801757774435
52	4.7671321747275135	4.7671321747275135	4.7671321747275135	45.59161014885389	51.02766516386351	21.17078305204233	4805.633416101667	4636.227613849739	782.7376909684514	0	0	0	0	0.189397516729359	3.574702722790416	0	17.205658587888156	132.15801755505282
53	4.7671321747275135	4.7671321747275135	4.7671321747275135	45.59161014885389	51.027665163455545	21.170783051982387	4805.633415444629	4636.227612674862	782.7376908224624	0	0	0	0	0.18939751681806577	3.57470272279267	0	17.205658645857696	132.15801753604964
54	4.7671321747275135	4.7671321747275135	4.7671321747275135	45.59161014885389	51.027665163126784	21.170783051934073	4805.633414915153	4636.22761172742	782.7376907047766	0	0	0	0	0.18939751688953133	3.574702722794458	0	17.2056586927154	132.15801752073477
55	4.7671321747275135	4.7671321747275135	4.7671321747275135	45.59161014885389	51.02766516287723	21.17078305189739	4805.633414513237	4636.227611007413	782.7376906153941	0	0	0	0	0.18939751694375564	3.5747027227957804	0	17.205658728461277	132.15801750910822
56	4.7671321747275135	4.7671321747275135	4.7671321747275135	45.59161014885389	51.027665162706874	21.17078305187234	4805.633414238881	4636.227610514841	782.737690554315	0	0	0	0	0.18939751698073876	3.5747027227966366	0	17.205658753095317	132.15801750116998
57	4.7671321747275135	4.7671321747275135	4.7671321747275135	45.59161014885389	51.02766516261573	21.170783051858923	4805.633414092087	4636.227610249704	782.7376905215391	0	0	0	0	0.1893975170004806	3.574702722797027	0	17.20565876661753	132.15801749692005
58	4.7671321747275135	4.7671321747275135	4.7671321747275135	45.59161014885389	51.0276651626038	21.17078305185714	4805.633414072854	4636.227610212002	782.7376905170667	0	0	0	0	0.18939751700298124	3.574702722796952	0	17.205658769027906	132.15801749635847
59	4.7671321747275135	4.7671321747275135	4.7671321747275135	45.59161014885389	51.02766516267107	21.170783051866984	4805.633414181181	4636.227610401736	782.7376905408973	0	0	0	0	0.18939751698824067	3.5747027227964105	0	17.205658760326454	132.1580174994852
60	4.7671321747275135	4.7671321747275135	4.7671321747275135	45.59161014885389	51.02766516281755	21.170783051888463	4805.633414417069	4636.2276108189035	782.7376905930315	0	0	0	0	0.18939751695625884	3.5747027227954034	0	17.20565874051317	132.15801750630027
61	4.7671321747275135	4.7671321747275135	4.7671321747275135	45.59161014885388	51.02766516304324	21.17078305192157	4805.633414780518	4636.227611463507	782.7376906734689	0	0	0	0	0.1893975169070358	3.5747027227939308	0	17.205658709588054	132.15801751680362
62	4.7671321747275135	4.7671321747275135	4.7671321747275135	45.59161014885388	51.02766516334813	21.170783051966314	4805.633415271528	4636.227612335545	782.7376907822097	0	0	0	0	0.18939751684057152	3.574702722791992	0	17.205658667551106	132.15801753099532
63	4.7671321747275135	4.7671321747275135	4.7671321747275135	45.59161014885388	51.02766516373223	21.17078305202269	4805.633415890098	4636.227613435019	782.7376909192537	0	0	0	0	0.189397516756866	3.574702722789587	0	17.205658614402324	132.15801754887536
64	4.7671321747275135	4.7671321747275135	4.7671321747275135	45.59161014885388	51.02766516419553	21.170783052090695	4805.633416636229	4636.227614761928	782.737691084601	0	0	0	0	0.18939751665591928	3.5747027227867165	0	17.205658550141713	132.1580175704437
65	4.7671321747275135	4.7671321747275135	4.7671321747275135	45.59161014885388	51.027665164738046	21.170783052170332	4805.633417509922	4636.2276163162705	782.7376912782518	0	0	0	0	0.18939751653773132	3.57470272278338	0	17.20565847476927	132.15801759570036
66	4.7671321747275135	4.7671321747275135	4.7671321747275135	45.59161014885388	51.02766516535977	21.1707830522616	4805.6334185111755	4636.22761809805	782.7376915002058	0	0	0	0	0.18939751640230212	3.574702722779578	0	17.205658388284995	132.15801762464534
67	4.7671321747275135	4.7671321747275135	4.7671321747275135	45.591610148853874	51.0276651660607	21.170783052364506	4805.6334196399885	4636.227620107264	782.737691750463	0	0	0	0	0.1893975162496317	3.5747027227753096	0	17.205658290688888	132.15801765727863
68	4.7671321747275135	4.7671321747275135	4.7671321747275135	45.591610148853896	51.02766516649163	21.170783052428472	4805.6334202303515	4636.227621177494	782.7376918825224	0	0	0	0	0.18939751614670844	3.5747027227743637	0	17.205658234885792	132.15801767444646
69	4.7671321747275135	4.7671321747275135	4.7671321747275135	45.5916101488539	51.02766516671105	21.17078305246109	4805.633420531578	4636.227621728863	782.7376919502238	0	0	0	0	0.18939751609335892	3.5747027227741355	0	17.2056582051334	132.1580176832245
70	4.7671321747275135	4.7671321747275135	4.7671321747275135	45.591610148853896	51.02766516675041	21.170783052466852	4805.633420612269	4636.2276218804745	782.7376919685944	0	0	0	0	0.18939751608424538	3.57470272277416	0	17.205658196237277	132.1580176855797
71	4.7671321747275135	4.7671321747275135	4.7671321747275135	45.59161014885388	51.02766516660969	21.170783052445763	4805.633420472425	4636.227621632331	782.7376919376339	0	0	0	0	0.18939751611936778	3.5747027227744375	0	17.205658208197423	132.158017681512
72	4.7671321747275135	4.7671321747275135	4.7671321747275135	45.59161014885388	51.02766516660969	21.170783052445763	4805.633420472425	4636.227621632331	782.7376919376339	0	0	0	0	0.18939751611936778	3.5747027227744375	0	17.205658208197423	132.158017681512
73	4.7671321747275135	4.7671321747275135	4.7671321747275135	0.0012447399672445448	50.05650971258906	20.806443239703544	729.4254730459712	4599.097956549757	777.0611613873095	0	0	0	0	0.2094221156382994	3.8178526627999383	0	17.92448271814304	135.9272436747872
74	4.7671321747275135	4.7671321747275135	4.7671321747275135	0	44.99093021900462	18.93516177455559	88.28754051451922	4321.236803539061	735.0645319001017	0	0	0	0	0.37665338172070945	5.189248705768012	0	25.873646002453587	165.73637864757484
75	4.7671321747275135	4.767132174727513	4.7671321747275135	0	38.24708951173263	16.54585856633089	10.67705228908845	3732.6259628930848	648.6423272889581	0	0	0	0	0.9482151344211037	7.2223143669256835	0	61.3852943752632	235.41065398742327
76	4.7671321747275135	4.7671321747275135	4.7671321747275135	0	36.09492541562845	15.843324131981216	1.2852537249407165	3371.9379458002427	598.2228658272344	0	0	0	0	1.4749622605911699	7.867603179037997	0	113.52254065043446	279.70828524843614
77	4.7671321747275135	4.7671321747275135	4.7671321747275135	0	35.73715804238885	15.737784130155628	0.1547979556974954	3268.0333982498773	584.5322172403272	0	0	0	0	1.6492167545941254	7.963715319504091	0	142.2247035689435	292.0338265434097
78	4.7671321747275135	4.7671321747275135	4.7671321747275135	0	35.68539719858373	15.723764562148785	0.01848150244067535	3246.320243271665	581.827320901765	0	0	0	0	1.6850628738326878	7.976258018818337	0	151.16587717435422	294.4707089182358
79	4.7671321747275135	4.7671321747275135	4.7671321747275135	0	35.678184197613035	15.721938716635862	0.0021706164015989375	3242.4131133492047	581.3643536866853	0	0	0	0	1.6911966842792148	7.977883514826555	0	153.25031581503623	294.886499092
80	4.7671321747275135	4.7671321747275135	4.7671321747275135	0	35.6772001144548	15.721702810151813	0.00024190640457488044	3241.7679966720993	581.2912570105276	0	0	0	0	1.6921598186942857	7.978095302571345	0	153.664356206761	294.9520557378791
81	4.7671321747275135	4.7671321747275135	4.7671321747275135	0	35.677070562125365	15.721673151926511	22355391412754298e-21	3241.6687166924544	581.2804680236018	0	0	0	0	1.6923014276411064	7.978122491337681	0	153.73813875865795	294.9617530706863
82	4.7671321747275135	4.7671321747275135	4.7671321747275135	0	35.677055651737845	15.721669898085606	13651040427899657e-22	3241.655661417454	581.2791101025725	0	0	0	0	1.6923195271776992	7.978125560960281	0	153.7492486637497	294.96298329040195
83	4.7671321747275135	4.7671321747275135	4.7671321747275135	0	35.67705386825179	15.721669528342032	0	3241.6537983661683	581.2789262809735	0	0	0	0	1.6923219714587683	7.97812593447083	0	153.75107796403728	294.9631527078766
84	4.7671321747275135	4.7671321747275135	4.7671321747275135	0	35.67705419634339	15.721669604150241	0	3241.6541016485767	581.2789578470881	0	0	0	0	1.6923215992584415	7.9781258590684425	0	153.75082538077265	294.96312456085104
85	4.7671321747275135	4.7671321747275135	4.7671321747275135	0	35.677054415997	15.721669652655914	0	3241.6542903569143	581.2789772884079	0	0	0	0	1.6923213370428996	7.97812581363847	0	153.7506630178499	294.9631071497159
86	4.7671321747275135	4.7671321747275135	4.7671321747275135	0	35.67705449123722	15.721669667356052	0	3241.654367616689	581.278985161736	0	0	0	0	1.692321230665151	7.978125799940218	0	153.75059456648117	294.96310009245883
87	4.7671321747275135	4.7671321747275135	4.7671321747275135	0	35.67705442206406	15.721669648250657	0	3241.6543334279	581.2789814670726	0	0	0	0	1.6923212801251957	7.978125817973688	0	153.75062002666647	294.9631033890799
88	4.7671321747275135	4.7671321747275135	4.7671321747275135	0	35.67705432861626	15.721669625676626	0	3241.6542666848495	581.2789744886828	0	0	0	0	1.6923213746272363	7.978125839094199	0	153.75067508611946	294.9631096289197
89	4.7671321747275135	4.7671321747275135	4.7671321747275135	0	35.67705430706988	15.721669621754398	0	3241.65424399398	581.2789721628703	0	0	0	0	1.6923214070671644	7.978125842577071	0	153.75069484917438	294.9631117082264
90	4.7671321747275135	4.7671321747275135	4.7671321747275135	0	35.677054287783996	15.72166961824616	0	3241.654223674087	581.2789700804626	0	0	0	0	1.6923214361245087	7.978125845691562	0	153.75071255549258	294.9631135698956
91	4.7671321747275135	4.7671321747275135	4.7671321747275135	0	35.67705427075861	15.721669615151914	0	3241.654205725171	581.2789682414594	0	0	0	0	1.6923214617992692	7.978125848437671	0	153.75072820507404	294.9631152139274
92	4.7671321747275135	4.7671321747275135	4.7671321747275135	0	35.677054255993724	15.72166961247166	0	3241.654190147232	581.2789666458609	0	0	0	0	1.6923214840914458	7.9781258508154	0	153.7507417979188	294.9631166403217
93	4.7671321747275135	4.7671321747275135	4.7671321747275135	0	35.67705424348933	15.721669610205394	0	3241.6541769402697	581.2789652936672	0	0	0	0	1.6923215030010383	7.978125852824748	0	153.75075333402685	294.9631178490785
94	4.7671321747275135	4.7671321747275135	4.7671321747275135	0	35.67705423324543	15.721669608353121	0	3241.6541661042847	581.278964184878	0	0	0	0	1.6923215185280471	7.978125854465715	0	153.75076281339818	294.9631188401979
95	4.7671321747275135	4.7671321747275135	4.7671321747275135	0	35.67705422526203	15.721669606914839	0	3241.6541576392765	581.2789633194935	0	0	0	0	1.692321530672472	7.978125855738301	0	153.75077023603276	294.96311961367985
96	4.7671321747275135	4.7671321747275135	4.7671321747275135	0	35.67705421953912	15.721669605890547	0	3241.654151545245	581.2789626975136	0	0	0	0	1.692321539434313	7.978125856642507	0	153.75077560193066	294.9631201695243
97	4.7671321747275135	4.7671321747275135	4.7671321747275135	0	35.67705421607672	15.721669605280246	0	3241.6541478221907	581.2789623189385	0	0	0	0	1.69232154481357	7.978125857178331	0	153.7507789110918	294.96312050773133
98	4.7671321747275135	4.7671321747275135	4.7671321747275135	0	35.67705421487481	15.721669605083935	0	3241.654146470113	581.278962183768	0	0	0	0	1.6923215468102433	7.978125857345774	0	153.75078016351625	294.9631206283009
99	4.7671321747275135	4.7671321747275135	4.7671321747275135	0	35.67705421593339	15.721669605301615	0	3241.6541474890123	581.2789622920021	0	0	0	0	1.6923215454243328	7.978125857144837	0	153.75077935920396	294.963120531233
100	4.7671321747275135	4.7671321747275135	4.7671321747275135	0	35.67705421925247	15.721669605933286	0	3241.6541508788887	581.278962643641	0	0	0	0	1.692321540655838	7.978125856575518	0	153.75077649815498	294.96312021652767
101	4.7671321747275135	4.7671321747275135	4.7671321747275135	0	35.67705422483205	15.72166960697895	0	3241.654156639742	581.2789632386845	0	0	0	0	1.6923215325047598	7.97812585563782	0	153.75077158036925	294.9631196841849
102	4.7671321747275135	4.7671321747275135	4.7671321747275135	0	35.67705423267212	15.721669608438601	0	3241.654164771572	581.2789640771326	0	0	0	0	1.6923215209710976	7.97812585433174	0	153.7507646058468	294.96311893420466
103	4.7671321747275135	4.7671321747275135	4.7671321747275135	0	35.67705424277269	15.721669610312246	0	3241.654175274379	581.2789651589854	0	0	0	0	1.6923215060548513	7.9781258526572785	0	153.75075557458763	294.96311796658694
104	4.7671321747275135	4.7671321747275135	4.7671321747275135	0	35.677054255133754	15.72166961259988	0	3241.654188148163	581.2789664842429	0	0	0	0	1.6923214877560213	7.978125850614437	0	153.75074448659177	294.9631167813318
105	4.7671321747275135	4.7671321747275135	4.7671321747275135	0	35.67705426523188	15.721669614460698	0	3241.654198678586	581.2789675671111	0	0	0	0	1.6923214727459173	7.978125848957015	0	153.75073539202359	294.96311581301376
106	4.7671321747275135	4.7671321747275135	4.7671321747275135	0	35.67705426596893	15.721669614579655	0	3241.6541994578356	581.2789676448845	0	0	0	0	1.6923214715272117	7.978125848861975	0	153.75073466889	294.9631157438485
107	4.7671321747275135	4.7671321747275135	4.7671321747275135	0	35.677054266687186	15.72166961469558	0	3241.6542002171495	581.2789677206671	0	0	0	0	1.6923214703395868	7.978125848769365	0	153.7507339642367	294.9631156764543
108	4.7671321747275135	4.7671321747275135	4.7671321747275135	0	35.67705426738665	15.721669614808475	0	3241.6542009565273	581.2789677944589	0	0	0	0	1.692321469183043	7.978125848679188	0	153.75073327806365	294.96311561083127
109	4.7671321747275135	4.7671321747275135	4.7671321747275135	0	35.67705426806733	15.721669614918335	0	3241.654201675969	581.2789678662601	0	0	0	0	1.69232146805758	7.97812584859144	0	153.75073261037087	294.9631155469792
110	4.7671321747275135	4.7671321747275135	4.7671321747275135	0	35.67705426872922	15.721669615025164	0	3241.6542023754746	581.2789679360707	0	0	0	0	1.6923214669631979	7.9781258485061235	0	153.75073196115835	294.9631154848983
111	4.7671321747275135	4.7671321747275135	4.7671321747275135	0	35.67705426937233	15.721669615128961	0	3241.6542030550445	581.2789680038904	0	0	0	0	1.6923214658998964	7.978125848423238	0	153.75073133042608	294.9631154245885
112	4.7671321747275135	4.7671321747275135	4.7671321747275135	0	35.67705426999664	15.721669615229725	0	3241.654203714678	581.2789680697194	0	0	0	0	1.692321464867676	7.978125848342783	0	153.75073071817405	294.9631153660498
113	4.7671321747275135	4.7671321747275135	4.7671321747275135	0	35.677054270602156	15.721669615327457	0	3241.6542043543755	581.2789681335578	0	0	0	0	1.6923214638665365	7.978125848264759	0	153.7507301244023	294.96311530928216
114	4.7671321747275135	4.7671321747275135	4.7671321747275135	0	35.677054271188894	15.721669615422158	0	3241.654204974137	581.2789681954055	0	0	0	0	1.6923214628964778	7.978125848189167	0	153.75072954911082	294.96311525428564
115	4.7671321747275135	4.7671321747275135	4.7671321747275135	0	35.67705427175684	15.721669615513825	0	3241.654205573962	581.2789682552624	0	0	0	0	1.6923214619575	7.978125848116005	0	153.75072899229957	294.9631152010602
116	4.7671321747275135	4.7671321747275135	4.7671321747275135	0	35.67705427230599	15.721669615602462	0	3241.6542061538516	581.2789683131285	0	0	0	0	1.6923214610496031	7.978125848045274	0	153.7507284539686	294.9631151496058
117	4.7671321747275135	4.7671321747275135	4.7671321747275135	0	35.67705427283635	15.721669615688066	0	3241.654206713805	581.278968369004	0	0	0	0	1.6923214601727872	7.978125847976974	0	153.7507279341179	294.96311509992256
118	4.7671321747275135	4.7671321747275135	4.7671321747275135	0	35.67705427334793	15.721669615770637	0	3241.654207253822	581.2789684228887	0	0	0	0	1.692321459327052	7.978125847911105	0	153.75072743274742	294.9631150520104
119	4.7671321747275135	4.7671321747275135	4.7671321747275135	0	35.67705427384072	15.721669615850177	0	3241.6542077739027	581.2789684747828	0	0	0	0	1.6923214585123976	7.978125847847668	0	153.75072694985724	294.96311500586927
120	4.7671321747275135	4.7671321747275135	4.7671321747275135	0	35.67705427431471	15.721669615926682	0	3241.654208274048	581.2789685246862	0	0	0	0	1.6923214577288241	7.978125847786661	0	153.7507264854473	294.9631149614993
121	4.7671321747275135	4.7671321747275135	4.7671321747275135	0	35.67705427476992	15.721669616000158	0	3241.654208754257	581.2789685725987	0	0	0	0	1.6923214569763316	7.9781258477280845	0	153.75072603951762	294.9631149189004
122	4.7671321747275135	4.7671321747275135	4.7671321747275135	0	35.67705427520634	15.721669616070601	0	3241.65420921453	581.2789686185207	0	0	0	0	1.69232145625492	7.97812584767194	0	153.75072561206818	294.9631148780726
123	4.7671321747275135	4.7671321747275135	4.7671321747275135	0	35.677054275623966	15.72166961613801	0	3241.654209654867	581.2789686624519	0	0	0	0	1.6923214555645891	7.978125847618226	0	153.75072520309902	294.9631148390158
124	4.7671321747275135	4.7671321747275135	4.7671321747275135	0	35.67705427602281	15.721669616202389	0	3241.6542100752677	581.2789687043924	0	0	0	0	1.6923214549053394	7.978125847566942	0	153.75072481261012	294.9631148017302
125	4.7671321747275135	4.7671321747275135	4.7671321747275135	0	35.677054276402856	15.721669616263735	0	3241.6542104757323	581.2789687443421	0	0	0	0	1.6923214542771703	7.978125847518091	0	153.75072444060146	294.96311476621565
126	4.7671321747275135	4.7671321747275135	4.7671321747275135	0	35.67705427676412	15.72166961632205	0	3241.654210856261	581.2789687823011	0	0	0	0	1.6923214536800821	7.978125847471669	0	153.75072408707308	294.9631147324722
127	4.7671321747275135	4.7671321747275135	4.7671321747275135	0	35.67705427710659	15.721669616377332	0	3241.6542112168536	581.2789688182695	0	0	0	0	1.6923214531140747	7.9781258474276795	0	153.75072375202492	294.9631147004999
128	4.7671321747275135	4.7671321747275135	4.7671321747275135	0	35.67705427743027	15.721669616429581	0	3241.6542115575103	581.2789688522471	0	0	0	0	1.6923214525791483	7.97812584738612	0	153.75072343545708	294.9631146702986
129	4.7671321747275135	4.7671321747275135	4.7671321747275135	0	35.67705427773517	15.721669616478799	0	3241.654211878231	581.278968884234	0	0	0	0	1.6923214520753027	7.978125847346991	0	153.75072313736945	294.9631146418684
130	4.7671321747275135	4.7671321747275135	4.7671321747275135	0	35.677054278021274	15.721669616524984	0	3241.6542121790153	581.2789689142302	0	0	0	0	1.6923214516025382	7.978125847310294	0	153.7507228577621	294.96311461520935
131	4.7671321747275135	4.7671321747275135	4.7671321747275135	0	35.67705427828859	15.721669616568137	0	3241.6542124598636	581.2789689422357	0	0	0	0	1.6923214511608544	7.9781258472760275	0	153.750722596635	294.96311459032137
132	4.7671321747275135	4.7671321747275135	4.7671321747275135	0	35.67705427853711	15.721669616608258	0	3241.654212720776	581.2789689682504	0	0	0	0	1.6923214507502513	7.9781258472441925	0	153.75072235398815	294.96311456720446
133	4.7671321747275135	4.7671321747275135	4.7671321747275135	0	35.677054278766846	15.721669616645347	0	3241.654212961752	581.2789689922745	0	0	0	0	1.6923214503707293	7.978125847214788	0	153.75072212982158	294.9631145458586
134	4.7671321747275135	4.7671321747275135	4.7671321747275135	0	35.67705427897779	15.721669616679403	0	3241.6542131827923	581.2789690143078	0	0	0	0	1.6923214500222883	7.9781258471878145	0	153.75072192413526	294.9631145262839
135	4.7671321747275135	4.7671321747275135	4.7671321747275135	0	35.67705427916995	15.721669616710427	0	3241.6542133838966	581.2789690343504	0	0	0	0	1.692321449704928	7.9781258471632714	0	153.7507217369292	294.96311450848026
136	4.7671321747275135	4.7671321747275135	4.7671321747275135	0	35.67705427934332	15.721669616738419	0	3241.6542135650643	581.2789690524023	0	0	0	0	1.6923214494186485	7.97812584714116	0	153.7507215682034	294.96311449244774
137	4.7671321747275135	4.7671321747275135	4.7671321747275135	0	35.677054279497895	15.721669616763378	0	3241.6542137262963	581.2789690684634	0	0	0	0	1.69232144916345	7.97812584712148	0	153.75072141795783	294.9631144781863
138	4.7671321747275135	4.7671321747275135	4.7671321747275135	0	35.67705427963369	15.721669616785306	0	3241.6542138675923	581.278969082534	0	0	0	0	1.6923214489393323	7.97812584710423	0	153.75072128619254	294.9631144656959
139	4.7671321747275135	4.7671321747275135	4.7671321747275135	0	35.677054279750685	15.721669616804203	0	3241.6542139889525	581.2789690946137	0	0	0	0	1.6923214487462954	7.978125847089411	0	153.75072117290753	294.9631144549767
140	4.7671321747275135	4.7671321747275135	4.7671321747275135	0	35.677054279848896	15.721669616820066	0	3241.654214090376	581.2789691047027	0	0	0	0	1.6923214485843396	7.978125847077023	0	153.75072107810277	294.9631144460285
141	4.7671321747275135	4.7671321747275135	4.7671321747275135	0	35.67705427992832	15.721669616832896	0	3241.6542141718637	581.2789691128011	0	0	0	0	1.6923214484534645	7.978125847067067	0	153.75072100177826	294.9631144388514
142	4.7671321747275135	4.7671321747275135	4.7671321747275135	0	35.67705427998895	15.721669616842696	0	3241.6542142334156	581.2789691189087	0	0	0	0	1.6923214483536704	7.978125847059541	0	153.750720943934	294.9631144334454
143	4.7671321747275135	4.7671321747275135	4.7671321747275135	0	35.677054280030795	15.721669616849463	0	3241.6542142750313	581.2789691230256	0	0	0	0	1.6923214482849571	7.978125847054446	0	153.75072090457002	294.9631144298105
144	4.7671321747275135	4.7671321747275135	4.7671321747275135	0	35.677054280053845	15.721669616853196	0	3241.654214296711	581.2789691251518	0	0	0	0	1.6923214482473246	7.978125847051782	0	153.75072088368626	294.9631144279467
145	4.7671321747275135	4.7671321747275135	4.7671321747275135	0	35.67705428005811	15.7216696168539	0	3241.6542142984545	581.2789691252872	0	0	0	0	1.6923214482407731	7.978125847051549	0	153.7507208812828	294.963114427854
146	4.7671321747275135	4.7671321747275135	4.7671321747275135	0	35.677054280043585	15.72166961685157	0	3241.654214280262	581.2789691234319	0	0	0	0	1.6923214482653024	7.9781258470537475	0	153.75072089735957	294.96311442953237
147	4.7671321747275135	4.7671321747275135	4.7671321747275135	0	35.677054280010275	15.721669616846208	0	3241.654214242133	581.278969119586	0	0	0	0	1.6923214483209126	7.978125847058376	0	153.75072093191662	294.96311443298185
148	4.7671321747275135	4.7671321747275135	4.7671321747275135	0	35.67705427995817	15.721669616837813	0	3241.6542141840687	581.2789691137493	0	0	0	0	1.6923214484076037	7.978125847065436	0	153.75072098495392	294.9631144382024
149	4.7671321747275135	4.7671321747275135	4.7671321747275135	0	35.67705427988727	15.721669616826388	0	3241.6542141060677	581.278969105922	0	0	0	0	1.6923214485253757	7.978125847074927	0	153.75072105647146	294.96311444519404
150	4.7671321747275135	4.7671321747275135	4.7671321747275135	0	35.677054279797595	15.721669616811928	0	3241.654214008131	581.2789690961039	0	0	0	0	1.6923214486742284	7.978125847086849	0	153.7507211464693	294.9631144539568
151	4.7671321747275135	4.7671321747275135	4.7671321747275135	0	35.67705427968912	15.721669616794438	0	3241.6542138902582	581.278969084295	0	0	0	0	1.692321448854162	7.978125847101201	0	153.75072125494736	294.9631144644906
152	4.7671321747275135	4.7671321747275135	4.7671321747275135	0	35.67705427956186	15.721669616773916	0	3241.6542137524493	581.2789690704955	0	0	0	0	1.6923214490651768	7.978125847117985	0	153.7507213819057	294.9631144767955
153	4.7671321747275135	4.7671321747275135	4.7671321747275135	0	35.67705427941581	15.72166961675036	0	3241.6542135947043	581.2789690547053	0	0	0	0	1.6923214493072722	7.9781258471372	0	153.7507215273443	294.96311449087153
154	4.7671321747275135	4.7671321747275135	4.7671321747275135	0	35.67705427925097	15.721669616723773	0	3241.654213417023	581.2789690369243	0	0	0	0	1.6923214495804484	7.978125847158846	0	153.75072169126315	294.9631145067186
155	4.7671321747275135	4.7671321747275135	4.7671321747275135	0	35.67705427906734	15.721669616694154	0	3241.6542132194063	581.2789690171526	0	0	0	0	1.6923214498847057	7.978125847182922	0	153.75072187366226	294.96311452433685
156	4.7671321747275135	4.7671321747275135	4.7671321747275135	0	35.67705427886492	15.721669616661503	0	3241.654213001853	581.2789689953902	0	0	0	0	1.6923214502200437	7.97812584720943	0	153.7507220745416	294.96311454372614
157	4.7671321747275135	4.7671321747275135	4.7671321747275135	0	35.677054278643716	15.72166961662582	0	3241.654212764364	581.278968971637	0	0	0	0	1.6923214505864628	7.978125847238369	0	153.75072229390125	294.9631145648865
158	4.7671321747275135	4.7671321747275135	4.7671321747275135	0	35.677054278403716	15.721669616587102	0	3241.6542125069386	581.2789689458932	0	0	0	0	1.6923214509839626	7.978125847269738	0	153.75072253174113	294.9631145878179
159	4.7671321747275135	4.7671321747275135	4.7671321747275135	0	35.67705427814493	15.721669616545354	0	3241.6542122295773	581.2789689181587	0	0	0	0	1.6923214514125433	7.978125847303538	0	153.75072278806127	294.9631146125205
160	4.7671321747275135	4.7671321747275135	4.7671321747275135	0	35.677054277867356	15.721669616500574	0	3241.65421193228	581.2789688884335	0	0	0	0	1.6923214518722047	7.978125847339769	0	153.75072306286168	294.96311463899417
161	4.7671321747275135	4.7671321747275135	4.7671321747275135	0	35.677054277570996	15.721669616452761	0	3241.6542116150463	581.2789688567175	0	0	0	0	1.6923214523629473	7.978125847378432	0	153.75072335614234	294.96311466723887
162	4.7671321747275135	4.7671321747275135	4.7671321747275135	0	35.67705427725584	15.721669616401917	0	3241.654211277877	581.2789688230108	0	0	0	0	1.6923214528847705	7.978125847419525	0	153.75072366790326	294.9631146972547
163	4.7671321747275135	4.7671321747275135	4.7671321747275135	0	35.67705427692189	15.72166961634804	0	3241.654210920771	581.2789687873134	0	0	0	0	1.6923214534376747	7.978125847463049	0	153.75072399814445	294.96311472904165
164	4.7671321747275135	4.7671321747275135	4.7671321747275135	0	35.677054276569166	15.72166961629113	0	3241.6542105437297	581.2789687496253	0	0	0	0	1.6923214540216598	7.978125847509005	0	153.75072434686587	294.9631147625997
165	4.7671321747275135	4.7671321747275135	4.7671321747275135	0	35.67705427619764	15.721669616231189	0	3241.654210146752	581.2789687099464	0	0	0	0	1.6923214546367258	7.978125847557391	0	153.75072471406756	294.96311479792877
166	4.7671321747275135	4.7671321747275135	4.7671321747275135	0	35.67705427580733	15.721669616168215	0	3241.6542097298384	581.2789686682769	0	0	0	0	1.6923214552828727	7.978125847608209	0	153.75072509974953	294.96311483502893
167	4.7671321747275135	4.7671321747275135	4.7671321747275135	0	35.67705427539823	15.721669616102211	0	3241.6542092929885	581.2789686246166	0	0	0	0	1.6923214559601003	7.978125847661457	0	153.75072550391172	294.9631148739002
168	4.7671321747275135	4.7671321747275135	4.7671321747275135	0	35.67705427497034	15.721669616033173	0	3241.6542088362025	581.2789685789656	0	0	0	0	1.6923214566684088	7.978125847717136	0	153.7507259265542	294.96311491454264
169	4.7671321747275135	4.7671321747275135	4.7671321747275135	0	35.67705427452366	15.721669615961103	0	3241.6542083594804	581.278968531324	0	0	0	0	1.6923214574077983	7.978125847775246	0	153.75072636767695	294.9631149569561
170	4.7671321747275135	4.7671321747275135	4.7671321747275135	0	35.67705427405819	15.721669615886	0	3241.6542078628227	581.2789684816915	0	0	0	0	1.6923214581782686	7.978125847835787	0	153.75072682727992	294.96311500114064
171	4.7671321747275135	4.7671321747275135	4.7671321747275135	0	35.67705427357393	15.721669615807865	0	3241.6542073462283	581.2789684300685	0	0	0	0	1.69232145897982	7.978125847898759	0	153.75072730536317	294.96311504709627
172	4.7671321747275135	4.7671321747275135	4.7671321747275135	0	35.67705427312213	15.72166961573496	0	3241.654206865854	581.2789683820789	0	0	0	0	1.6923214597272416	7.978125847957351	0	153.75072775019615	294.96311508980585
173	4.7671321747275135	4.7671321747275135	4.7671321747275135	0	35.67705427308277	15.721669615728533	0	3241.654206837496	581.2789683793608	0	0	0	0	1.6923214597888903	7.978125847961117	0	153.75072777865543	294.96311509212916
174	4.7671321747275135	4.7671321747275135	4.7671321747275135	0	35.677054273044405	15.721669615722268	0	3241.65420680986	581.2789683767119	0	0	0	0	1.6923214598489704	7.978125847964785	0	153.7507278063912	294.9631150943931
175	4.7671321747275135	4.7671321747275135	4.7671321747275135	0	35.67705427300705	15.721669615716168	0	3241.6542067829455	581.2789683741322	0	0	0	0	1.692321459907482	7.9781258479683554	0	153.75072783340352	294.96311509659773
176	4.7671321747275135	4.7671321747275135	4.7671321747275135	0	35.67705427297069	15.721669615710232	0	3241.654206756753	581.2789683716218	0	0	0	0	1.692321459964425	7.9781258479718264	0	153.75072785969238	294.963115098743
177	4.7671321747275135	4.7671321747275135	4.7671321747275135	0	35.677054272935344	15.721669615704458	0	3241.654206731282	581.2789683691806	0	0	0	0	1.6923214600197993	7.978125847975201	0	153.75072788525773	294.9631151008289
178	4.7671321747275135	4.7671321747275135	4.7671321747275135	0	35.677054272900996	15.72166961569885	0	3241.654206706533	581.2789683668085	0	0	0	0	1.6923214600736052	7.978125847978475	0	153.7507279100996	294.96311510285545
179	4.7671321747275135	4.7671321747275135	4.7671321747275135	0	35.67705427286765	15.721669615693406	0	3241.6542066825054	581.2789683645057	0	0	0	0	1.6923214601258423	7.978125847981652	0	153.75072793421802	294.96311510482263
180	4.7671321747275135	4.7671321747275135	4.7671321747275135	0	35.67705427283531	15.721669615688125	0	3241.6542066591996	581.278968362272	0	0	0	0	1.6923214601765109	7.978125847984731	0	153.75072795761295	294.96311510673047
181	4.7671321747275135	4.7671321747275135	4.7671321747275135	0	35.67705427280398	15.721669615683007	0	3241.654206636616	581.2789683601077	0	0	0	0	1.692321460225611	7.9781258479877115	0	153.75072798028438	294.963115108579
182	4.7671321747275135	4.7671321747275135	4.7671321747275135	0	35.677054272773645	15.721669615678053	0	3241.654206614754	581.2789683580124	0	0	0	0	1.6923214602731422	7.978125847990594	0	153.75072800223236	294.96311511036816
183	4.7671321747275135	4.7671321747275135	4.7671321747275135	0	35.677054272744314	15.721669615673264	0	3241.6542065936137	581.2789683559864	0	0	0	0	1.692321460319105	7.978125847993377	0	153.75072802345687	294.96311511209797
184	4.7671321747275135	4.7671321747275135	4.7671321747275135	0	35.677054272715985	15.721669615668638	0	3241.654206573195	581.2789683540298	0	0	0	0	1.692321460363499	7.978125847996063	0	153.75072804395788	294.9631151137684
185	4.7671321747275135	4.7671321747275135	4.7671321747275135	0	35.677054272688665	15.721669615664176	0	3241.654206553498	581.2789683521421	0	0	0	0	1.6923214604063246	7.97812584799865	0	153.7507280637354	294.9631151153795
186	4.7671321747275135	4.7671321747275135	4.7671321747275135	0	35.677054272662346	15.721669615659877	0	3241.654206534523	581.2789683503238	0	0	0	0	1.6923214604475816	7.97812584800114	0	153.7507280827895	294.96311511693125
187	4.7671321747275135	4.7671321747275135	4.7671321747275135	0	35.67705427263703	15.721669615655742	0	3241.65420651627	581.2789683485747	0	0	0	0	1.69232146048727	7.978125848003531	0	153.75072810112007	294.9631151184237
188	4.7671321747275135	4.7671321747275135	4.7671321747275135	0	35.677054272612715	15.721669615651772	0	3241.6542064987384	581.2789683468948	0	0	0	0	1.6923214605253898	7.978125848005823	0	153.75072811872718	294.9631151198567
189	4.7671321747275135	4.7671321747275135	4.7671321747275135	0	35.67705427258941	15.721669615647965	0	3241.6542064819287	581.278968345284	0	0	0	0	1.692321460561941	7.978125848008018	0	153.75072813561079	294.96311512123043
190	4.7671321747275135	4.7671321747275135	4.7671321747275135	0	35.6770542725671	15.721669615644322	0	3241.6542064658406	581.2789683437426	0	0	0	0	1.6923214605969237	7.978125848010114	0	153.75072815177094	294.96311512254476
191	4.7671321747275135	4.7671321747275135	4.7671321747275135	0	35.677054272545796	15.721669615640842	0	3241.6542064504747	581.2789683422702	0	0	0	0	1.6923214606303376	7.9781258480121116	0	153.75072816720763	294.96311512379975
192	4.7671321747275135	4.7671321747275135	4.7671321747275135	0	35.677054272525496	15.721669615637527	0	3241.65420643583	581.2789683408672	0	0	0	0	1.692321460662183	7.978125848014011	0	153.7507281819208	294.9631151249954
193	4.7671321747275135	4.7671321747275135	4.7671321747275135	0	35.677054272506204	15.721669615634374	0	3241.6542064219075	581.2789683395333	0	0	0	0	1.6923214606924597	7.978125848015813	0	153.75072819591054	294.96311512613175
194	4.7671321747275135	4.7671321747275135	4.7671321747275135	0	35.677054272487915	15.721669615631386	0	3241.6542064087066	581.2789683382687	0	0	0	0	1.6923214607211678	7.978125848017516	0	153.75072820917677	294.9631151272087
195	4.7671321747275135	4.7671321747275135	4.7671321747275135	0	35.67705427247062	15.721669615628564	0	3241.6542063962274	581.2789683370733	0	0	0	0	1.6923214607483075	7.978125848019121	0	153.75072822171953	294.96311512822626
196	4.7671321747275135	4.7671321747275135	4.7671321747275135	0	35.67705427245434	15.721669615625903	0	3241.65420638447	581.278968335947	0	0	0	0	1.6923214607738783	7.978125848020627	0	153.7507282335388	294.96311512918453
197	4.7671321747275135	4.7671321747275135	4.7671321747275135	0	35.67705427243906	15.721669615623407	0	3241.6542063734346	581.2789683348899	0	0	0	0	1.692321460797881	7.978125848022036	0	153.75072824463462	294.96311513008345
198	4.7671321747275135	4.7671321747275135	4.7671321747275135	0	35.677054272424776	15.721669615621073	0	3241.6542063631205	581.2789683339022	0	0	0	0	1.6923214608203145	7.978125848023346	0	153.75072825500695	294.963115130923
199	4.7671321747275135	4.7671321747275135	4.7671321747275135	0	35.6770542724115	15.721669615618904	0	3241.6542063535285	581.2789683329835	0	0	0	0	1.6923214608411798	7.978125848024558	0	153.7507282646558	294.9631151317032
200	4.7671321747275135	4.7671321747275135	4.7671321747275135	0	35.67705427239923	15.7216696156169	0	3241.654206344658	581.2789683321341	0	0	0	0	1.6923214608604764	7.978125848025671	0	153.75072827358116	294.96311513242404
201	4.7671321747275135	4.7671321747275135	4.7671321747275135	0	35.67705427238797	15.721669615615058	0	3241.6542063365096	581.278968331354	0	0	0	0	1.6923214608782045	7.978125848026687	0	153.75072828178307	294.9631151330856
202	4.7671321747275135	4.7671321747275135	4.7671321747275135	0	35.6770542723777	15.721669615613381	0	3241.654206329083	581.278968330643	0	0	0	0	1.6923214608943637	7.978125848027604	0	153.75072828926147	294.9631151336877
203	4.7671321747275135	4.7671321747275135	4.7671321747275135	0	35.677054272368444	15.721669615611868	0	3241.654206322378	581.2789683300012	0	0	0	0	1.6923214609089545	7.978125848028423	0	153.75072829601643	294.9631151342305
204	4.7671321747275135	4.7671321747275135	4.7671321747275135	0	35.67705427236019	15.721669615610518	0	3241.6542063163947	581.2789683294287	0	0	0	0	1.6923214609219768	7.978125848029143	0	153.7507283020479	294.963115134714
205	4.7671321747275135	4.7671321747275135	4.7671321747275135	0	35.67705427235293	15.721669615609331	0	3241.6542063111333	581.2789683289253	0	0	0	0	1.6923214609334303	7.978125848029766	0	153.75072830735587	294.9631151351381
206	4.7671321747275135	4.7671321747275135	4.7671321747275135	0	35.67705427234668	15.72166961560831	0	3241.6542063065936	581.2789683284913	0	0	0	0	1.6923214609433153	7.97812584803029	0	153.75072831194038	294.96311513550285
207	4.7671321747275135	4.7671321747275135	4.7671321747275135	0	35.67705427234144	15.72166961560745	0	3241.654206302776	581.2789683281263	0	0	0	0	1.6923214609516317	7.978125848030715	0	153.7507283158014	294.96311513580827
208	4.7671321747275135	4.7671321747275135	4.7671321747275135	0	35.677054272337195	15.721669615606755	0	3241.6542062996796	581.2789683278306	0	0	0	0	1.6923214609583797	7.978125848031043	0	153.75072831893897	294.9631151360543
209	4.7671321747275135	4.7671321747275135	4.7671321747275135	0	35.677054272333955	15.721669615606226	0	3241.6542062973053	581.2789683276042	0	0	0	0	1.6923214609635588	7.978125848031272	0	153.75072832135302	294.963115136241
210	4.7671321747275135	4.7671321747275135	4.7671321747275135	0	35.677054272331716	15.721669615605858	0	3241.654206295653	581.2789683274469	0	0	0	0	1.6923214609671693	7.978125848031404	0	153.75072832304363	294.96311513636834
211	4.7671321747275135	4.7671321747275135	4.7671321747275135	0	35.67705427233049	15.721669615605656	0	3241.654206294722	581.2789683273588	0	0	0	0	1.6923214609692114	7.9781258480314365	0	153.75072832401074	294.9631151364364
212	4.7671321747275135	4.7671321747275135	4.7671321747275135	0	35.67705427233025	15.721669615605615	0	3241.6542062945127	581.27896832734	0	0	0	0	1.6923214609696848	7.978125848031371	0	153.7507283242544	294.963115136445
213	4.7671321747275135	4.7671321747275135	4.7671321747275135	0	35.67705427233103	15.721669615605741	0	3241.6542062950252	581.2789683273903	0	0	0	0	1.6923214609685895	7.978125848031207	0	153.75072832377455	294.9631151363943
214	4.7671321747275135	4.7671321747275135	4.7671321747275135	0	35.6770542723328	15.721669615606029	0	3241.65420629626	581.2789683275099	0	0	0	0	1.6923214609659258	7.978125848030945	0	153.75072832257123	294.9631151362843
215	4.7671321747275135	4.7671321747275135	4.7671321747275135	0	35.67705427233559	15.72166961560648	0	3241.654206298216	581.2789683276986	0	0	0	0	1.6923214609616934	7.978125848030585	0	153.75072832064444	294.9631151361149
216	4.7671321747275135	4.7671321747275135	4.7671321747275135	0	35.67705427233937	15.721669615607096	0	3241.654206300894	581.2789683279567	0	0	0	0	1.6923214609558923	7.9781258480301265	0	153.75072831799417	294.96311513588614
217	4.7671321747275135	4.7671321747275135	4.7671321747275135	0	35.67705427234416	15.721669615607876	0	3241.654206304294	581.2789683282839	0	0	0	0	1.6923214609485229	7.97812584802957	0	153.75072831462043	294.96311513559806
218	4.7671321747275135	4.7671321747275135	4.7671321747275135	0	35.67705427234995	15.72166961560882	0	3241.6542063084153	581.2789683286803	0	0	0	0	1.6923214609395847	7.978125848028915	0	153.7507283105232	294.96311513525063
219	4.7671321747275135	4.7671321747275135	4.7671321747275135	0	35.67705427235675	15.721669615609926	0	3241.654206313259	581.2789683291459	0	0	0	0	1.6923214609290778	7.978125848028162	0	153.7507283057025	294.9631151348438
220	4.7671321747275135	4.7671321747275135	4.7671321747275135	0	35.67705427236454	15.721669615611198	0	3241.6542063188235	581.2789683296808	0	0	0	0	1.6923214609170023	7.97812584802731	0	153.7507283001583	294.9631151343777
221	4.7671321747275135	4.7671321747275135	4.7671321747275135	0	35.67705427237335	15.721669615612633	0	3241.6542063251104	581.2789683302848	0	0	0	0	1.6923214609033583	7.978125848026361	0	153.75072829389063	294.96311513385217
222	4.7671321747275135	4.7671321747275135	4.7671321747275135	0	35.67705427238315	15.721669615614232	0	3241.654206332119	581.278968330958	0	0	0	0	1.6923214608881458	7.9781258480253125	0	153.75072828689952	294.96311513326737
223	4.7671321747275135	4.7671321747275135	4.7671321747275135	0	35.67705427239396	15.721669615615994	0	3241.6542063398497	581.2789683317005	0	0	0	0	1.6923214608713646	7.978125848024166	0	153.7507282791849	294.96311513262316
224	4.7671321747275135	4.7671321747275135	4.7671321747275135	0	35.677054272405776	15.72166961561792	0	3241.6542063483016	581.2789683325122	0	0	0	0	1.6923214608530148	7.978125848022922	0	153.7507282707468	294.9631151319196
225	4.7671321747275135	4.7671321747275135	4.7671321747275135	0	35.677054272418594	15.72166961562001	0	3241.6542063574757	581.2789683333931	0	0	0	0	1.6923214608330965	7.978125848021579	0	153.75072826158524	294.9631151311567
226	4.7671321747275135	4.7671321747275135	4.7671321747275135	0	35.67705427243241	15.721669615622265	0	3241.654206367371	581.2789683343432	0	0	0	0	1.6923214608116095	7.978125848020138	0	153.75072825170017	294.9631151303345
227	4.7671321747275135	4.7671321747275135	4.7671321747275135	0	35.677054272447236	15.721669615624682	0	3241.6542063779884	581.2789683353625	0	0	0	0	1.692321460788554	7.978125848018599	0	153.75072824109165	294.9631151294529
228	4.7671321747275135	4.7671321747275135	4.7671321747275135	0	35.67705427246306	15.721669615627263	0	3241.654206389328	581.278968336451	0	0	0	0	1.6923214607639296	7.978125848016961	0	153.75072822975966	294.96311512851196
229	4.7671321747275135	4.7671321747275135	4.7671321747275135	0	35.67705427247989	15.72166961563001	0	3241.654206401389	581.2789683376088	0	0	0	0	1.692321460737737	7.9781258480152255	0	153.75072821770416	294.9631151275116
230	4.7671321747275135	4.7671321747275135	4.7671321747275135	0	35.67705427249772	15.721669615632917	0	3241.6542064141713	581.2789683388357	0	0	0	0	1.6923214607099757	7.978125848013391	0	153.7507282049252	294.963115126452
231	4.7671321747275135	4.7671321747275135	4.7671321747275135	0	35.67705427251656	15.72166961563599	0	3241.654206427676	581.2789683401319	0	0	0	0	1.6923214606806456	7.97812584801146	0	153.75072819142278	294.963115125333
232	4.7671321747275135	4.7671321747275135	4.7671321747275135	0	35.6770542725364	15.721669615639227	0	3241.6542064419023	581.2789683414973	0	0	0	0	1.692321460649747	7.978125848009429	0	153.75072817719686	294.9631151241547
233	4.7671321747275135	4.7671321747275135	4.7671321747275135	0	35.67705427255724	15.721669615642629	0	3241.6542064568503	581.2789683429319	0	0	0	0	1.6923214606172798	7.9781258480073	0	153.75072816224747	294.963115122917
234	4.7671321747275135	4.7671321747275135	4.7671321747275135	0	35.67705427257909	15.721669615646192	0	3241.65420647252	581.2789683444356	0	0	0	0	1.6923214605832442	7.978125848005073	0	153.7507281465746	294.9631151216199
235	4.7671321747275135	4.7671321747275135	4.7671321747275135	0	35.67705427260194	15.72166961564992	0	3241.6542064889118	581.2789683460087	0	0	0	0	1.6923214605476398	7.9781258480027475	0	153.75072813017823	294.9631151202635
236	4.7671321747275135	4.7671321747275135	4.7671321747275135	0	35.677054272625796	15.721669615653813	0	3241.654206506025	581.2789683476509	0	0	0	0	1.6923214605104668	7.9781258480003245	0	153.75072811305841	294.9631151188478
237	4.7671321747275135	4.7671321747275135	4.7671321747275135	0	35.67705427265066	15.721669615657868	0	3241.65420652386	581.2789683493623	0	0	0	0	1.6923214604717252	7.978125847997802	0	153.75072809521512	294.9631151173727
238	4.7671321747275135	4.7671321747275135	4.7671321747275135	0	35.677054272676514	15.721669615662089	0	3241.654206542417	581.2789683511429	0	0	0	0	1.692321460431415	7.978125847995183	0	153.75072807664833	294.96311511583826
239	4.7671321747275135	4.7671321747275135	4.7671321747275135	0	35.67705427270338	15.721669615666473	0	3241.6542065616954	581.2789683529928	0	0	0	0	1.6923214603895362	7.978125847992464	0	153.7507280573581	294.9631151142445
240	4.7671321747275135	4.7671321747275135	4.7671321747275135	0	35.67705427272194	15.721669615669573	0	3241.6542065729886	581.2789683540506	0	0	0	0	1.6923214603456322	7.978125847997769	0	153.75072804489324	294.9631151135496
