0	4.7671321747275135	4.7671321747275135	4.7671321747275135	0	0	0	0	0	0	0	0	0	0	0	0	0	0	0
1	4.7671321747275135	4.7671321747275135	4.7671321747275135	0	0	0	0	0	0	0	0	0	0	0	0	0	0	0
2	4.7671321747275135	4.7671321747275135	4.7671321747275135	0	0	0	0	0	0	0	0	0	0	0	0	0	0	0
3	4.7671321747275135	4.7671321747275135	4.7671321747275135	0	0	0	0	0	0	0	0	0	0	0	0	0	0	0
4	4.7671321747275135	4.7671321747275135	4.7671321747275135	0	0	0	0	0	0	0	0	0	0	0	0	0	0	0
5	4.7671321747275135	4.7671321747275135	4.7671321747275135	0	0	0	0	0	0	0	0	0	0	0	0	0	0	0
6	4.7671321747275135	4.7671321747275135	4.7671321747275135	0	0	0	0	0	0	0	0	0	0	0	0	0	0	0
7	4.7671321747275135	4.7671321747275135	4.7671321747275135	0	0	0	0	0	0	0	0	0	0	0	0	0	0	0
8	4.7671321747275135	4.7671321747275135	4.7671321747275135	0	0	0	0	0	0	0	0	0	0	0	0	0	0	0
9	4.7671321747275135	4.7671321747275135	4.7671321747275135	0	0	0	0	0	0	0	0	0	0	0	0	0	0	0
10	4.7671321747275135	4.7671321747275135	4.7671321747275135	0	0	0	0	0	0	0	0	0	0	0	0	0	0	0
11	4.7671321747275135	4.7671321747275135	4.7671321747275135	0	0	0	0	0	0	0	0	0	0	0	0	0	0	0
12	4.767132174727513	4.767132174727515	4.7671321747275135	45.59033617215018	50.64618317701812	21.118868483534474	4076.0972067113244	3731.3970214969204	643.0591427398672	0	0	0	0	9.685219916617697	0.027038255320623254	0	806.5910715617356	3.5478746679242206
13	4.7671321747275135	4.7671321747275135	4.7671321747275135	45.59161011838022	50.99028832479731	21.165778387091603	4717.339382205825	4519.068117509428	765.416605563979	0	0	0	0	9.49331609037155	0.017802596260878725	0	858.2668114074347	1.0573526981021377
14	4.7671321747275135	4.7671321747275135	4.7671321747275135	45.5916101488535	51.02317787285428	21.170173823810316	4794.9884701734245	4621.237620659783	780.6019726482964	0	0	0	0	9.474896690096095	0.01691528337606062	0	860.7252889624923	0.683176093744484
15	4.7671321747275135	4.7671321747275135	4.7671321747275135	45.59161014885389	51.02712316530864	21.17070834425712	4804.368023621074	4634.33977891133	782.4779159058465	0	0	0	0	9.472666219163518	0.01679572223569363	0	860.5943356504553	0.6291383712002943
16	4.7671321747275135	4.7671321747275135	4.7671321747275135	45.59161014885388	51.02760199850355	21.170774205197272	4805.489879248255	4636.00038990322	782.7074848371633	0	0	0	0	9.472392293291499	0.016779423413899843	0	860.5255035652228	0.6214529807501367
17	4.7671321747275135	4.7671321747275135	4.7671321747275135	45.59161014885389	51.027659530964314	21.17078224723507	4805.6207638752585	4636.205892481738	782.7349313538393	0	0	0	0	9.472358956778638	0.016777228690842284	0	860.510703656811	0.6203846447962579
18	4.7671321747275135	4.7671321747275135	4.7671321747275135	45.59161014885388	51.02766506889507	21.170783035827437	4805.633385380708	4636.2273275985835	782.7376706338409	0	0	0	0	9.472355679121032	0.016776988778995677	0	860.5083330678768	0.620255518448104
19	4.7671321747275135	4.7671321747275135	4.7671321747275135	45.59161014885388	51.027665198702344	21.170783056679987	4805.6335062566095	4636.227736649006	782.7377087421792	0	0	0	0	9.4723555960773	0.016776978865066357	0	860.5081894004414	0.6202505743612413
20	4.7671321747275135	4.7671321747275135	4.7671321747275135	45.59161014885388	51.02766510648244	21.170783044154533	4805.633312339703	4636.227489637508	782.7376714652627	0	0	0	0	9.472355646571572	0.016776981481398966	0	860.5081767740764	0.6202510336468777
21	4.7671321747275135	4.7671321747275135	4.7671321747275135	45.59161014885389	51.027665129437274	21.1707830474219	4805.633343122806	4636.227523859452	782.7376771094395	0	0	0	0	9.472355634025341	0.01677698065397072	0	860.5081815115676	0.620251015409178
22	4.7671321747275135	4.7671321747275135	4.7671321747275135	45.59161014885389	51.02766514502668	21.170783049535476	4805.633374872942	4636.227563663779	782.7376831779097	0	0	0	0	9.472355625515961	0.016776980216142157	0	860.5081839309738	0.6202509470949461
23	4.7671321747275135	4.7671321747275135	4.7671321747275135	45.59161014885389	51.02766515653376	21.170783051087174	4805.63339902156	4636.227594103147	782.7376878025335	0	0	0	0	9.472355619238437	0.016776979902744113	0	860.5081856811688	0.6202508933056449
24	4.7671321747275135	4.7671321747275135	4.7671321747275135	45.59161014885388	51.027665166512655	21.170783052432824	4805.633419957024	4636.227620501349	782.7376918123123	0	0	0	0	9.472355613794498	0.016776979630808243	0	860.5081871935708	0.6202508465679872
25	4.7671321747275135	4.7671321747275135	4.7671321747275135	45.59161014885388	51.02766517496339	21.17078305357242	4805.633437679335	4636.2276428583855	782.737695207246	0	0	0	0	9.472355609184145	0.01677697940033455	0	860.50818846818	0.6202508068819731
26	4.7671321747275135	4.7671321747275135	4.7671321747275135	45.59161014885388	51.02766518188594	21.17078305450597	4805.633452188492	4636.227661174256	782.7376979873347	0	0	0	0	9.472355605407376	0.01677697921132303	0	860.5081895049964	0.6202507742476024
27	4.7671321747275135	4.7671321747275135	4.7671321747275135	45.59161014885388	51.02766518728033	21.17078305523347	4805.633463484495	4636.227675448962	782.7377001525784	0	0	0	0	9.472355602464194	0.016776979063773685	0	860.5081903040196	0.6202507486648753
28	4.7671321747275135	4.7671321747275135	4.7671321747275135	45.59161014885388	51.02766519114654	21.17078305575492	4805.633471567346	4636.227685682503	782.7377017029772	0	0	0	0	9.472355600354597	0.016776978957686515	0	860.5081908652502	0.6202507301337917
29	4.7671321747275135	4.7671321747275135	4.7671321747275135	45.59161014885388	51.02766519348458	21.17078305607032	4805.633476437041	4636.2276918748785	782.7377026385309	0	0	0	0	9.472355599078586	0.01677697889306152	0	860.5081911886876	0.6202507186543517
30	4.7671321747275135	4.7671321747275135	4.7671321747275135	45.59161014885388	51.02766519429445	21.170783056179673	4805.633478093584	4636.227694026087	782.7377029592396	0	0	0	0	9.47235559863616	0.0167769788698987	0	860.5081912743323	0.6202507142265551
31	4.7671321747275135	4.7671321747275135	4.7671321747275135	45.59161014885388	51.02766519357614	21.170783056082975	4805.633476536973	4636.227692136132	782.7377026651034	0	0	0	0	9.47235559902732	0.01677697888819805	0	860.508191122184	0.6202507168504021
32	4.7671321747275135	4.7671321747275135	4.7671321747275135	45.59161014885388	51.02766519132966	21.170783055780227	4805.633471767208	4636.22768620501	782.737701756122	0	0	0	0	9.472355600252065	0.01677697894795958	0	860.5081907322428	0.6202507265258926
33	4.7671321747275135	4.7671321747275135	4.7671321747275135	45.59161014885388	51.02766518755501	21.17078305527143	4805.63346378429	4636.227676232724	782.7377002322957	0	0	0	0	9.472355602310396	0.016776979049183283	0	860.5081901045087	0.6202507432530266
34	4.7671321747275135	4.7671321747275135	4.7671321747275135	45.59161014885388	51.027665182252186	21.17078305455658	4805.633452588218	4636.227662219272	782.7376980936243	0	0	0	0	9.472355605202312	0.01677697919186916	0	860.5081892389817	0.6202507670318042
35	4.7671321747275135	4.7671321747275135	4.7671321747275135	45.59161014885388	51.02766517542119	21.170783053635684	4805.633438178992	4636.2276441646545	782.737695340108	0	0	0	0	9.472355608927813	0.01677697937601721	0	860.5081881356617	0.6202507978622253
36	4.7671321747275135	4.7671321747275135	4.7671321747275135	45.59161014885388	51.02766517046445	21.170783052967135	4805.633427835415	4636.227631155441	782.7376933608236	0	0	0	0	9.47235561163085	0.016776979511324387	0	860.5081873701128	0.6202508205870765
37	4.7671321747275135	4.7671321747275135	4.7671321747275135	45.59161014885388	51.02766516939032	21.17078305282167	4805.633425799647	4636.227628514161	782.7376929668142	0	0	0	0	9.472355612215948	0.01677697954362716	0	860.5081872632478	0.6202508260491294
38	4.7671321747275135	4.7671321747275135	4.7671321747275135	45.59161014885388	51.02766516839513	21.17078305268689	4805.633423913698	4636.227626067002	782.737692601787	0	0	0	0	9.47235561275806	0.016776979573546288	0	860.508187164396	0.6202508311120447
39	4.7671321747275135	4.7671321747275135	4.7671321747275135	45.59161014885388	51.02766516747889	21.1707830525628	4805.63342217757	4636.2276238139675	782.737692265742	0	0	0	0	9.47235561325719	0.01677697960108177	0	860.5081870735571	0.6202508357758223
40	4.7671321747275135	4.7671321747275135	4.7671321747275135	45.59161014885389	51.0276651666416	21.170783052449398	4805.63342059126	4636.227621755054	782.7376919586792	0	0	0	0	9.472355613713331	0.0167769796262336	0	860.5081869907311	0.6202508400404622
41	4.7671321747275135	4.7671321747275135	4.7671321747275135	45.59161014885389	51.02766516588325	21.170783052346685	4805.633419154771	4636.227619890264	782.7376916805987	0	0	0	0	9.472355614126489	0.016776979649001787	0	860.5081869159183	0.6202508439059644
42	4.7671321747275135	4.7671321747275135	4.7671321747275135	45.59161014885389	51.02766516520385	21.17078305225466	4805.633417868102	4636.227618219596	782.7376914315005	0	0	0	0	9.472355614496662	0.01677697966938633	0	860.5081868491184	0.6202508473723289
43	4.7671321747275135	4.7671321747275135	4.7671321747275135	45.59161014885389	51.0276651646034	21.170783052173324	4805.6334167312525	4636.22761674305	782.7376912113843	0	0	0	0	9.472355614823849	0.01677697968738722	0	860.5081867903316	0.6202508504395557
44	4.7671321747275135	4.7671321747275135	4.7671321747275135	45.59161014885389	51.0276651640819	21.170783052102674	4805.633415744223	4636.227615460627	782.7376910202505	0	0	0	0	9.47235561510805	0.01677697970300447	0	860.5081867395577	0.6202508531076449
45	4.7671321747275135	4.7671321747275135	4.7671321747275135	45.59161014885389	51.02766516363934	21.17078305204271	4805.633414907014	4636.227614372326	782.737690858099	0	0	0	0	9.472355615349267	0.016776979716238073	0	860.5081866967968	0.6202508553765964
46	4.7671321747275135	4.7671321747275135	4.7671321747275135	45.59161014885389	51.027665163275735	21.17078305199344	4805.633414219625	4636.227613478147	782.7376907249295	0	0	0	0	9.4723556155475	0.016776979727088026	0	860.508186662049	0.6202508572464103
47	4.7671321747275135	4.7671321747275135	4.7671321747275135	45.59161014885389	51.02766516299108	21.170783051954857	4805.633413682055	4636.227612778091	782.7376906207425	0	0	0	0	9.472355615702746	0.016776979735554334	0	860.5081866353141	0.6202508587170864
48	4.7671321747275135	4.7671321747275135	4.7671321747275135	45.59161014885389	51.02766516278537	21.17078305192696	4805.633413294306	4636.227612272157	782.7376905455375	0	0	0	0	9.472355615815006	0.016776979741636996	0	860.5081866165923	0.6202508597886248
49	4.7671321747275135	4.7671321747275135	4.7671321747275135	45.59161014885389	51.0276651626586	21.170783051909755	4805.633413056376	4636.227611960346	782.7376904993148	0	0	0	0	9.472355615884283	0.016776979745336013	0	860.5081866058835	0.6202508604610256
50	4.7671321747275135	4.7671321747275135	4.7671321747275135	45.59161014885389	51.02766516261079	21.170783051903236	4805.633412968266	4636.227611842656	782.7376904820744	0	0	0	0	9.472355615910573	0.01677697974665138	0	860.5081866031876	0.6202508607342887
51	4.7671321747275135	4.7671321747275135	4.7671321747275135	45.59161014885389	51.02766516264192	21.170783051907403	4805.6334130299765	4636.227611919089	782.7376904938161	0	0	0	0	9.472355615893878	0.016776979745583103	0	860.5081866085047	0.6202508606084142
52	4.7671321747275135	4.7671321747275135	4.7671321747275135	45.59161014885389	51.027665162751994	21.17078305192226	4805.633413241507	4636.227612189646	782.7376905345401	0	0	0	0	9.472355615834198	0.01677697974213118	0	860.508186621835	0.6202508600834018
53	4.7671321747275135	4.7671321747275135	4.7671321747275135	45.59161014885388	51.02766516294102	21.170783051947808	4805.633413602856	4636.227612654323	782.7376906042464	0	0	0	0	9.472355615731534	0.01677697973629561	0	860.5081866431781	0.6202508591592519
54	4.7671321747275135	4.7671321747275135	4.7671321747275135	45.59161014885388	51.027665163208994	21.170783051984042	4805.633414114026	4636.227613313124	782.7376907029349	0	0	0	0	9.472355615585885	0.01677697972807639	0	860.5081866725343	0.6202508578359642
55	4.7671321747275135	4.7671321747275135	4.7671321747275135	45.59161014885388	51.027665163555916	21.170783052030963	4805.633414775016	4636.227614166047	782.7376908306055	0	0	0	0	9.472355615397248	0.01677697971747353	0	860.5081867099035	0.6202508561135389
56	4.7671321747275135	4.7671321747275135	4.7671321747275135	45.59161014885388	51.02766516398179	21.170783052088574	4805.633415585826	4636.227615213092	782.7376909872585	0	0	0	0	9.472355615165629	0.01677697970448702	0	860.5081867552857	0.6202508539919759
57	4.7671321747275135	4.7671321747275135	4.7671321747275135	45.59161014885388	51.027665164486606	21.170783052156875	4805.633416546455	4636.227616454259	782.7376911728936	0	0	0	0	9.472355614891022	0.016776979689116865	0	860.5081868086809	0.6202508514712752
58	4.7671321747275135	4.7671321747275135	4.7671321747275135	45.59161014885388	51.02766516507037	21.170783052235862	4805.633417656905	4636.227617889549	782.737691387511	0	0	0	0	9.47235561457343	0.016776979671363063	0	860.508186870089	0.6202508485514369
59	4.7671321747275135	4.7671321747275135	4.7671321747275135	45.591610148853874	51.02766516573308	21.170783052325536	4805.633418917175	4636.227619518962	782.7376916311106	0	0	0	0	9.472355614212855	0.016776979651225613	0	860.5081869395102	0.6202508452324608
60	4.7671321747275135	4.7671321747275135	4.7671321747275135	45.59161014885388	51.02766516622365	21.170783052392085	4805.633419823809	4636.227620697977	782.7376918067362	0	0	0	0	9.472355613945474	0.016776979636692054	0	860.5081869854679	0.6202508427718376
61	4.7671321747275135	4.7671321747275135	4.7671321747275135	45.59161014885389	51.02766516640158	21.170783052416493	4805.633420110024	4636.2276210815135	782.7376918628117	0	0	0	0	9.472355613847716	0.016776979632051235	0	860.5081869933543	0.6202508418748739
62	4.7671321747275135	4.7671321747275135	4.7671321747275135	45.591610148853896	51.02766516655058	21.17078305243693	4805.633420350323	4636.227621403684	782.7376919099004	0	0	0	0	9.472355613765824	0.01677697962820999	0	860.5081869998846	0.6202508411215905
63	4.7671321747275135	4.7671321747275135	4.7671321747275135	45.591610148853896	51.027665166670616	21.170783052453398	4805.633420544704	4636.227621664487	782.7376919480021	0	0	0	0	9.472355613699799	0.016776979625168314	0	860.5081870050587	0.6202508405119873
64	4.7671321747275135	4.7671321747275135	4.7671321747275135	45.5916101488539	51.027665166761714	21.170783052465893	4805.633420693169	4636.2276218639245	782.7376919771168	0	0	0	0	9.472355613649638	0.016776979622926215	0	860.5081870088768	0.6202508400460647
65	4.7671321747275135	4.7671321747275135	4.7671321747275135	45.5916101488539	51.02766516682386	21.170783052474416	4805.633420795716	4636.227622001995	782.7376919972445	0	0	0	0	9.472355613615342	0.016776979621483685	0	860.5081870113388	0.6202508397238223
66	4.7671321747275135	4.7671321747275135	4.7671321747275135	45.5916101488539	51.02766516685706	21.17078305247897	4805.633420852347	4636.227622078699	782.7376920083854	0	0	0	0	9.472355613596912	0.016776979620840727	0	860.5081870124445	0.6202508395452604
67	4.7671321747275135	4.7671321747275135	4.7671321747275135	45.5916101488539	51.02766516686131	21.170783052479553	4805.633420863061	4636.227622094037	782.7376920105391	0	0	0	0	9.472355613594349	0.016776979620997345	0	860.5081870121942	0.6202508395103788
68	4.7671321747275135	4.7671321747275135	4.7671321747275135	45.5916101488539	51.02766516683661	21.170783052476164	4805.633420827857	4636.227622048008	782.7376920037061	0	0	0	0	9.472355613607649	0.01677697962195353	0	860.5081870105878	0.6202508396191777
69	4.7671321747275135	4.7671321747275135	4.7671321747275135	45.591610148853896	51.027665166782974	21.170783052468803	4805.633420746737	4636.227621940613	782.737691987886	0	0	0	0	9.472355613636816	0.01677697962370929	0	860.5081870076252	0.6202508398716569
70	4.7671321747275135	4.7671321747275135	4.7671321747275135	45.591610148853896	51.02766516670038	21.170783052457473	4805.6334206197	4636.227621771851	782.737691963079	0	0	0	0	9.472355613681847	0.016776979626264624	0	860.5081870033065	0.6202508402678164
71	4.7671321747275135	4.7671321747275135	4.7671321747275135	45.59161014885389	51.02766516658884	21.17078305244217	4805.633420446746	4636.227621541723	782.737691929285	0	0	0	0	9.472355613742744	0.016776979629619528	0	860.5081869976317	0.6202508408076564
72	4.7671321747275135	4.7671321747275135	4.7671321747275135	45.59161014885389	51.02766516658884	21.17078305244217	4805.633420446746	4636.227621541723	782.737691929285	0	0	0	0	9.472355613742744	0.016776979629619528	0	860.5081869976317	0.6202508408076564
73	4.7671321747275135	4.7671321747275135	4.7671321747275135	0.0012435202026219523	50.0565652821876	20.806463978776865	729.4199014336248	4599.09834997076	777.0612210395911	0	0	0	0	9.154659180487288	0.017948219498797695	0	848.6042903964067	0.638358217782379
74	4.7671321747275135	4.7671321747275135	4.7671321747275135	0	44.99071961579994	18.93508683716035	88.28292028747322	4321.234232962198	735.0641745391084	0	0	0	0	6.816193360412186	0.024043997143660133	0	733.5732975007697	0.7763680889242196
75	4.7671321747275135	4.7671321747275135	4.7671321747275135	0	38.24722115552272	16.54591866408459	10.680521882192494	3732.602799787328	648.6392799018352	0	0	0	0	2.0709569985203937	0.024047599523765742	0	372.32767255080773	0.9331255198938222
76	4.7671321747275135	4.7671321747275135	4.7671321747275135	0	36.095280374118474	15.843449033614533	1.2868132379969932	3371.975655699361	598.2285140771615	0	0	0	0	0.30878150285275396	0.009250390098174289	0	100.15637186534914	0.571418347457003
77	4.7671321747275135	4.7671321747275135	4.7671321747275135	0	35.73725635605617	15.737813973074706	0.15512003384571044	3268.0577443368124	584.5355259773861	0	0	0	0	0.0391737187526761	0.002007074527654753	0	19.476997246475936	0.19137921746958486
78	4.7671321747275135	4.7671321747275135	4.7671321747275135	0	35.68543105324069	15.72377410440381	0.01857804228696581	3246.3336618838534	581.8290319840723	0	0	0	0	0.004871260467387816	0.0003465997939321701	0	3.264583129456172	0.046150639353478067
79	4.7671321747275135	4.7671321747275135	4.7671321747275135	0	35.67818691472725	15.721939324081102	0.0021751476290849834	3242.4139234509903	581.3644536499369	0	0	0	0	0.000597357949454399	53582942779274695e-21	0	0.4995985223715579	0.0092354477657435
80	4.7671321747275135	4.7671321747275135	4.7671321747275135	0	35.677197352332556	15.721702130923113	0.0002361216873613731	3241.7661422932706	581.2910447935709	0	0	0	0	6902064692695443e-20	7458663529052202e-21	0	0.06918499354515144	0.001597757012477883
81	4.7671321747275135	4.7671321747275135	4.7671321747275135	0	35.6770701461186	15.721673072407844	21981302159214416e-21	3241.668723622215	581.2804663679264	0	0	0	0	70561788046796525e-22	0	0	0.008367762992574725	0.00023844946341140648
82	4.7671321747275135	4.7671321747275135	4.7671321747275135	0	35.67705447100851	15.72166963779227	0	3241.654679225914	581.2790062265918	0	0	0	0	0	0	0	0.0001731019966597809	12781984825094533e-21
83	4.7671321747275135	4.7671321747275135	4.7671321747275135	0	35.67705436623093	15.721669642091566	0	3241.654232045936	581.278970197531	0	0	0	0	0	0	0	7577064872773588e-21	0
84	4.7671321747275135	4.7671321747275135	4.7671321747275135	0	35.67705433460916	15.721669637509628	0	3241.6541258467205	581.2789624828462	0	0	0	0	0	0	0	-2409324945810798e-20	-24453803206620885e-22
85	4.7671321747275135	4.7671321747275135	4.7671321747275135	0	35.67705426589497	15.721669615569027	0	3241.6541650234185	581.2789653516478	0	0	0	0	0	0	0	-12214493419865295e-21	-12752870735799574e-22
86	4.7671321747275135	4.7671321747275135	4.7671321747275135	0	35.6770542676165	15.721669615143076	0	3241.6541853353956	581.2789668179294	0	0	0	0	0	0	0	-6249176580274719e-21	0
87	4.7671321747275135	4.7671321747275135	4.7671321747275135	0	35.67705426918501	15.721669614803151	0	3241.6542027828277	581.2789680775032	0	0	0	0	0	0	0	-11250804952368428e-22	0
88	4.7671321747275135	4.7671321747275135	4.7671321747275135	0	35.67705427060048	15.721669614549251	0	3241.654217365714	581.2789691303695	0	0	0	0	0	0	0	31577948352483294e-22	0
89	4.7671321747275135	4.7671321747275135	4.7671321747275135	0	35.677054271862936	15.721669614381378	0	3241.654229084055	581.2789699765282	0	0	0	0	0	0	0	6599449411180795e-21	0
90	4.7671321747275135	4.7671321747275135	4.7671321747275135	0	35.67705427297236	15.72166961429953	0	3241.65423793785	581.2789706159791	0	0	0	0	0	0	0	919988323256056e-20	0
91	4.7671321747275135	4.7671321747275135	4.7671321747275135	0	35.67705427392876	15.721669614303709	0	3241.6542439271	581.2789710487225	0	0	0	0	0	0	0	10959096299387624e-21	11479574985058498e-22
92	4.7671321747275135	4.7671321747275135	4.7671321747275135	0	35.677054274732136	15.721669614393914	0	3241.6542470518048	581.2789712747582	0	0	0	0	0	0	0	11877088611661996e-21	12436986218669683e-22
93	4.7671321747275135	4.7671321747275135	4.7671321747275135	0	35.67705427538248	15.721669614570144	0	3241.654247311964	581.2789712940862	0	0	0	0	0	0	0	11953860169383657e-21	12514017532319395e-22
94	4.7671321747275135	4.7671321747275135	4.7671321747275135	0	35.677054275879804	15.7216696148324	0	3241.654244707577	581.2789711067066	0	0	0	0	0	0	0	11189410972552617e-21	11710668926007635e-22
95	4.7671321747275135	4.7671321747275135	4.7671321747275135	0	35.677054276224105	15.721669615180684	0	3241.6542392386455	581.2789707126194	0	0	0	0	0	0	0	9583741021168871e-21	10026940399734393e-22
96	4.7671321747275135	4.7671321747275135	4.7671321747275135	0	35.677054276415376	15.721669615614992	0	3241.654230905168	581.2789701118246	0	0	0	0	0	0	0	7136850315232428e-21	0
97	4.7671321747275135	4.7671321747275135	4.7671321747275135	0	35.67705427645362	15.721669616135326	0	3241.654219707145	581.2789693043221	0	0	0	0	0	0	0	3848738854743285e-21	0
98	4.7671321747275135	4.7671321747275135	4.7671321747275135	0	35.67705427622985	15.721669616368896	0	3241.6542131647093	581.2789688323436	0	0	0	0	0	0	0	192800056068588e-20	0
99	4.7671321747275135	4.7671321747275135	4.7671321747275135	0	35.67705427588265	15.72166961629996	0	3241.654212502374	581.2789687843112	0	0	0	0	0	0	0	17341969100486344e-22	0
100	4.7671321747275135	4.7671321747275135	4.7671321747275135	0	35.6770542755443	15.72166961623278	0	3241.65421185709	581.2789687375152	0	0	0	0	0	0	0	15453837510173935e-22	0
101	4.7671321747275135	4.7671321747275135	4.7671321747275135	0	35.677054275214815	15.721669616167356	0	3241.654211228857	581.2789686919554	0	0	0	0	0	0	0	1361561083592158e-21	0
102	4.7671321747275135	4.7671321747275135	4.7671321747275135	0	35.67705427489419	15.721669616103686	0	3241.654210617675	581.2789686476318	0	0	0	0	0	0	0	1182728907772927e-21	0
103	4.7671321747275135	4.7671321747275135	4.7671321747275135	0	35.67705427458242	15.721669616041773	0	3241.6542100235442	581.2789686045446	0	0	0	0	0	0	0	10088872235597015e-22	0
104	4.7671321747275135	4.7671321747275135	4.7671321747275135	0	35.677054274279506	15.721669615981614	0	3241.654209446464	581.2789685626936	0	0	0	0	0	0	0	0	0
105	4.7671321747275135	4.7671321747275135	4.7671321747275135	0	35.677054273985455	15.721669615923211	0	3241.6542088864353	581.2789685220788	0	0	0	0	0	0	0	0	0
106	4.7671321747275135	4.7671321747275135	4.7671321747275135	0	35.677054273700264	15.721669615866565	0	3241.6542083434574	581.2789684827004	0	0	0	0	0	0	0	0	0
107	4.7671321747275135	4.7671321747275135	4.7671321747275135	0	35.677054273423934	15.721669615811674	0	3241.6542078175303	581.2789684445581	0	0	0	0	0	0	0	0	0
108	4.7671321747275135	4.7671321747275135	4.7671321747275135	0	35.67705427315646	15.721669615758538	0	3241.654207308655	581.2789684076522	0	0	0	0	0	0	0	0	0
109	4.7671321747275135	4.7671321747275135	4.7671321747275135	0	35.67705427289785	15.721669615707157	0	3241.65420681683	581.2789683719825	0	0	0	0	0	0	0	0	0
110	4.7671321747275135	4.7671321747275135	4.7671321747275135	0	35.67705427264809	15.721669615657532	0	3241.654206342056	581.2789683375491	0	0	0	0	0	0	0	0	0
111	4.7671321747275135	4.7671321747275135	4.7671321747275135	0	35.6770542724072	15.721669615609663	0	3241.6542058843334	581.2789683043519	0	0	0	0	0	0	0	0	0
112	4.7671321747275135	4.7671321747275135	4.7671321747275135	0	35.677054272175155	15.721669615563549	0	3241.654205443662	581.278968272391	0	0	0	0	0	0	0	0	0
113	4.7671321747275135	4.7671321747275135	4.7671321747275135	0	35.67705427195198	15.72166961551919	0	3241.654205020041	581.2789682416665	0	0	0	0	0	0	0	0	0
114	4.7671321747275135	4.7671321747275135	4.7671321747275135	0	35.67705427173766	15.721669615476587	0	3241.6542046134714	581.278968212178	0	0	0	0	0	0	0	0	0
115	4.7671321747275135	4.7671321747275135	4.7671321747275135	0	35.6770542715322	15.72166961543574	0	3241.654204223953	581.2789681839259	0	0	0	0	0	0	0	0	0
116	4.7671321747275135	4.7671321747275135	4.7671321747275135	0	35.6770542713356	15.72166961539665	0	3241.6542038514854	581.2789681569101	0	0	0	0	0	0	0	0	0
117	4.7671321747275135	4.7671321747275135	4.7671321747275135	0	35.67705427114786	15.721669615359312	0	3241.654203496069	581.2789681311306	0	0	0	0	0	0	0	0	0
118	4.7671321747275135	4.7671321747275135	4.7671321747275135	0	35.67705427096897	15.721669615323732	0	3241.6542031577033	581.2789681065872	0	0	0	0	0	0	0	0	0
119	4.7671321747275135	4.7671321747275135	4.7671321747275135	0	35.677054270798955	15.721669615289906	0	3241.654202836389	581.2789680832802	0	0	0	0	0	0	0	-10938728654352305e-22	0
120	4.7671321747275135	4.7671321747275135	4.7671321747275135	0	35.67705427063779	15.721669615257838	0	3241.6542025321255	581.2789680612094	0	0	0	0	0	0	0	-11828761923463719e-22	0
121	4.7671321747275135	4.7671321747275135	4.7671321747275135	0	35.677054270485485	15.721669615227524	0	3241.654202244913	581.2789680403748	0	0	0	0	0	0	0	-12668890276515079e-22	0
122	4.7671321747275135	4.7671321747275135	4.7671321747275135	0	35.67705427034203	15.721669615198966	0	3241.6542019747517	581.2789680207766	0	0	0	0	0	0	0	-13459113713506386e-22	0
123	4.7671321747275135	4.7671321747275135	4.7671321747275135	0	35.67705427020745	15.721669615172162	0	3241.6542017216416	581.2789680024147	0	0	0	0	0	0	0	-14199432234437643e-22	0
124	4.7671321747275135	4.7671321747275135	4.7671321747275135	0	35.67705427008172	15.721669615147114	0	3241.6542014855822	581.2789679852889	0	0	0	0	0	0	0	-14889845839308855e-22	0
125	4.7671321747275135	4.7671321747275135	4.7671321747275135	0	35.677054269964856	15.721669615123822	0	3241.654201266574	581.2789679693994	0	0	0	0	0	0	0	-1553035452812001e-21	0
126	4.7671321747275135	4.7671321747275135	4.7671321747275135	0	35.677054269856846	15.721669615102286	0	3241.6542010646167	581.2789679547462	0	0	0	0	0	0	0	-16120958300871124e-22	0
127	4.7671321747275135	4.7671321747275135	4.7671321747275135	0	35.67705426975769	15.721669615082506	0	3241.6542008797105	581.2789679413293	0	0	0	0	0	0	0	-16661657157562175e-22	0
128	4.7671321747275135	4.7671321747275135	4.7671321747275135	0	35.6770542696674	15.72166961506448	0	3241.6542007118555	581.2789679291486	0	0	0	0	0	0	0	-1715245109819319e-21	0
129	4.7671321747275135	4.7671321747275135	4.7671321747275135	0	35.677054269585966	15.72166961504821	0	3241.6542005610513	581.2789679182042	0	0	0	0	0	0	0	-17593340122764152e-22	0
130	4.7671321747275135	4.7671321747275135	4.7671321747275135	0	35.6770542695134	15.721669615033697	0	3241.6542004272983	581.278967908496	0	0	0	0	0	0	0	-17984324231275064e-22	0
131	4.7671321747275135	4.7671321747275135	4.7671321747275135	0	35.677054269449684	15.721669615020938	0	3241.654200310596	581.2789679000241	0	0	0	0	0	0	0	-18325403423725918e-22	0
132	4.7671321747275135	4.7671321747275135	4.7671321747275135	0	35.67705426939482	15.721669615009935	0	3241.654200210945	581.2789678927885	0	0	0	0	0	0	0	-18616577700116732e-22	0
133	4.7671321747275135	4.7671321747275135	4.7671321747275135	0	35.67705426934883	15.721669615000687	0	3241.654200128345	581.2789678867891	0	0	0	0	0	0	0	-18857847060447496e-22	0
134	4.7671321747275135	4.7671321747275135	4.7671321747275135	0	35.67705426931169	15.721669614993194	0	3241.654200062796	581.2789678820261	0	0	0	0	0	0	0	-19049211504718194e-22	0
135	4.7671321747275135	4.7671321747275135	4.7671321747275135	0	35.67705426928342	15.721669614987459	0	3241.654200014298	581.2789678784992	0	0	0	0	0	0	0	-1919067103292886e-21	0
136	4.7671321747275135	4.7671321747275135	4.7671321747275135	0	35.677054269264	15.721669614983478	0	3241.654199982851	581.2789678762086	0	0	0	0	0	0	0	-1928222564507946e-21	0
137	4.7671321747275135	4.7671321747275135	4.7671321747275135	0	35.67705426925343	15.721669614981252	0	3241.6541999684555	581.2789678751543	0	0	0	0	0	0	0	-19323875341170026e-22	0
138	4.7671321747275135	4.7671321747275135	4.7671321747275135	0	35.677054269251734	15.721669614980783	0	3241.6541999711103	581.2789678753363	0	0	0	0	0	0	0	-19315620121200526e-22	0
139	4.7671321747275135	4.7671321747275135	4.7671321747275135	0	35.677054269258896	15.721669614982067	0	3241.654199990817	581.2789678767546	0	0	0	0	0	0	0	-19257459985170995e-22	0
140	4.7671321747275135	4.7671321747275135	4.7671321747275135	0	35.67705426927491	15.721669614985109	0	3241.654200027574	581.278967879409	0	0	0	0	0	0	0	-19149394933081405e-22	0
141	4.7671321747275135	4.7671321747275135	4.7671321747275135	0	35.67705426929979	15.721669614989906	0	3241.654200081382	581.2789678832997	0	0	0	0	0	0	0	-18991424964931766e-22	0
142	4.7671321747275135	4.7671321747275135	4.7671321747275135	0	35.677054269333524	15.721669614996458	0	3241.654200152241	581.2789678884268	0	0	0	0	0	0	0	-1878355008072207e-21	0
143	4.7671321747275135	4.7671321747275135	4.7671321747275135	0	35.677054269376114	15.721669615004766	0	3241.6542002401516	581.2789678947901	0	0	0	0	0	0	0	-18525770280452332e-22	0
144	4.7671321747275135	4.7671321747275135	4.7671321747275135	0	35.67705426942757	15.721669615014829	0	3241.654200345113	581.2789679023896	0	0	0	0	0	0	0	-18218085564122537e-22	0
145	4.7671321747275135	4.7671321747275135	4.7671321747275135	0	35.67705426948788	15.721669615026649	0	3241.6542004671255	581.2789679112254	0	0	0	0	0	0	0	-178604959317327e-20	0
146	4.7671321747275135	4.7671321747275135	4.7671321747275135	0	35.677054269557054	15.721669615040222	0	3241.6542006061886	581.2789679212974	0	0	0	0	0	0	0	-17453001383282824e-22	0
147	4.7671321747275135	4.7671321747275135	4.7671321747275135	0	35.677054269635086	15.721669615055552	0	3241.6542007623034	581.2789679326058	0	0	0	0	0	0	0	-16995601918772876e-22	0
148	4.7671321747275135	4.7671321747275135	4.7671321747275135	0	35.67705426972198	15.721669615072638	0	3241.654200935469	581.2789679451504	0	0	0	0	0	0	0	-16488297538202896e-22	0
149	4.7671321747275135	4.7671321747275135	4.7671321747275135	0	35.677054269817724	15.721669615091479	0	3241.654201125685	581.2789679589313	0	0	0	0	0	0	0	-15931088241572846e-22	0
150	4.7671321747275135	4.7671321747275135	4.7671321747275135	0	35.67705426992234	15.721669615112075	0	3241.6542013329527	581.2789679739484	0	0	0	0	0	0	0	-15323974028882759e-22	0
151	4.7671321747275135	4.7671321747275135	4.7671321747275135	0	35.6770542700358	15.721669615134427	0	3241.6542015572713	581.2789679902017	0	0	0	0	0	0	0	-14666954900132627e-22	0
152	4.7671321747275135	4.7671321747275135	4.7671321747275135	0	35.67705427015813	15.721669615158536	0	3241.6542017986408	581.2789680076914	0	0	0	0	0	0	0	-13960030855322437e-22	0
153	4.7671321747275135	4.7671321747275135	4.7671321747275135	0	35.67705427028932	15.721669615184398	0	3241.6542020570614	581.2789680264173	0	0	0	0	0	0	0	-13203201894452193e-22	0
154	4.7671321747275135	4.7671321747275135	4.7671321747275135	0	35.67705427042936	15.721669615212017	0	3241.6542023325333	581.2789680463795	0	0	0	0	0	0	0	-12396468017521905e-22	0
155	4.7671321747275135	4.7671321747275135	4.7671321747275135	0	35.67705427057826	15.72166961524139	0	3241.654202625056	581.2789680675779	0	0	0	0	0	0	0	-11539829224531567e-22	0
156	4.7671321747275135	4.7671321747275135	4.7671321747275135	0	35.67705427073603	15.721669615272521	0	3241.6542029346297	581.2789680900127	0	0	0	0	0	0	0	-1063328551548118e-21	0
157	4.7671321747275135	4.7671321747275135	4.7671321747275135	0	35.67705427090265	15.721669615305407	0	3241.654203261254	581.2789681136836	0	0	0	0	0	0	0	0	0
158	4.7671321747275135	4.7671321747275135	4.7671321747275135	0	35.67705427107813	15.721669615340048	0	3241.65420360493	581.2789681385908	0	0	0	0	0	0	0	0	0
159	4.7671321747275135	4.7671321747275135	4.7671321747275135	0	35.67705427126247	15.721669615376443	0	3241.654203965657	581.2789681647344	0	0	0	0	0	0	0	0	0
160	4.7671321747275135	4.7671321747275135	4.7671321747275135	0	35.67705427145567	15.721669615414596	0	3241.6542043434347	581.278968192114	0	0	0	0	0	0	0	0	0
161	4.7671321747275135	4.7671321747275135	4.7671321747275135	0	35.677054271657724	15.721669615454502	0	3241.6542047382636	581.2789682207301	0	0	0	0	0	0	0	0	0
162	4.7671321747275135	4.7671321747275135	4.7671321747275135	0	35.67705427186864	15.721669615496166	0	3241.6542051501438	581.2789682505824	0	0	0	0	0	0	0	0	0
163	4.7671321747275135	4.7671321747275135	4.7671321747275135	0	35.67705427208842	15.721669615539584	0	3241.6542055790746	581.2789682816709	0	0	0	0	0	0	0	0	0
164	4.7671321747275135	4.7671321747275135	4.7671321747275135	0	35.67705427231706	15.721669615584759	0	3241.6542060250567	581.2789683139957	0	0	0	0	0	0	0	0	0
165	4.7671321747275135	4.7671321747275135	4.7671321747275135	0	35.67705427248209	15.721669615617529	0	3241.6542063389497	581.2789683367583	0	0	0	0	0	0	0	0	0
166	4.7671321747275135	4.7671321747275135	4.7671321747275135	0	35.6770542725059	15.721669615622705	0	3241.6542063622296	581.278968338479	0	0	0	0	0	0	0	0	0
167	4.7671321747275135	4.7671321747275135	4.7671321747275135	0	35.67705427252909	15.721669615627746	0	3241.6542063849133	581.2789683401556	0	0	0	0	0	0	0	0	0
168	4.7671321747275135	4.7671321747275135	4.7671321747275135	0	35.67705427255168	15.721669615632658	0	3241.654206407001	581.2789683417882	0	0	0	0	0	0	0	0	0
169	4.7671321747275135	4.7671321747275135	4.7671321747275135	0	35.677054272573656	15.721669615637435	0	3241.654206428492	581.2789683433766	0	0	0	0	0	0	0	0	0
170	4.7671321747275135	4.7671321747275135	4.7671321747275135	0	35.67705427259503	15.72166961564208	0	3241.6542064493874	581.278968344921	0	0	0	0	0	0	0	0	0
171	4.7671321747275135	4.7671321747275135	4.7671321747275135	0	35.677054272615784	15.721669615646592	0	3241.654206469686	581.2789683464215	0	0	0	0	0	0	0	0	0
172	4.7671321747275135	4.7671321747275135	4.7671321747275135	0	35.67705427263593	15.72166961565097	0	3241.654206489389	581.2789683478778	0	0	0	0	0	0	0	0	0
173	4.7671321747275135	4.7671321747275135	4.7671321747275135	0	35.67705427265547	15.721669615655218	0	3241.6542065084955	581.2789683492902	0	0	0	0	0	0	0	0	0
174	4.7671321747275135	4.7671321747275135	4.7671321747275135	0	35.6770542726744	15.721669615659332	0	3241.654206527006	581.2789683506584	0	0	0	0	0	0	0	0	0
175	4.7671321747275135	4.7671321747275135	4.7671321747275135	0	35.677054272692715	15.721669615663314	0	3241.6542065449203	581.2789683519825	0	0	0	0	0	0	0	0	0
176	4.7671321747275135	4.7671321747275135	4.7671321747275135	0	35.67705427271042	15.721669615667162	0	3241.6542065622384	581.2789683532626	0	0	0	0	0	0	0	0	0
177	4.7671321747275135	4.7671321747275135	4.7671321747275135	0	35.67705427272752	15.721669615670878	0	3241.654206578961	581.2789683544987	0	0	0	0	0	0	0	0	0
178	4.7671321747275135	4.7671321747275135	4.7671321747275135	0	35.677054272744	15.721669615674463	0	3241.6542065950866	581.2789683556907	0	0	0	0	0	0	0	0	0
179	4.7671321747275135	4.7671321747275135	4.7671321747275135	0	35.67705427275988	15.721669615677914	0	3241.6542066106163	581.2789683568387	0	0	0	0	0	0	0	0	0
180	4.7671321747275135	4.7671321747275135	4.7671321747275135	0	35.677054272775145	15.721669615681233	0	3241.6542066255497	581.2789683579426	0	0	0	0	0	0	0	0	0
181	4.7671321747275135	4.7671321747275135	4.7671321747275135	0	35.6770542727898	15.721669615684418	0	3241.654206639887	581.2789683590024	0	0	0	0	0	0	0	0	0
182	4.7671321747275135	4.7671321747275135	4.7671321747275135	0	35.67705427280385	15.721669615687471	0	3241.654206653628	581.2789683600182	0	0	0	0	0	0	0	0	0
183	4.7671321747275135	4.7671321747275135	4.7671321747275135	0	35.67705427281729	15.721669615690391	0	3241.6542066667735	581.27896836099	0	0	0	0	0	0	0	0	0
184	4.7671321747275135	4.7671321747275135	4.7671321747275135	0	35.67705427283011	15.721669615693179	0	3241.654206679322	581.2789683619177	0	0	0	0	0	0	0	0	0
185	4.7671321747275135	4.7671321747275135	4.7671321747275135	0	35.67705427284233	15.721669615695834	0	3241.654206691275	581.2789683628013	0	0	0	0	0	0	0	0	0
186	4.7671321747275135	4.7671321747275135	4.7671321747275135	0	35.67705427285394	15.721669615698357	0	3241.6542067026317	581.2789683636408	0	0	0	0	0	0	0	0	0
187	4.7671321747275135	4.7671321747275135	4.7671321747275135	0	35.67705427286493	15.721669615700746	0	3241.654206713392	581.2789683644364	0	0	0	0	0	0	0	0	0
188	4.7671321747275135	4.7671321747275135	4.7671321747275135	0	35.67705427287532	15.721669615703004	0	3241.6542067235564	581.2789683651879	0	0	0	0	0	0	0	0	0
189	4.7671321747275135	4.7671321747275135	4.7671321747275135	0	35.677054272885094	15.721669615705128	0	3241.6542067331243	581.2789683658953	0	0	0	0	0	0	0	0	0
190	4.7671321747275135	4.7671321747275135	4.7671321747275135	0	35.67705427289426	15.72166961570712	0	3241.654206742096	581.2789683665586	0	0	0	0	0	0	0	0	0
191	4.7671321747275135	4.7671321747275135	4.7671321747275135	0	35.677054272902815	15.721669615708977	0	3241.654206750472	581.2789683671779	0	0	0	0	0	0	0	0	0
192	4.7671321747275135	4.7671321747275135	4.7671321747275135	0	35.67705427291076	15.721669615710704	0	3241.654206758252	581.2789683677531	0	0	0	0	0	0	0	0	0
193	4.7671321747275135	4.7671321747275135	4.7671321747275135	0	35.6770542729181	15.7216696157123	0	3241.654206765435	581.2789683682844	0	0	0	0	0	0	0	0	0
194	4.7671321747275135	4.7671321747275135	4.7671321747275135	0	35.67705427292482	15.72166961571376	0	3241.6542067720225	581.2789683687715	0	0	0	0	0	0	0	0	0
195	4.7671321747275135	4.7671321747275135	4.7671321747275135	0	35.67705427293094	15.721669615715088	0	3241.6542067780133	581.2789683692146	0	0	0	0	0	0	0	0	0
196	4.7671321747275135	4.7671321747275135	4.7671321747275135	0	35.677054272936445	15.721669615716284	0	3241.6542067834084	581.2789683696136	0	0	0	0	0	0	0	0	0
197	4.7671321747275135	4.7671321747275135	4.7671321747275135	0	35.67705427294134	15.721669615717348	0	3241.6542067882074	581.2789683699687	0	0	0	0	0	0	0	0	0
198	4.7671321747275135	4.7671321747275135	4.7671321747275135	0	35.677054272945625	15.721669615718278	0	3241.6542067924097	581.2789683702795	0	0	0	0	0	0	0	0	0
199	4.7671321747275135	4.7671321747275135	4.7671321747275135	0	35.6770542729493	15.721669615719076	0	3241.6542067960163	581.2789683705464	0	0	0	0	0	0	0	0	0
200	4.7671321747275135	4.7671321747275135	4.7671321747275135	0	35.67705427295237	15.721669615719742	0	3241.6542067990267	581.2789683707692	0	0	0	0	0	0	0	0	0
201	4.7671321747275135	4.7671321747275135	4.7671321747275135	0	35.67705427295482	15.721669615720273	0	3241.654206801441	581.278968370948	0	0	0	0	0	0	0	0	0
202	4.7671321747275135	4.7671321747275135	4.7671321747275135	0	35.67705427295667	15.721669615720675	0	3241.654206803259	581.2789683710827	0	0	0	0	0	0	0	0	0
203	4.7671321747275135	4.7671321747275135	4.7671321747275135	0	35.6770542729579	15.721669615720941	0	3241.6542068044805	581.2789683711733	0	0	0	0	0	0	0	0	0
204	4.7671321747275135	4.7671321747275135	4.7671321747275135	0	35.67705427295853	15.721669615721076	0	3241.6542068051062	581.2789683712199	0	0	0	0	0	0	0	0	0
205	4.7671321747275135	4.7671321747275135	4.7671321747275135	0	35.67705427295854	15.721669615721078	0	3241.654206805136	581.2789683712225	0	0	0	0	0	0	0	0	0
206	4.7671321747275135	4.7671321747275135	4.7671321747275135	0	35.677054272957946	15.721669615720948	0	3241.654206804569	581.2789683711809	0	0	0	0	0	0	0	0	0
207	4.7671321747275135	4.7671321747275135	4.7671321747275135	0	35.677054272956745	15.721669615720684	0	3241.6542068034064	581.2789683710954	0	0	0	0	0	0	0	0	0
208	4.7671321747275135	4.7671321747275135	4.7671321747275135	0	35.677054272954926	15.721669615720288	0	3241.6542068016474	581.2789683709658	0	0	0	0	0	0	0	0	0
209	4.7671321747275135	4.7671321747275135	4.7671321747275135	0	35.6770542729525	15.72166961571976	0	3241.6542067992923	581.2789683707921	0	0	0	0	0	0	0	0	0
210	4.7671321747275135	4.7671321747275135	4.7671321747275135	0	35.67705427294947	15.7216696157191	0	3241.654206796341	581.2789683705744	0	0	0	0	0	0	0	0	0
211	4.7671321747275135	4.7671321747275135	4.7671321747275135	0	35.677054272945824	15.721669615718305	0	3241.654206792794	581.2789683703126	0	0	0	0	0	0	0	0	0
212	4.7671321747275135	4.7671321747275135	4.7671321747275135	0	35.67705427294157	15.721669615717378	0	3241.6542067886503	581.2789683700067	0	0	0	0	0	0	0	0	0
213	4.7671321747275135	4.7671321747275135	4.7671321747275135	0	35.6770542729367	15.72166961571632	0	3241.6542067839105	581.2789683696568	0	0	0	0	0	0	0	0	0
214	4.7671321747275135	4.7671321747275135	4.7671321747275135	0	35.67705427293122	15.721669615715127	0	3241.6542067785745	581.2789683692629	0	0	0	0	0	0	0	0	0
215	4.7671321747275135	4.7671321747275135	4.7671321747275135	0	35.67705427292514	15.721669615713804	0	3241.6542067726423	581.2789683688248	0	0	0	0	0	0	0	0	0
216	4.7671321747275135	4.7671321747275135	4.7671321747275135	0	35.67705427291845	15.721669615712345	0	3241.6542067661144	581.2789683683428	0	0	0	0	0	0	0	0	0
217	4.7671321747275135	4.7671321747275135	4.7671321747275135	0	35.677054272911136	15.721669615710756	0	3241.65420675899	581.2789683678167	0	0	0	0	0	0	0	0	0
218	4.7671321747275135	4.7671321747275135	4.7671321747275135	0	35.67705427290322	15.721669615709034	0	3241.654206751269	581.2789683672465	0	0	0	0	0	0	0	0	0
219	4.7671321747275135	4.7671321747275135	4.7671321747275135	0	35.677054272894694	15.721669615707178	0	3241.6542067429527	581.2789683666323	0	0	0	0	0	0	0	0	0
220	4.7671321747275135	4.7671321747275135	4.7671321747275135	0	35.67705427288556	15.72166961570519	0	3241.6542067340397	581.278968365974	0	0	0	0	0	0	0	0	0
221	4.7671321747275135	4.7671321747275135	4.7671321747275135	0	35.677054272875814	15.721669615703071	0	3241.6542067245305	581.2789683652717	0	0	0	0	0	0	0	0	0
222	4.7671321747275135	4.7671321747275135	4.7671321747275135	0	35.67705427286546	15.721669615700817	0	3241.6542067144255	581.2789683645253	0	0	0	0	0	0	0	0	0
223	4.7671321747275135	4.7671321747275135	4.7671321747275135	0	35.67705427285449	15.721669615698431	0	3241.654206703724	581.2789683637349	0	0	0	0	0	0	0	0	0
224	4.7671321747275135	4.7671321747275135	4.7671321747275135	0	35.677054272842916	15.721669615695914	0	3241.6542066924267	581.2789683629004	0	0	0	0	0	0	0	0	0
225	4.7671321747275135	4.7671321747275135	4.7671321747275135	0	35.67705427283073	15.721669615693262	0	3241.6542066805328	581.2789683620218	0	0	0	0	0	0	0	0	0
226	4.7671321747275135	4.7671321747275135	4.7671321747275135	0	35.677054272817934	15.721669615690478	0	3241.654206668043	581.2789683610993	0	0	0	0	0	0	0	0	0
227	4.7671321747275135	4.7671321747275135	4.7671321747275135	0	35.677054272804526	15.721669615687563	0	3241.654206654957	581.2789683601326	0	0	0	0	0	0	0	0	0
228	4.7671321747275135	4.7671321747275135	4.7671321747275135	0	35.677054272790514	15.721669615684513	0	3241.654206641275	581.2789683591219	0	0	0	0	0	0	0	0	0
229	4.7671321747275135	4.7671321747275135	4.7671321747275135	0	35.677054272775884	15.721669615681332	0	3241.6542066269967	581.2789683580671	0	0	0	0	0	0	0	0	0
230	4.7671321747275135	4.7671321747275135	4.7671321747275135	0	35.67705427276065	15.72166961567802	0	3241.654206612122	581.2789683569683	0	0	0	0	0	0	0	0	0
231	4.7671321747275135	4.7671321747275135	4.7671321747275135	0	35.677054272744805	15.721669615674571	0	3241.6542065966514	581.2789683558254	0	0	0	0	0	0	0	0	0
232	4.7671321747275135	4.7671321747275135	4.7671321747275135	0	35.67705427272969	15.721669615671289	0	3241.6542065820668	581.2789683547471	0	0	0	0	0	0	0	0	0
233	4.7671321747275135	4.7671321747275135	4.7671321747275135	0	35.67705427272372	15.72166961567	0	3241.6542065772946	581.2789683543887	0	0	0	0	0	0	0	0	0
234	4.7671321747275135	4.7671321747275135	4.7671321747275135	0	35.67705427271911	15.721669615669006	0	3241.654206573551	581.2789683541075	0	0	0	0	0	0	0	0	0
235	4.7671321747275135	4.7671321747275135	4.7671321747275135	0	35.67705427271584	15.721669615668304	0	3241.654206570837	581.2789683539035	0	0	0	0	0	0	0	0	0
236	4.7671321747275135	4.7671321747275135	4.7671321747275135	0	35.67705427271393	15.721669615667892	0	3241.654206569151	581.2789683537767	0	0	0	0	0	0	0	0	0
237	4.7671321747275135	4.7671321747275135	4.7671321747275135	0	35.67705427271336	15.721669615667773	0	3241.654206568494	581.278968353727	0	0	0	0	0	0	0	0	0
238	4.7671321747275135	4.7671321747275135	4.7671321747275135	0	35.67705427271415	15.721669615667945	0	3241.654206568866	581.2789683537545	0	0	0	0	0	0	0	0	0
239	4.7671321747275135	4.7671321747275135	4.7671321747275135	0	35.67705427271628	15.72166961566841	0	3241.654206570267	581.2789683538592	0	0	0	0	0	0	0	0	0
240	4.7671321747275135	4.7671321747275135	4.7671321747275135	0	35.67705427271977	15.721669615669168	0	3241.6542065726967	581.2789683540411	0	0	0	0	0	0	0	0	0
